6000
2016
5205
50
783
5878
2681
4798
1075
596
165
3
4649
0
3678
476
3505
2
4745
9
543
2630
5112
20
5237
3822
3528
194
4035
4722
4088
3696
139
4550
1293
14
5321
3654
2305
19
5433
1438
89
21
30
68
1105
24
26
786
39
5426
5023
636
5078
70
3621
8
2745
4882
503
46
5980
49
43
38
4145
5844
4875
2528
73
10
5297
1482
2541
61
51
1314
5777
5926
171
66
3154
102
5647
42
63
224
3450
59
44
11
519
248
3306
4938
87
53
55
80
92
150
5704
4
3166
5966
91
184
96
5506
1233
686
5275
508
413
456
4255
5132
1741
906
731
5140
4954
2708
375
109
761
5232
3486
110
103
1468
3239
1608
58
5756
3117
4024
106
2328
69
93
126
2202
5771
570
124
104
3097
17
5950
31
132
1562
112
149
5575
79
4357
2858
156
2250
4449
2010
147
4136
4281
2964
4547
4092
99
1100
5584
3400
5997
160
4896
164
5421
3072
191
2256
155
3288
907
41
5561
624
4851
154
136
120
1139
2316
5752
1736
207
2910
4308
600
185
98
100
396
5687
586
188
1784
795
2040
162
1012
799
728
3330
84
3683
81
4558
95
5523
152
1169
32
151
4012
217
3046
335
4852
3438
2096
163
292
1001
5368
871
231
3661
192
215
4062
4269
141
3615
209
203
208
5992
5582
837
1788
5933
121
212
4106
182
138
4877
4446
5743
3836
1449
234
175
105
223
177
5395
2296
239
167
4077
258
238
390
4931
1882
123
220
219
222
4873
4006
4381
227
246
1234
5307
101
2101
2696
5031
732
4778
176
5170
4244
2253
1290
4055
128
275
4496
5400
197
270
1684
279
205
299
7
5921
257
159
3200
2055
71
140
5778
4755
620
148
178
269
466
4861
230
245
2538
173
189
5526
4910
181
301
161
5554
1285
2768
4983
129
2489
74
1747
1148
2217
40
2375
307
561
278
4653
1828
3065
204
295
5834
2577
516
323
2662
4924
2332
487
918
5808
113
211
332
1237
3642
4853
4336
4917
566
187
28
2261
125
1015
1418
1329
343
5365
348
3550
300
3087
254
4313
3388
5664
345
1401
393
1175
118
291
342
183
3172
5534
5586
415
2462
237
5770
327
430
993
3858
5899
3150
4970
320
131
1364
5637
145
2735
1236
338
419
1203
5062
380
304
5541
2402
401
288
404
240
4056
722
5335
1764
4241
1006
843
398
373
532
363
5388
427
494
303
2676
422
202
559
3148
226
2392
4211
45
355
4462
452
486
5897
3498
3897
3798
403
216
374
1858
5241
243
3813
253
3602
324
1111
5734
4408
421
5436
443
2989
402
4503
471
467
4216
272
325
488
372
4769
475
2841
4016
1291
344
4097
297
5467
333
473
196
3323
179
4702
1904
5641
108
2321
2346
3573
2056
260
4236
459
340
3946
4672
5292
4536
501
4552
3640
499
3193
458
827
1896
2005
2608
4425
294
4692
1800
3337
2024
733
3130
4422
362
3784
287
1795
420
5917
5184
3367
218
1917
850
4259
816
251
158
5736
482
400
760
3342
341
328
411
5838
388
1821
2206
3673
381
379
35
4569
4922
433
2698
4163
502
408
2410
4527
5596
387
276
469
389
1353
1674
887
554
484
4730
5067
1530
395
1150
5632
4694
5458
1026
4763
5
4218
788
551
514
4442
3648
531
3830
1101
946
5719
748
3393
2362
4662
4854
3950
339
1287
213
5089
780
575
60
312
3896
319
591
563
34
5779
5800
5580
337
529
90
5901
3740
479
2302
512
311
5391
2018
358
201
5908
434
623
2752
369
261
1205
523
562
542
629
370
649
465
2589
3922
3493
85
2345
1044
4023
2932
2445
214
5885
603
1041
5330
3855
4848
5213
244
628
5822
3697
414
455
976
534
3424
490
942
5732
2388
654
2126
4401
504
1355
5076
615
2996
1495
114
485
1260
1483
2868
4797
605
539
626
579
695
2299
528
4057
1452
4567
4706
2601
233
1283
617
444
5000
5803
1332
1565
3084
1531
242
5001
4986
839
2542
268
3840
703
5314
1337
1030
679
5152
5769
1228
619
367
5445
576
657
2800
704
2532
583
710
308
4146
5951
4398
1057
428
4150
142
5705
677
1383
383
1297
412
4385
721
697
656
4305
639
4052
743
589
545
595
3088
714
5680
470
540
2971
1978
691
180
5895
5120
394
762
5869
610
464
3436
397
2656
4121
792
5148
3988
1189
729
4943
574
727
4562
435
772
5882
749
5856
5096
719
734
5520
157
577
5566
831
1876
547
1102
754
779
2817
2460
352
3670
4297
553
492
5002
416
166
5608
5494
4545
65
5593
752
5857
668
384
4348
810
316
423
200
509
256
5855
429
945
992
739
536
5501
481
803
825
5274
755
815
5620
5181
817
805
2082
5932
133
5725
1838
436
845
5686
1426
3945
3746
3843
522
4466
864
4735
648
854
4674
4571
5650
533
4748
855
972
5621
715
607
4364
4786
650
5788
432
1669
386
4723
1900
4298
4690
453
706
807
282
5619
670
3708
2132
1695
1204
3182
2832
905
5346
1129
3900
935
518
892
5738
3432
1932
1397
692
660
860
875
2400
716
4324
2481
198
899
785
5858
5958
713
4658
609
310
5843
770
5265
949
917
2166
1085
744
923
3764
4681
364
3616
857
5854
3470
4855
684
944
904
4792
5978
775
72
2039
593
3720
879
2131
477
5233
826
966
5540
745
957
5347
789
5793
2174
4131
2226
5385
169
3294
1346
997
350
861
4998
496
5622
4533
441
4601
796
1591
988
2821
130
951
15
410
5036
5599
153
3582
1650
2227
5780
546
725
701
229
510
1376
3465
999
5441
1144
3951
1370
604
2112
5187
835
967
5672
4363
5044
882
937
974
4172
599
874
4847
637
865
5344
687
969
3356
172
4894
3318
3757
365
705
2194
378
1055
3463
863
530
602
895
869
1177
2658
5011
4518
891
1007
1038
849
5422
730
537
814
1071
867
4237
738
1018
740
2151
1034
3386
1284
1675
1742
980
1648
5447
3406
1197
2102
4696
526
975
662
1039
366
2845
4668
3077
1036
552
737
3705
828
3632
694
5859
3920
507
1069
801
769
883
986
4188
932
631
1272
683
1982
655
321
4928
2892
460
5348
3769
1029
1084
1035
571
4604
763
2098
5903
4812
5853
315
1099
5410
1697
702
1120
5768
622
1726
5529
18
666
1133
1053
4452
5888
3688
535
1652
1078
742
4491
1014
813
1016
751
834
2765
1806
3930
781
5925
1124
587
693
914
371
5623
2172
1023
2242
5797
4412
4522
846
4655
313
4153
4888
1042
4776
4617
5730
809
3584
621
790
1143
1722
5086
1790
601
824
632
1758
3513
836
3756
4456
5399
119
506
1154
1063
5994
4208
847
1097
1165
2869
4068
4051
1098
1641
866
920
36
1601
285
5409
1095
5617
474
5760
83
618
3266
2091
767
1214
1198
1238
2062
1051
326
1103
669
1024
1109
5827
1073
1127
884
4350
4220
1114
317
1174
1920
4614
2030
1206
1241
3278
979
633
1221
5562
3016
5504
1162
881
2222
4638
193
5830
250
1119
3908
1161
5362
5513
497
642
3974
643
263
1207
252
645
995
646
924
1079
1250
663
5298
1199
4362
5033
1256
3361
4168
5970
658
3767
4258
4753
1191
4249
1182
5238
5478
3981
3066
5293
97
5326
776
3973
753
661
1176
1117
5578
2587
950
664
190
4559
1632
1275
889
1247
1794
5477
598
5511
3152
2709
1263
3785
264
1597
5318
3045
567
1003
2268
5860
3496
676
821
5427
1067
1193
2860
5323
685
5349
281
1225
454
4965
1167
911
4642
1633
930
5479
117
3050
802
5413
989
3462
590
1339
1137
5334
584
568
582
4862
1446
3427
4502
5893
1286
5852
2490
983
1385
5071
888
774
406
1279
5408
4576
1310
5963
3808
1048
3344
3381
797
1315
283
1058
5748
5157
848
1356
2850
700
4396
3831
417
5973
426
1245
3380
3937
3894
3887
2968
5952
4118
1252
859
955
478
1911
5624
718
1122
1219
5476
4489
1091
4911
1155
3338
2938
4645
1425
724
1360
1388
1600
4942
3326
1335
5806
1448
2760
4831
3146
3049
1196
1439
2982
962
746
3238
3316
1140
569
5716
635
5781
1662
1775
4554
1231
1121
5755
1392
4589
3546
741
1457
4285
5310
1181
818
954
1052
1759
5556
2297
597
5706
4968
3741
2278
2231
1253
5533
1080
1366
267
1421
2094
1159
5616
1537
1357
1427
4846
756
4128
1136
1654
1484
3820
1296
5666
4744
3162
4667
1325
1476
3714
1380
1110
1082
16
765
3008
4417
757
5633
1510
1379
823
5115
2712
1223
984
5515
1043
959
4344
647
134
3033
1451
791
665
1442
1528
5931
2864
1893
67
1429
483
3874
520
1259
2130
3298
2464
1473
5378
1255
322
5879
689
1342
1499
1535
1556
1217
3580
3157
2798
4590
736
4147
1424
4093
5394
4447
940
5740
851
3952
1061
1501
956
1557
1282
3861
2688
5875
4368
3629
3022
3312
1497
3760
538
5570
127
1517
1431
5539
3522
806
1269
1211
5414
1545
941
5573
1301
5685
2360
5475
446
3080
2280
5767
680
1469
1164
5657
289
1194
3926
1612
1112
1273
4770
4893
948
717
1033
4715
1621
3013
3866
1771
961
1559
491
5745
773
1623
4996
1415
206
2473
1579
1327
1056
5861
2068
4573
1389
1076
2734
4817
515
4066
3482
4242
3976
3017
4182
1070
5350
4705
611
5222
651
1505
3102
5305
3216
3161
963
1547
1068
4498
1352
5815
1226
1396
4676
711
306
5273
541
3040
1673
4309
1138
1561
1700
1108
4288
1341
480
1584
1594
5851
1586
3525
1371
4688
2014
5005
1628
1607
723
1651
347
1292
1712
5481
4134
4713
1416
4765
5870
3259
991
1692
1462
1611
5638
868
210
1419
5712
3217
1081
830
3490
3452
4404
5920
1220
1691
900
1664
13
271
1520
747
1031
5380
1135
4387
1459
5449
1040
5302
334
1729
3354
1689
2772
5625
1704
1235
3258
886
630
1407
3850
1693
4866
915
1598
2729
1526
1711
594
1671
2110
5813
5590
894
1115
1599
764
1195
1145
5967
2160
557
1086
5675
445
4629
1646
1583
1734
5645
1320
3048
3848
3118
4630
5999
1405
1805
1313
4323
2596
1413
1783
4050
1694
1869
1458
1519
1605
4293
5194
5751
351
1463
1453
1602
1445
2677
1467
1991
667
1687
581
1659
1831
1227
1201
3871
1229
4933
1010
3971
612
4881
1541
5655
1743
1441
1037
4450
1540
4090
442
5615
1616
5824
3712
2731
457
5837
1000
1760
1156
910
1134
1549
1022
3622
1274
5913
4212
1487
521
5817
1860
1465
1344
3251
1507
2553
5474
1183
844
1862
1872
4975
3668
1243
1104
5192
346
1299
5842
4701
1720
1709
585
1835
4628
1464
195
5151
3676
1489
2238
1363
720
4301
359
1064
5434
5905
3402
5068
588
4869
382
1553
1899
3308
2844
4741
1846
1369
787
5789
77
1809
1454
4395
2574
5121
1728
5833
572
1190
5026
1343
1820
1721
1710
1460
1321
3842
1577
1829
1889
1107
1398
1793
1508
1779
232
5985
1748
1634
1832
5431
3750
1436
1477
1803
1394
3273
613
5679
377
4002
2940
2331
4484
5053
1512
2615
1924
990
1049
1575
5406
1703
931
3207
5178
4390
1447
5987
1430
4957
2546
1727
771
1757
277
5220
1533
4813
5782
5135
1324
5137
842
1895
47
1977
146
1005
1146
1358
1563
2963
1578
4033
3902
1785
1391
1995
5482
1855
674
1087
449
1351
671
1980
4698
3754
1925
778
759
4495
3274
1622
135
5366
558
5862
3620
1518
1819
3026
4104
1983
1365
1639
3078
5423
1955
3837
4666
3027
560
5525
1739
3943
1373
4374
829
4982
1970
3328
688
3847
4072
2045
4338
1861
1381
1475
2004
5351
1942
1875
2069
3606
1224
1387
653
4845
4082
1787
1521
2007
3378
2029
1393
5959
2070
3977
186
5226
698
1939
4788
5055
1330
5850
933
3963
4930
1403
2220
1444
2902
3721
5242
1967
489
5196
5910
4275
1309
1411
2052
5517
1817
2409
1979
4781
1699
1891
5454
4995
2006
5642
938
1065
5602
1717
853
1679
1461
1361
4836
4620
82
5369
391
5976
2396
1072
1493
4151
1798
1905
1478
399
290
1277
1417
2143
1437
1735
1614
5648
2836
5320
1853
1077
4632
4985
52
5811
1962
4728
2476
5953
511
4021
4352
2079
2514
3641
5766
1961
5522
3657
4918
2483
929
1242
5374
5557
2125
1867
2530
1643
4202
981
1954
5983
1312
5173
3136
3906
524
5398
4200
3538
5006
1025
2782
1931
4360
2175
1808
5019
3082
3281
1901
1281
1502
2353
832
2084
1504
4585
3592
5457
1334
2013
3094
1113
1322
5473
2061
5051
2203
1744
4226
2192
5064
4508
1637
1791
3126
2176
498
5207
926
872
3484
1249
1624
4081
94
2919
2552
1126
5916
4650
27
3870
2087
3063
451
5024
2043
4677
4166
2059
3214
5891
3796
1815
2472
985
418
1515
2380
4783
2186
1215
5382
1823
199
1629
2086
3222
1827
3660
5614
2199
1581
1019
2258
5989
1716
1627
1529
897
6
4538
5128
3303
1769
5056
2548
5707
2184
1152
5340
1681
678
5930
2111
1937
1640
3786
1750
5245
3090
1402
1919
2303
5538
1160
2221
2157
1859
1523
2626
5576
2746
1812
2050
3939
2748
1555
2189
3601
5924
2183
4008
5387
3018
1170
1987
4611
5416
4405
437
5185
5252
2249
1479
5819
1264
1657
2080
3135
1631
1232
2536
2097
1088
1180
409
2663
2106
5133
2339
2851
1647
2211
1686
5653
3302
2267
3372
1187
5794
1188
5720
4887
1280
1587
1571
4563
2119
1192
2309
5465
928
4833
2598
5254
3852
2225
3832
5091
2984
5182
1993
5723
2008
1200
800
1842
2074
3350
1546
2020
4382
1060
64
5333
2158
1573
2386
4795
1929
1106
5088
5227
1613
1210
1649
1615
2359
3793
4652
3931
1638
4060
2001
5563
2349
1216
960
2383
3624
4513
1625
3060
4282
5684
2233
2358
5030
1222
4626
3108
2241
2000
2374
4222
943
5996
353
5595
2348
2625
293
3035
88
1230
820
2155
1348
2191
1774
4657
2337
3468
1834
3419
1606
3165
4936
1856
2003
2418
996
1879
2435
1240
682
2495
115
4110
2255
1349
3846
1244
1536
5863
1481
1511
2379
3982
3504
3105
2057
5050
549
2219
1440
4971
2840
2147
2092
4907
1778
4633
2429
4774
228
2205
1865
2229
5284
1258
1797
2351
376
2428
2290
2467
1554
5801
1811
1973
4648
2510
1251
2063
3256
1933
1754
4011
2021
2168
314
1871
2365
4314
225
2627
5742
2319
3594
4863
2686
2394
4876
5634
5282
2493
2064
1645
2551
2550
5352
2395
1653
5849
2540
4435
1916
4593
1551
2486
1593
4113
856
3339
2563
3396
1755
2207
4394
1288
908
2264
878
1271
2456
5211
2318
4217
2974
555
1725
1849
1761
1943
2334
2501
2075
3183
1854
5057
1655
2287
2583
5437
2389
5783
2274
2311
1737
953
2570
2559
2295
5299
2411
3460
1568
5083
4858
2430
1745
5272
2026
4528
2122
2310
2432
3441
1789
5285
1672
2366
876
2407
4098
1316
2107
1317
2330
1318
2582
4523
1768
2103
5528
1948
1724
1733
1345
1323
2619
2209
3412
5261
5472
5250
4912
5883
750
5598
247
4342
1773
4464
1570
5627
2254
4380
3978
2556
1171
2224
1945
5218
2529
2291
2246
2373
3556
916
2507
5532
4312
4330
2405
3186
2015
2413
3448
5363
1378
3357
4278
5239
965
1950
2364
4665
4994
3753
174
5981
78
1350
1999
2611
2163
2623
2262
1474
4370
1354
143
3677
4542
2123
1338
2547
987
4133
1300
3877
2886
1450
4272
4751
880
1362
5886
2451
1941
1770
1953
3159
2188
2335
318
3377
2139
2571
1825
5871
862
4109
5428
2715
2439
1372
4704
2289
241
1824
5502
2457
2742
2741
2659
5451
5198
1996
2313
2679
548
2275
2665
3957
2369
1382
1002
3747
922
2215
1303
5663
1158
4413
2404
2743
841
2678
927
2593
3120
2127
5256
2609
580
2036
1857
5007
236
5613
1660
4329
1880
1777
3780
2771
2585
784
1208
2239
495
5765
977
5491
2531
3801
2672
3773
616
1685
1873
5499
3612
4958
1994
2521
1877
1408
2461
5671
2572
1410
4322
3762
5286
3202
2569
3693
2459
2754
2304
5809
274
2893
2789
2624
3724
2387
2504
3825
2978
3804
3276
3395
606
4332
2312
4785
2790
2657
525
4359
2849
1336
2644
2447
5484
4693
3892
5991
1268
5798
2044
3192
4086
1432
1894
5077
699
1434
4568
2727
2719
4185
1492
4803
2638
3453
2116
4923
2759
4114
2347
2631
1153
4625
2198
1799
2032
4660
1966
5964
794
2586
4556
1990
5754
2834
2452
4575
1409
2721
1766
4532
2573
4473
2600
3745
1456
3857
354
2671
852
3565
1486
2861
2707
4161
4316
5841
1125
1947
2700
3445
1715
3781
2412
2744
1009
3073
2730
5359
5280
2762
2801
5155
2870
1399
302
2519
1969
1908
4678
5592
2108
3726
1331
2463
2873
5668
505
4433
958
2485
2726
4180
1567
5876
2420
2515
5558
3985
1094
5583
3262
4806
4814
4966
1428
5038
450
5907
1306
1762
921
2363
4872
4725
578
3355
909
5954
2668
4506
5042
2436
1544
5393
673
4821
2887
5713
1763
5372
2879
2639
4154
2314
2517
3996
2614
3636
3032
4471
2406
1118
2935
2733
1021
2987
1620
5864
2067
3226
2344
1884
573
5717
2145
3768
2393
2777
1423
5325
2071
614
3494
1027
3002
4328
2164
3370
2795
1239
3610
5790
4474
2706
4448
4243
1151
5585
1092
2282
2234
1522
5460
4940
903
1524
2033
2757
2839
4802
2866
873
3928
2918
2506
2843
2195
2390
2595
1538
2259
1532
877
2031
4406
2468
2774
3845
438
2149
3029
2666
2042
2051
1997
4777
5726
3019
447
2523
2970
1974
2792
1543
707
2986
330
5848
2812
2617
1702
2756
2240
1548
5072
3435
468
5188
1307
4291
3068
2277
1028
5821
2141
2487
2073
5424
3270
3516
3009
4891
1780
1558
1714
4333
2162
4594
2564
2981
2474
5353
2576
3059
2480
2115
440
5929
2717
2697
2804
1951
1813
4988
2153
5217
2093
5829
448
4225
2959
3041
4094
2685
4020
2960
822
3071
4520
2905
1261
5471
2687
1184
4736
3652
356
4349
3208
3651
5150
1305
33
2951
2113
2852
1677
5295
3886
3936
3047
3738
2470
2645
5122
2384
625
3954
5696
1898
2794
5708
1707
5695
2837
3112
2807
5651
2049
5581
3122
3178
3934
4205
2518
2799
4460
3098
1412
4807
2975
2847
5094
1847
5880
2674
1863
2408
3023
2488
819
4453
336
870
4256
2023
2823
2505
2343
2820
5628
2862
1455
1619
2816
2926
2616
2423
4470
4100
2317
4303
5678
5836
1059
2159
2009
3010
2216
4566
1946
4646
3076
3128
3194
2924
2251
5919
221
1400
3104
2167
3658
2171
1514
2607
3164
3145
592
3212
2872
5032
5694
5971
2740
2942
2925
2298
708
5397
1480
5085
5784
1963
2185
1435
284
1844
2947
5065
2654
1642
3096
5013
896
3561
1096
2911
3218
4738
2635
3279
2354
3103
782
3119
3156
4138
2320
4683
2035
2691
5248
4375
5960
3526
3184
3749
1202
1656
3134
3327
5322
5048
971
5203
2876
3645
1496
4720
3189
2325
5826
2567
4432
2779
170
5229
2912
2416
2874
5747
3364
1668
3020
3706
2846
5069
255
4515
280
2867
2767
5735
513
1130
4826
5898
2990
4345
2012
2830
2237
1574
1470
3255
2976
5674
3115
4423
3300
2764
4746
1683
5612
2993
3237
4859
2169
1927
3249
3095
1841
1367
3160
3264
1328
4210
659
3315
3138
2453
2257
3275
249
2711
2212
5571
3320
5485
5698
4327
2562
1569
3053
3311
5418
4700
1386
5505
2723
2047
3444
4067
2434
3777
2273
3399
1045
5733
1688
2610
5444
1708
3155
5758
2524
5889
4378
3383
2054
4485
4794
5587
2285
2533
3007
3299
735
4213
3360
2324
4624
3341
361
3052
5900
2271
3228
3362
360
2651
4664
2323
2784
4492
1971
5464
2301
5313
305
3515
2284
1658
793
4027
2265
2307
1289
1731
3409
1732
5008
3036
1897
2322
1868
5979
3081
3141
3420
5403
5288
4932
2315
3455
3284
1740
556
3215
1604
4005
1267
1852
4490
4192
1539
2618
5328
1746
1952
3426
5764
4445
838
3289
3034
1801
1890
3211
4572
1752
3291
2235
1572
3374
1878
3690
2378
1756
3440
4267
3346
3265
3449
3511
1730
5258
2980
2642
3499
5332
2755
2939
1093
3176
1390
4843
3766
5750
2827
4635
3143
3421
5896
2831
3459
3464
1667
2368
1989
4808
2002
2660
3387
5601
273
3519
4500
3295
5968
5442
37
2994
3477
1957
3121
3243
1782
2269
4830
3868
3392
5923
3485
4541
3232
3101
2381
5737
3431
3307
3037
3257
4240
2326
2520
4916
675
3415
3810
1680
5974
2118
3558
4750
3446
4009
5832
3479
3414
2904
5306
2173
3537
3518
3058
5865
2401
3862
2484
3114
1767
3167
4078
2875
1944
5699
2230
1488
4250
3907
808
3483
3331
4537
4358
1810
936
3472
3334
2811
1988
5271
3437
1814
1443
3404
2421
3196
2907
2555
5574
3567
1802
3405
2647
2037
122
5635
3564
3394
5692
3039
564
2749
1589
2937
1116
3352
1074
3456
5278
1090
4476
2927
3488
4149
3292
3205
2931
3132
2602
3639
5210
2201
652
5564
3514
1836
3296
4152
1839
5432
565
4107
3271
5206
3662
3376
3349
2403
4040
3913
550
2213
3700
5847
5942
3532
2955
5993
4984
5941
3566
3397
4246
3083
3173
3571
3552
3487
2293
3577
2433
3263
3478
3593
1781
2475
2228
2786
3480
3548
2179
4790
840
4800
3543
3625
3322
5317
1964
2535
4440
3888
5646
5579
3407
2967
3611
3181
3735
3734
5470
3732
4880
1870
2128
3443
3209
2180
4534
1610
3587
3127
1765
5665
3471
1566
3003
5943
1132
4042
3221
2913
1374
3628
2117
3495
1254
3227
2019
1883
2966
3015
5940
5731
3086
2612
2917
2367
5354
4557
2906
5807
2694
2899
2450
3739
1513
3701
1907
2588
1992
1960
3637
5744
25
1212
3725
4870
1157
3675
1178
3568
2083
2621
3507
2813
4206
5902
3551
3671
1123
3555
3106
5559
3962
4273
768
4177
3844
3679
5872
3699
1047
1910
23
3650
3599
3627
3779
5643
3247
2527
1276
5154
1965
3752
2300
1892
1278
812
3489
5795
3242
2232
5568
1921
3398
3204
1089
1851
4132
3324
2454
3423
1998
3618
4196
3373
4740
5912
3246
5955
758
5629
2915
2943
3235
3074
1173
5047
2479
3826
1128
1935
2581
1936
1490
5435
2148
2703
2399
2949
3124
3234
3220
4981
3916
5118
5944
2591
1270
4326
3329
2929
952
3321
56
2921
3030
4221
1670
5492
638
3418
5700
3583
1248
3794
2144
4561
2252
3824
2692
5939
3310
3763
3839
5175
3695
1913
3224
5230
2972
4482
3290
4703
3674
3665
1682
2945
2177
5456
3817
5289
3711
2890
2376
5531
2549
4290
2121
3348
3206
2204
2133
5605
3901
5146
3417
5691
4950
3085
2633
4129
947
2276
3841
3623
1262
4321
5998
3859
3644
3856
3347
1840
3054
4913
1471
3151
2998
2342
1131
1985
5536
4582
3656
3123
1433
1046
2539
2649
2653
2895
3413
4721
3912
2785
3169
3991
298
3028
2455
4939
1636
3051
3964
3806
3425
3177
2933
2999
3125
5894
1749
4890
3869
3203
3792
5090
3970
2693
5840
3067
57
3560
3649
2509
1796
3853
5440
5183
2558
5928
2954
5611
804
3737
2859
2648
5512
3743
2640
5915
2034
1008
2880
4815
3669
3803
3520
5020
1066
2883
3510
3569
3864
4017
3248
4603
3411
5060
4468
5419
2701
2620
3947
2027
286
2028
5236
3961
2414
3075
107
3727
898
2888
726
3197
644
3884
2713
3375
1179
5453
3585
3175
4564
2038
2682
3909
3332
2114
3542
4951
3918
5945
5164
3795
2725
3225
1295
5739
62
2046
973
3967
2891
4838
885
5041
4656
2636
3277
2629
1377
4420
1368
3319
2511
2702
5448
2826
3603
1185
3942
3653
1213
2129
3956
3553
5938
5589
4992
1915
3880
3828
2308
3823
425
1975
4112
5514
5370
5337
2088
3703
5402
4029
1665
4079
3865
5709
3969
4069
1830
2072
3508
5823
1302
4477
2371
3113
4071
3885
998
3751
3702
5240
86
3535
2856
2724
2352
2081
3968
3694
3240
4000
939
4230
1934
5163
4732
3043
2838
3914
5364
3179
4073
4059
2705
5129
144
3195
4157
4156
5166
4775
2187
1503
3682
4659
3079
4003
2516
5143
2854
2652
3704
3809
75
4504
1676
4615
3044
2885
1420
3681
3476
2525
1690
5791
1914
2763
3371
3297
4636
1723
1909
5721
3014
2643
4119
4058
3454
2357
1772
5296
4860
4054
4392
4909
3983
3941
3876
3882
1560
4105
5186
3391
2355
5510
1550
2279
1414
3959
3359
4070
3979
2124
4772
3188
3244
5425
3544
2431
2936
2833
1866
5263
1903
5866
4115
5763
4139
3293
3190
5701
3524
2134
2248
2543
777
1906
3986
2137
4189
4184
3992
3958
4340
2140
1294
4031
2903
2142
4286
5377
296
5548
1968
3403
4130
2146
2881
5547
3775
3597
2865
3811
3433
5909
3457
5682
3827
2152
3716
5246
833
2154
4262
5649
2135
2156
3729
3223
5714
3229
3891
4175
4372
3351
5690
2161
4270
2780
1163
4441
2753
2442
1340
3987
1422
3545
4028
3038
265
4076
1938
5215
2853
4007
3736
3158
1308
2923
5162
3267
517
1404
3630
4232
5946
3731
4276
4193
3723
2178
1718
4141
500
5846
681
2181
4170
4296
1984
4341
3382
3687
902
5319
4171
4346
2449
4125
1498
4251
2444
5597
3301
2503
1751
3287
3802
5877
4974
2193
4946
4143
1701
3659
3890
2058
5108
2197
472
5937
4186
4289
3286
5469
2022
4036
640
1172
5594
3559
4842
3919
2806
2065
3358
5193
3929
3863
3619
2208
1246
4159
3748
5729
431
3011
5066
3390
3960
5396
4041
4274
3728
4351
1032
4165
4064
3447
4148
4037
811
5107
3596
5109
4178
4300
4199
2441
5904
5965
2025
2669
3966
3709
641
4266
4373
3149
1004
3442
2775
4279
4760
5724
3898
5658
1257
4179
5034
3838
1635
4976
5392
4347
5290
3213
3778
4618
407
4144
2985
3199
2329
4004
3497
4353
2690
3878
4315
2991
3717
2244
5802
3368
4048
3744
309
2247
4376
3805
1663
4229
3314
4444
1500
3250
3761
3833
2803
3219
3005
2664
4458
5977
3129
1218
4481
2815
1986
3363
1590
3389
893
3787
493
5195
4900
3576
3770
5136
3881
4019
3742
4819
5656
2266
3904
4013
116
3429
4782
3631
3666
5545
1509
3439
4022
5500
2218
3410
54
3851
5516
2761
858
4454
1265
3586
4472
3401
3588
3647
4049
4749
2534
2085
3925
4173
4455
5025
2580
3655
3917
5884
1588
2286
5630
5677
5106
5577
3614
3434
5110
4517
4516
3261
3667
2292
3233
2737
3873
2294
1525
2983
3187
5961
2675
5463
2829
4135
4898
4264
4120
3834
5640
2667
5180
4045
2438
4319
5260
4369
2977
5814
1976
4265
3549
1527
3590
4126
2465
5757
1818
4223
4529
2499
1472
1923
3304
4687
634
2997
4680
4245
1298
4302
4034
3379
1626
5718
1011
4607
4087
4684
137
4514
2969
4443
5168
4953
4530
3719
3635
1141
2584
3579
3989
4761
3057
4602
5816
5191
3001
4101
439
3589
2680
1347
2512
5381
462
4379
4400
3430
392
4483
934
4367
1166
2338
5670
5835
48
2340
4535
1149
4577
3975
2819
5947
4167
4354
5266
5029
2165
2857
5660
4108
2683
4233
4190
4499
3254
2350
2385
3269
1506
4162
5702
5487
4431
2603
4437
4122
5138
2356
3771
3536
4271
4043
4355
3539
1661
5270
2100
5503
5276
3613
1949
4095
2138
3783
4670
4718
3530
3944
4371
4365
2105
2471
4061
5551
5892
2370
5936
4945
2773
4641
3107
4960
1582
1807
3557
3563
4510
3633
5610
2377
3849
4574
3772
4521
3686
2327
2650
3572
4299
2382
4085
2628
1485
3815
5508
5689
4600
4553
3819
4260
463
2791
3185
4203
3829
5544
3025
2391
5420
4897
1753
3932
919
2948
3099
4639
925
3492
2979
3475
3972
2398
4548
5995
1054
4310
3201
913
2882
5956
3517
3605
4026
3335
4793
5636
2802
3004
4634
2017
4531
5153
4613
2419
2270
1494
4252
5918
1930
4317
4964
3147
4619
4773
3541
4227
3899
3333
3867
4679
2078
4673
5786
3024
4428
5209
385
3540
4198
2422
627
3231
5812
4195
4902
5887
712
4637
970
2427
1618
5070
3384
2809
968
3093
3241
5080
4318
4699
5922
4127
3245
3408
3722
4320
2747
4478
4560
2437
1395
4606
4605
5401
4418
2440
4030
4828
2930
4467
3818
2443
3458
3422
4488
2477
4731
2446
3915
5073
331
2491
4424
4757
4343
5741
4388
3948
3923
2898
4591
3680
2655
5176
5336
3990
2554
3691
4789
5881
4469
2458
1887
4304
4356
4475
3340
3692
3949
3283
3994
4883
3285
3807
544
4383
1738
2466
4865
5986
1874
4675
3142
4809
4978
3529
901
5450
4622
4307
4758
4411
3730
1885
2871
3893
2670
5253
1981
4837
4403
2478
3305
4835
4682
4871
2260
4640
1603
2482
5160
5873
2714
4248
3313
2190
4599
4511
3062
3109
2494
3153
4818
5927
4228
2223
4083
4207
29
2492
424
3521
3325
5818
4829
5867
3533
4074
4434
4555
368
5673
4366
4099
1666
2500
266
4169
3984
2502
1959
2090
1705
2120
4889
5805
4201
4921
4810
4597
2288
4824
3345
4015
3534
4990
4686
3139
4421
2283
3198
5327
4973
4972
2281
5667
1142
4194
4610
4584
5984
4001
2897
4409
3133
4623
5600
4857
798
5552
4899
4416
3365
4140
2863
4209
3998
2526
4989
3791
3889
2513
4091
3191
3509
3595
912
3797
3646
4767
4306
4834
1617
4393
4752
5214
2214
4283
4465
5828
1630
4925
3385
4501
3343
5497
2778
5251
3500
4583
1083
4663
2336
2544
5948
2545
5015
5014
2814
5043
1698
2425
2076
5543
2736
5845
5988
4047
2041
4643
4254
5027
1576
2522
5202
3608
5104
5103
5102
5101
5100
5099
5098
5097
1706
2560
3336
5591
4999
5081
3607
4647
3012
2787
4397
5604
4784
2566
3000
5028
2263
2568
4631
4111
12
4284
5003
3879
5468
5127
1972
5125
3685
5123
1804
4415
2306
3503
4123
5935
5012
2578
4311
4944
5082
5304
4277
3575
1466
4919
4224
4759
3056
4295
111
5839
3933
4257
5117
4407
4116
3451
1580
4927
1534
2590
2372
3955
4926
2592
1311
5142
5141
4414
5016
2095
3461
2469
3116
2599
3253
4717
4844
4399
4457
3875
3562
4908
4046
4540
3663
4711
2810
2958
4886
2605
3236
2606
4063
2333
5075
4695
3069
5703
1719
4906
3481
4419
5074
5662
1375
2613
4979
4183
3527
4780
2104
3230
3260
5373
3935
3491
2417
5035
3905
4053
4962
4787
4849
2622
5087
4621
4158
4934
1326
4427
1826
5572
4779
2796
349
5018
4334
4733
4389
4384
3600
4117
4874
2632
3604
5179
1837
5530
5061
2751
2594
4661
2109
2637
4598
3110
3854
5267
2236
4331
4436
3664
3170
5518
1384
4263
2805
4231
3710
4691
259
2646
5688
3309
2415
5972
4820
4239
2673
4762
4716
4963
4651
3031
2953
3980
5139
5093
2824
5749
5114
1359
1062
5831
4089
4426
4544
5167
4512
3547
168
5361
5111
2855
4565
4608
3369
4509
5746
2361
2973
5079
4294
5113
4612
2537
2944
5228
5144
4586
4796
4937
3940
5681
4402
4010
4580
4493
2136
4747
4080
3800
4164
5383
1776
5092
4480
4287
3997
2661
1902
5906
4726
4811
3707
4025
766
5810
890
4827
3581
4878
5796
5231
5224
2641
1792
4155
696
5969
1822
5149
4743
3910
4952
3591
4546
4234
5219
2695
3171
5058
5212
5040
3812
1542
5294
2699
4102
4391
4038
3168
4438
5982
527
5223
3638
2704
2196
5247
4032
4525
5204
2916
1406
5339
3042
4335
4822
2710
2957
4519
4339
2835
2210
4247
2066
5553
235
5095
3064
2716
5234
3467
5257
2718
5105
5407
3111
5130
3174
2901
1147
2722
4689
4539
2397
3774
4737
1585
4955
2961
3272
4903
3531
2728
3501
5792
2914
4884
5084
5375
4734
3643
4685
4671
3814
2200
3733
5825
2776
5116
4724
4587
690
2738
262
2739
5342
3268
1886
5405
5488
1696
5300
3428
1918
4879
5201
3903
3574
4261
3924
5542
2497
4892
4337
4839
2272
2750
1833
5331
4956
3006
76
5483
1491
5376
5009
3570
2934
5063
4947
3993
1516
4627
3523
5174
5177
4768
1644
4551
5017
5052
5430
5429
4616
4739
2889
5126
2579
2766
3689
4543
4948
5990
5190
2769
1928
2770
4579
5291
4592
5309
4987
3758
4832
3634
5459
3317
4581
4799
3474
5357
329
4075
5022
4935
4756
5949
357
2781
4451
5197
4980
5390
2561
4103
5652
4969
4486
3715
2634
4181
5147
4430
5004
4959
2793
2565
4850
4187
4885
4654
2848
5775
5345
2060
2788
5046
5235
5171
4644
2797
3280
5546
3816
4479
4176
5644
3512
4669
5820
1209
5417
5773
5371
4325
4429
2011
2245
4410
1595
5225
5480
2808
3502
4214
2496
5208
1958
4920
4124
4461
2922
4710
3782
5524
4549
2575
4191
3755
4507
2732
5934
2818
4174
5384
3835
5145
5156
5311
1845
2822
3698
4235
3765
5379
1186
4709
3713
5308
4044
4039
3021
4714
4137
5509
1564
4609
4823
4719
4816
3282
1888
4459
2424
5588
3718
4253
5618
2498
4993
4377
5249
4596
3070
4915
5262
5312
3091
4801
3789
5776
5555
5045
4941
3578
1881
4268
2604
5315
3416
3061
4526
5279
4386
3799
672
3131
5134
4791
5010
4754
4588
4280
4497
2182
5255
4895
2878
2243
5386
5715
1333
1609
4901
5199
709
5521
5244
5507
5037
5772
2053
5787
5054
3684
964
2828
3821
2170
3672
4867
405
1786
1912
5165
3872
5654
1017
5455
4595
5439
5356
5683
4856
4708
4505
3598
5301
3353
5404
5890
4160
4439
5693
5567
5343
5159
5021
3965
2508
4804
5626
4840
1922
2884
994
3366
5316
5221
5609
1713
2842
4065
3100
5269
1926
5172
978
4096
2689
5389
2048
5631
4961
4712
3911
5868
5355
2896
1816
5243
4084
4905
5049
5161
461
2900
3137
5443
5606
5169
3180
5367
2825
5804
2684
4977
1864
5490
5799
4361
1552
2908
5565
5975
2426
5537
1940
5277
5358
5569
4578
3759
5493
2894
4997
5303
982
5415
5462
4463
4197
5341
5711
5710
5486
2920
5268
3895
1168
2557
5549
4729
5131
5264
1050
5659
5259
4825
2341
5489
5124
2928
5669
4764
1013
5461
5329
5283
5519
5446
3995
4805
5527
5603
1956
4215
1850
4018
5676
3163
5914
5753
1
5039
2988
5535
3921
2941
4707
4904
4204
5119
5498
3609
2877
3927
5560
2946
3092
5158
2089
4914
3469
5722
5338
2950
1592
5411
3252
2952
5727
5911
5452
2150
2099
4219
4697
2956
4570
4929
1020
4841
3617
5697
3055
5874
4238
3144
3554
2962
22
4991
5785
5639
3953
2965
3140
5761
5324
1266
3626
2720
3860
4949
3938
1848
2783
5200
4494
5360
5962
2758
3506
5774
4868
4727
1319
5495
4142
3473
5438
2909
608
5661
2597
1596
1304
5466
4771
3883
4742
5607
2448
4967
3466
3210
5189
3089
5496
5957
2077
5550
3788
5059
4014
5281
4292
4487
1678
2992
4864
5728
5762
5759
5287
2995
1843
5216
5412
4524
4766
3776
3790
3999
