18000
1957
2698
13451
244
93
16030
63
3556
29
5
7755
98
16993
1914
3287
1108
7273
5396
99
106
11
10
2991
2084
2085
12
5267
36
9153
9908
22
15
3053
54
13722
26
6385
72
16379
9468
1633
11558
9691
3774
15842
496
327
548
34
82
5843
14052
14362
37
2895
51
15605
520
1579
15176
44
13
59
31
961
602
14958
1060
16196
6678
3711
302
35
594
15041
4516
537
428
12526
4672
75
442
24
17414
12733
3432
16403
9388
109
266
15010
400
68
5614
15172
90
47
15708
17483
15858
16066
16316
10567
95
1157
97
17
15090
4269
21
15767
104
14968
107
9097
25
17536
13000
17839
116
2713
91
14531
32
84
119
13200
4728
17834
10282
50
53
11121
55
15071
7086
10345
2132
17644
396
1073
17356
71
12074
79
131
13955
1086
969
74
13237
126
1361
7234
17745
13610
128
202
17934
2130
139
117
9243
81
1133
133
735
159
649
11242
161
94
201
14154
164
9730
16466
17550
12459
167
4257
14676
60
7956
147
8056
175
8590
160
151
2647
836
15180
4734
11777
33
913
145
14079
3282
9413
240
78
169
173
3516
17015
1912
162
1682
11520
1006
16520
8784
134
7220
125
3000
2699
114
2001
11900
16243
209
215
112
101
12536
9769
1008
13907
4168
7453
17868
187
4162
108
3256
2359
233
92
166
17313
2124
48
7856
212
199
10289
702
3507
1508
230
1704
211
300
20
6296
16329
4936
245
2662
15471
16346
16588
11352
803
83
16377
16606
105
186
701
14644
1027
217
27
6952
16527
272
633
16546
2587
10912
144
2692
15801
15788
12589
7108
204
11650
8937
197
543
13666
291
15168
17844
269
6745
181
695
243
16725
878
213
241
10889
281
9231
4640
10686
8580
311
157
457
15550
17415
1968
15953
121
595
10026
16405
208
15551
163
17829
15548
69
9772
17597
15744
307
314
10006
292
14339
16050
189
11462
1551
306
274
15552
6075
100
143
1662
17575
319
1341
17684
10836
123
15752
178
17563
1820
15021
546
611
13584
153
303
5415
183
749
14730
270
8456
13336
11064
17775
672
337
10180
17355
3858
2537
15546
16453
3494
344
2062
242
8500
184
17978
15727
232
341
381
315
7840
17617
1096
16436
1530
11856
6212
13285
11952
386
325
13575
890
140
368
273
970
4021
15554
13681
2418
11402
360
16819
14236
16126
407
15545
1854
174
1232
795
2020
142
1330
13975
383
1
9354
3995
413
52
395
10519
3006
9173
16962
11085
409
355
399
15831
3102
16170
299
403
5400
301
226
3327
365
10332
203
7979
9342
10068
9116
15555
231
12800
17106
2371
2612
12369
2926
15995
10578
323
15544
14395
7372
9221
308
17997
467
4237
2280
2291
333
2881
1712
40
718
9314
342
771
842
801
15924
4727
6610
5737
12782
15214
1600
346
1996
239
6414
12241
129
5147
379
17521
8012
12720
439
353
252
16680
9746
406
16972
4799
503
28
15556
9595
6804
7973
13692
390
491
769
509
512
5902
17458
2654
16375
5746
15698
3592
819
449
14973
2556
17891
49
364
10976
180
410
2189
380
3871
926
527
276
1283
4230
601
515
429
642
207
17416
15675
13484
9786
838
815
138
2349
12428
431
259
1253
552
7047
485
4
16162
15629
5698
16513
6260
15687
11014
559
15328
437
13102
351
471
15557
6516
3421
583
16801
265
17792
4120
16407
345
313
38
200
452
494
15542
6583
1170
13057
426
14401
329
15453
427
15606
6156
5125
3560
11929
4032
12217
13542
11557
17354
1501
6168
1931
470
7329
17726
1327
2908
529
3394
12001
632
624
5716
17147
511
587
1556
7395
4074
15296
328
12777
3170
538
3288
9395
1002
616
6854
5767
631
6881
3720
11979
640
263
4386
14663
8764
569
5666
550
483
17849
15558
16231
13448
295
954
539
6486
11320
7430
316
635
7085
118
436
8664
13833
730
17287
16660
17913
620
268
518
4961
10174
16497
8138
6441
565
275
621
6501
10256
5575
9036
619
507
9763
683
137
459
15247
6732
696
12744
359
2760
15120
693
17824
671
2917
651
17882
2614
637
604
16488
719
17197
182
14355
607
262
6316
4007
367
14301
8326
979
462
16830
1218
629
15374
1813
6958
1571
373
330
374
425
356
568
12184
2011
638
614
298
17504
634
130
540
11931
1834
713
733
10555
8102
5349
11770
2243
411
460
743
14655
387
9146
15540
16534
17250
9561
765
16787
465
514
15302
677
13866
7709
394
402
656
3145
4594
13355
304
17077
3650
6039
5380
584
135
791
7754
1257
389
15647
706
15853
8218
712
532
17417
9654
15223
9092
6237
9472
3899
412
500
547
808
16294
17312
767
573
11300
445
3796
279
11218
590
15662
2467
721
16373
761
12919
818
15493
10248
473
794
688
422
667
591
7109
764
13950
755
305
10120
10103
613
8233
17930
741
829
807
474
11427
647
2673
432
4427
2916
10309
2210
17803
4786
15242
16770
636
15290
17353
6360
15539
8382
524
1118
441
17484
287
15888
11623
11838
1969
622
14467
3222
13873
13400
715
825
10258
3336
650
674
4557
10186
16593
416
13608
5630
16285
13182
16409
839
10231
16178
736
8832
16728
455
2577
866
14899
774
14237
11046
17661
4334
5301
1606
506
6300
370
5822
312
783
623
7542
15736
13298
580
849
17739
929
10573
627
3927
1074
916
384
17091
923
14089
861
326
726
12558
679
669
4416
11072
446
278
799
687
12042
17057
528
722
6948
16063
535
11714
4726
338
10050
5757
9994
17900
911
67
521
177
23
827
810
1711
2204
4761
3390
12555
4588
850
15538
11703
447
986
881
397
7652
896
498
13919
891
285
685
466
15760
15273
150
16747
935
11134
904
8027
4290
3333
996
898
8352
493
12048
354
900
2125
948
909
12138
778
707
12505
513
17669
784
2623
773
14790
3760
1451
6426
914
691
12379
6460
834
385
297
16924
714
5152
348
5832
6729
14036
2035
525
779
9834
13668
15470
16558
963
352
10080
3177
3638
111
4254
14753
510
7827
11472
16269
371
15941
17418
517
536
895
806
16013
958
11439
4736
886
4948
12581
7834
1014
17138
9
1932
16344
1176
10005
1039
310
617
16255
2862
1201
658
16627
840
16760
4132
653
14114
585
983
10246
553
7
4346
15537
919
13037
1097
999
1031
1053
3190
17459
11496
1061
256
46
7846
6653
562
832
14908
13729
864
17982
7158
15321
566
332
1105
14633
17352
11529
6206
7053
575
746
9424
2617
763
593
1110
792
1111
13101
971
16677
10588
824
2782
800
6228
13759
665
644
14458
4083
1124
17221
13522
15257
903
11034
4016
4915
398
3653
7186
16371
14152
13797
2002
11729
2302
3517
787
15607
10260
1757
592
16915
875
869
1138
793
12148
415
804
955
2872
1182
176
19
1880
728
1246
7715
1564
964
16952
13783
15160
1022
6052
12177
10640
1025
1003
16646
1087
7225
6776
12006
2970
9497
11556
12735
1052
874
612
1691
855
17854
16438
152
1211
15113
6906
14130
10520
4573
1038
16143
10222
1054
15536
1235
11130
2321
889
17781
9838
16020
2800
1196
1067
1160
626
16411
941
1081
4012
700
12722
1080
630
13895
1231
1154
14276
3075
8836
845
1015
14671
12610
1101
7084
12533
7998
13980
1175
2919
879
1161
659
479
1514
350
12670
2495
11260
654
1089
639
1215
9236
646
15237
1151
1252
1198
17819
974
12657
6960
4111
977
1229
454
1275
980
991
12792
13547
2538
17653
1187
16845
921
877
1113
16129
1281
61
1300
17537
661
541
1223
1148
663
12434
1139
17706
998
1115
6054
13487
1001
2301
1004
17419
1119
14825
670
14827
12240
882
296
1285
6978
10794
6050
648
1386
1263
15564
8595
1242
1641
972
4919
2182
261
15392
542
1083
11153
2532
16006
1226
13264
1258
435
586
179
14744
699
15630
1325
4398
1350
944
1200
1173
16506
945
13836
11016
1195
1205
14829
8112
16327
5582
596
4474
1177
1346
1127
968
13321
1243
989
10348
11986
1376
1677
1321
17351
1279
9613
939
12753
1155
15492
1352
17311
7280
9502
14566
17699
709
1203
7528
56
6604
15402
8736
190
14322
1319
10698
13991
4990
960
16982
1408
1385
16097
1135
1166
6372
193
823
686
933
2097
13068
120
723
15969
12346
4147
5552
610
6834
1384
11452
1409
1435
3259
828
13445
10762
14383
10728
1171
732
488
1292
16314
12516
17587
1103
1194
912
11142
1106
1024
17286
16479
1294
1130
5042
495
1112
1937
11412
797
13238
1202
1191
3155
3160
149
11624
17551
747
997
1137
475
1454
1362
2022
15565
8284
1375
12036
16780
5290
9869
1207
675
13566
9828
1434
17873
987
1136
7940
16455
1359
2261
760
15837
16100
1425
1427
1017
1512
833
1406
249
110
2357
15534
320
1415
8377
1085
1120
1484
1423
4616
405
14524
1472
16468
662
6116
16369
14716
401
3838
4725
2264
12133
14476
235
757
146
10022
1126
1878
13683
1379
975
1043
11313
1371
1045
3840
80
785
10918
6676
1529
1181
1109
1322
4059
789
17032
3810
366
17636
16933
727
15452
414
43
1271
10707
14890
1538
885
10435
17522
1035
5520
17627
15192
7665
3908
16731
8244
1390
1313
15007
6176
1511
6946
908
1339
14833
17420
5911
6462
1506
6478
9249
1539
17713
85
1256
1507
15937
10426
724
5676
12605
392
17677
1525
1419
816
1289
1367
16413
1559
16635
17038
1093
76
1240
5474
502
1617
1317
1544
14434
10052
1396
2968
3557
826
16047
14762
6361
5440
12329
1302
1358
15566
238
12388
1478
551
450
1387
11334
5998
1646
1462
6093
12054
3267
1228
17926
1026
15709
16088
5481
1594
11405
17350
4737
1156
625
1589
16889
2082
9813
12370
873
8824
16103
1183
375
12620
16611
867
1619
8146
5407
1608
7285
13606
1505
1280
357
9046
17505
122
17460
856
1469
1286
1310
3396
14699
1504
282
6056
1437
1467
1264
9148
1412
16276
1676
4698
2483
2032
1204
917
2047
1431
1543
1721
1627
1391
481
13216
17608
5874
609
7562
1453
1690
4769
1147
172
1605
57
9204
1334
1316
1254
15848
453
3490
16598
880
11170
1703
1168
1548
10655
1403
2049
9936
4803
1497
14817
339
1649
1709
1438
1622
17564
16248
2313
8520
15648
1114
15262
1597
5131
641
13432
894
14835
1651
1443
10724
1781
1395
598
4638
770
1745
1079
7012
1607
7954
13056
358
1728
1167
1430
1009
952
10736
776
906
1209
1645
15676
1716
10899
2586
606
17026
1749
1463
3841
1473
2507
2766
1520
2816
15567
915
1221
1287
572
1767
8097
3618
14444
1816
876
9842
6235
1315
17121
14788
16657
1803
545
10168
809
925
1743
6644
421
927
15893
225
15469
1456
5061
6520
14015
5530
13945
17576
1274
1792
17249
1699
1534
1819
334
3946
2411
10846
603
6770
1064
1237
959
940
16027
14864
17692
3676
1664
1791
2409
13028
12153
2910
10097
484
3103
8806
17421
1021
1868
1324
4885
1267
16947
9184
1244
1887
246
1483
703
1266
1723
6718
10242
6134
15156
957
16060
12888
729
7640
1095
1432
9131
15814
1770
12836
15775
3378
17234
1576
6123
965
11781
966
1214
5410
1702
7796
1107
1874
704
1903
1747
1727
1555
5272
1329
1460
937
16342
11047
1823
13637
976
1563
15688
196
978
16553
12450
2437
1307
3691
981
1178
982
16186
1895
17349
984
10541
1872
376
5534
1374
1804
15232
1701
17859
1889
1560
990
14348
14604
835
1787
530
1916
14429
994
14815
17986
1843
12874
15491
501
497
1331
17733
1783
10070
1000
12033
1335
1488
847
14505
1983
9781
15568
148
4062
17310
16906
15820
1871
13641
1023
17909
1809
1248
17598
14943
1655
15080
8130
1192
9476
234
777
782
1523
865
16826
924
14610
1788
1919
1487
1801
2365
1545
1985
1897
1768
9230
15531
1604
1158
5590
1464
1592
4921
1342
16415
1117
1869
6962
1131
2037
12845
2106
5031
13184
561
1032
8267
14340
17814
1862
9187
1553
2060
4882
744
10786
2014
1879
1979
4912
14113
1667
1377
5314
10722
3822
16815
2840
2081
1065
1580
1527
1885
1928
5863
1833
16841
901
221
1959
13020
1708
1516
11878
10081
1988
5307
1892
12509
2039
15973
11896
156
2634
5195
1057
1222
8840
15999
2490
11477
1372
1378
2051
5557
6802
13643
1615
11734
6988
155
1741
710
1066
853
2045
6585
1068
2090
1925
1853
2021
14413
9928
14493
8392
2731
2192
2289
1658
1718
1613
347
2078
949
382
1225
10776
922
15728
1635
2388
1397
1503
478
8156
5263
786
2849
1929
9940
5120
953
1044
2000
11146
5593
5240
9019
492
15808
1090
15631
15314
2089
5722
2153
17422
1810
14068
7911
1827
1735
5464
1238
2087
12570
2113
17645
2056
1614
4010
934
10684
9612
516
16987
2111
2161
11322
737
3922
271
16214
14613
1939
1698
9628
16209
2071
936
10972
12011
3234
1669
15218
12057
14088
8069
4372
1260
2063
1420
12198
1340
2157
822
15530
2076
1719
1493
2123
950
17618
14277
17196
13631
8620
1522
17798
6691
2836
14813
6504
335
10306
10158
863
942
3426
3853
17348
1642
9556
1479
10192
15106
11018
13081
255
17063
8536
13381
2444
17185
286
17285
2141
14839
2366
2
2466
14261
13764
1370
618
1129
2998
17720
812
8523
3458
7321
2524
1886
2730
267
1795
12019
2386
16132
564
589
8554
10593
1152
12347
7432
2190
6386
1881
1392
1455
1169
17461
3122
10461
1951
15719
1739
5053
11956
1908
1742
973
1162
1585
2249
14509
13552
15933
1748
12070
10634
1400
1241
5285
2136
1734
14598
557
1500
11807
11974
2277
1954
3307
1675
15609
1174
14931
10556
1620
4854
6203
846
4197
4226
14059
1179
2265
1180
17758
1575
2304
12600
2259
1960
16734
13442
2115
1185
15753
8880
2943
1970
1428
4350
15209
2209
837
1190
11911
1489
1265
2026
1890
2354
1678
1433
9743
9112
11841
9864
17787
12486
2311
15570
66
3686
1567
1724
1754
1104
16365
13286
13351
4420
4469
443
1394
1799
1269
2328
1924
9328
3505
1351
766
2199
13316
6046
3631
13360
2327
13852
1343
2007
463
2309
2015
2175
13985
2131
486
1829
5541
1695
16219
7902
655
2185
11685
7474
2252
3202
4087
10888
13629
2351
2222
7672
5497
17764
2294
6448
6473
2347
5619
12530
1581
1230
1814
2143
4333
12170
1051
1233
1417
2279
2117
2303
9537
11554
2144
2077
1610
17486
13377
2135
16165
3198
2446
288
2052
15096
17423
17220
9001
16490
2109
11652
2424
9220
2410
14616
1172
11208
11981
2492
1762
4118
14463
739
2170
2147
13741
15412
16417
7752
13927
1883
2429
1777
15373
192
1121
1401
1373
2339
1661
13780
1247
6790
6333
1683
6855
1839
2247
2184
10933
2119
3213
1628
17887
1291
17538
1268
16893
4896
1805
188
12360
9804
14901
8662
2072
17752
11589
4922
802
2195
1977
2005
7555
1987
928
9402
16325
1759
17146
2323
17347
1922
1766
430
1750
2139
2547
1541
15451
2093
2489
9884
16173
2095
731
1288
476
2387
9693
9700
14735
2431
2114
2568
15490
1293
16292
2219
13036
3290
362
5074
2447
2397
10705
1550
14679
73
1733
1405
8883
11804
10617
2235
15571
1955
1449
5672
11587
16146
870
1681
361
17922
1197
5068
17309
1382
424
2376
9627
1311
2516
1950
5947
2408
318
9448
751
2122
4585
1755
13203
2253
1547
5322
1623
14666
11593
3916
1424
2425
1561
6080
10755
1323
2285
15528
16773
12440
1894
6262
884
8080
6037
17050
15789
1994
1773
3322
16671
4514
3613
5766
2513
5922
11586
2655
17506
15468
2512
1336
1069
2006
988
1439
16079
2290
2297
2042
377
6760
1941
2448
1063
2477
1471
3168
17523
4402
13141
2571
14751
17896
1084
1845
0
6086
11788
2169
14786
5056
11466
2606
17155
1353
15334
2167
2229
16112
12417
1356
2551
423
9970
5708
2146
3058
17105
859
264
3764
14028
2493
2476
2669
17685
2519
2221
1975
1142
1366
2871
2393
1980
2545
16643
9712
7965
2004
14866
8874
11585
8508
1926
2423
1418
872
1964
6396
14472
2651
3835
2066
1837
2560
5119
4538
9042
11626
13685
1033
11518
7658
8935
2812
15649
11698
2244
2672
1786
2754
13751
247
2487
2458
2620
2439
2162
1224
15015
2319
576
15802
13217
1393
9544
15152
16515
1457
15737
17424
11595
2096
2841
3136
12119
2449
1163
2334
2582
11080
4613
2892
10071
2753
2702
16942
12851
2344
2594
11854
15123
2559
10460
2664
309
17552
17770
5500
15327
1942
7797
15572
3843
12460
2432
2697
9427
2687
1524
2742
16283
9846
1125
2661
16603
2709
13137
1554
2561
9964
8737
1422
16340
2758
10764
1927
2644
2805
13736
1426
13791
2615
419
2563
11819
2287
1707
2531
821
2688
5237
1921
2772
14396
70
2817
15527
17346
3301
1055
3963
1722
16797
2333
14619
2471
2207
1440
2852
1441
2793
11998
16363
2711
2567
1674
13147
3698
2779
16224
1732
10522
11281
7148
11596
2613
13373
2191
2570
2390
14332
1452
5891
5652
14809
2769
1846
2729
16241
2819
12931
2834
433
1458
17864
1459
1213
11720
11157
13098
17462
5938
464
2317
504
12060
12371
1861
2666
1684
2202
2791
9560
12726
9139
5276
2854
1470
14843
2336
11113
1082
17955
6630
1906
1769
16575
2129
2154
1898
14323
1519
141
8978
14709
4630
2798
615
1411
9944
1029
17248
2552
12666
1535
2915
14035
8406
17990
294
2813
2936
1442
321
16157
2383
14721
14960
563
1491
13862
17878
3315
14996
938
2869
2391
1495
7545
9374
2395
1821
2138
1498
17959
16790
652
2482
1806
2273
6801
11256
1842
2971
17746
2751
14077
1751
2575
13332
17951
2638
11277
16580
2263
1509
14892
1510
2767
9784
2938
5332
9611
7218
17809
857
1298
3003
7841
5514
13257
2276
2274
1518
1012
15130
738
14650
13470
2282
14241
2218
458
15916
440
2851
2372
2912
2788
16044
15573
2331
2879
8032
10669
2940
967
2205
2079
9256
10533
2953
2640
15898
13149
14112
1368
2858
391
1536
14402
1537
1991
2241
1273
2964
17588
2667
14262
17284
2544
2140
14760
2405
2626
6322
2465
2041
4433
15664
2475
8330
1867
1765
15761
8526
2995
15526
17083
16570
5501
10942
1312
15116
17425
2776
1036
2877
1414
3059
2491
2008
17662
588
16624
14546
2103
1565
1736
1159
1496
2604
13842
2417
1638
2829
2523
10388
2379
9754
2804
136
1398
3152
434
3870
1046
2839
897
2619
9318
1572
17233
7392
2746
3032
1780
7068
1568
7002
9907
9012
14485
223
15859
2527
11598
3130
6723
4834
2808
1582
1146
11066
742
2329
17963
1993
3005
16804
2884
2708
1058
1588
13150
16076
5341
9292
10631
12964
3036
4910
4363
7828
17345
16992
11275
5468
6685
1596
2065
4038
3099
2312
1299
2599
2036
1909
17947
17014
13305
2803
17565
3153
10344
2888
2918
2627
16737
185
14938
2679
1818
2981
16115
3173
526
8858
499
13012
3139
5772
12540
2420
11581
11020
2969
1262
17308
3013
1945
14278
13493
1618
3156
3175
15832
1952
1475
3105
910
14970
3025
2435
2906
10542
4243
10268
6697
2224
14955
2067
11098
2533
720
11238
16181
1863
10195
5684
1958
9586
2903
13996
2801
15710
9727
2453
2181
3169
3143
13186
2522
102
3959
1429
10393
2734
468
3279
3172
17670
17487
17076
324
6060
1943
3235
1836
17174
8647
3089
9422
1687
2473
3174
340
8982
14807
8584
16585
3284
2019
16
12254
3079
11415
3167
3733
12762
2937
2232
3039
3238
11599
2975
3773
3278
12142
17090
1621
2472
2217
1663
13005
12478
1812
2166
15992
1666
17727
7202
448
14008
15689
3305
14845
8972
15525
10098
7193
1295
2889
16616
3297
3149
2558
3082
1915
6044
2188
9382
14573
2208
10279
3275
2897
805
3328
16536
1345
8908
16135
6862
2183
3349
2737
2528
219
2510
2744
1383
4581
15200
1445
6018
11306
3081
12637
12854
8245
2484
2257
2337
17577
2963
6295
2367
2318
1696
13458
12080
5853
1793
13439
3024
2403
4676
2017
2848
16361
6408
16017
2271
13564
3978
3031
3163
768
6494
2048
2715
3369
13512
788
3339
1865
1710
11627
3063
2394
6332
2165
1714
9329
6708
3357
17426
42
9288
1976
4840
490
15356
12513
3009
16910
8928
3312
17654
14988
2875
16753
3022
820
16632
3223
2870
13525
7738
6775
5450
13653
3001
15884
3425
14553
10716
17967
17776
12332
9976
224
16508
17905
3069
2402
3366
9370
2315
3196
3443
16565
3255
3217
11988
2553
4020
13817
3834
8145
2842
1657
13342
12884
3558
1407
3323
10816
4524
15467
3381
10002
6942
15289
3324
6077
2806
2820
13814
2517
3736
2802
1753
1149
3379
17943
322
12293
17344
2959
3335
7857
14050
17609
2815
3310
2099
11907
12294
17628
9396
1893
6996
2314
1145
12147
3097
7341
2944
16668
3127
2750
3451
15364
2949
5817
13066
17463
1094
2159
2757
10203
11778
3210
2342
12411
2663
3240
3317
15611
2281
1092
1778
2935
3409
9266
2433
3084
3464
15450
1782
16253
6132
11289
3416
3454
284
3524
9414
3951
13820
12877
1165
16229
3042
17637
10606
12435
9504
2867
3096
13476
2990
489
3563
3191
3283
13153
15524
7363
1797
3965
2988
11037
3572
3873
12802
1380
14784
3316
14242
86
3475
13397
3389
2479
2609
2245
16194
2894
3411
17056
3320
11653
3306
3383
2771
14127
3472
3449
3541
2690
3219
12289
2177
3054
30
10508
11482
2225
3433
10072
4030
17507
3359
3309
578
2197
13674
15026
14868
12576
3590
7213
65
1216
3559
12297
10910
5247
2413
3164
2765
2976
3171
317
4216
3321
1831
1465
2443
8235
3582
2445
9480
369
2807
2186
16864
17918
1808
9676
3064
17835
11730
3271
3189
3428
1502
12073
2621
10703
3423
11601
3566
756
1811
9953
1902
4215
7882
608
12288
2168
1849
2316
14408
3627
3231
13545
4200
2695
17840
3467
8970
3515
1855
2678
14384
3100
1857
1048
1858
17599
8570
645
3348
14067
3115
13906
3104
195
12298
13769
1864
2989
13910
2133
3577
2548
750
8505
6886
15796
3399
14805
2053
3712
4874
2961
17740
3545
3225
3430
3491
2541
7798
2501
705
2827
10898
3178
2293
17539
3599
10293
3617
17427
2310
16966
3205
11271
2511
2534
3561
17195
15246
4165
3197
5143
3583
13621
456
3420
16338
11578
3564
16703
3693
5833
3635
3245
1355
2946
3645
2736
3695
3502
17524
2414
2043
558
14950
2488
3499
15488
15576
3116
1901
2588
3783
3759
3705
16860
16118
1016
16872
2828
920
3744
9172
3343
8106
17793
3604
11118
16706
1042
2723
3569
8092
15633
3537
3714
3446
1276
4942
15148
3527
5043
8460
3182
6100
775
17830
2838
1920
9707
16024
2866
13218
17343
3471
1282
3562
10822
8636
3606
1785
17307
2874
3798
2693
11382
905
3818
5752
1713
12644
13788
1907
16971
2790
13249
3581
2984
7588
16961
3522
17971
1841
1584
4422
17707
12910
2569
2683
10458
12286
3107
3495
3587
13808
17184
3500
16811
2223
2747
2361
15411
3408
15213
1948
17283
13322
11602
3067
13187
2535
3549
3761
1947
3903
1532
7668
5503
17700
3548
1956
3218
3719
13705
13902
16003
3674
3014
3391
15171
11710
3869
12300
17845
1963
2706
3274
3750
1965
2648
3865
2593
9356
1601
3221
17939
2954
2814
3211
985
1971
2645
1972
1612
3917
3779
15058
17678
6096
2094
3341
3434
1672
12237
1978
16359
11180
854
3678
3861
2416
5017
3121
1076
2427
2882
3806
3585
12008
3769
1986
10175
3833
3648
17120
11254
5328
4121
2939
1598
3915
15241
3226
2657
3886
3565
12918
2762
1995
15348
9624
2075
10598
2610
1255
14714
15052
14058
3624
2978
4408
3470
1485
13273
2003
15720
2605
1910
4312
758
2675
13687
3967
1338
3723
6699
3215
3045
9300
3971
7584
3794
3827
2656
2649
10184
3483
2353
3647
762
9564
2689
3026
781
3607
14014
3029
2358
2725
3938
6524
1961
5926
2768
7590
17869
3969
11203
2025
11825
11844
3243
3987
2054
2028
3860
2029
1047
2374
1005
3047
1354
3958
11376
3580
16833
16560
17247
3412
2749
17994
814
3839
14292
3179
7159
16856
3126
2040
13035
5868
16876
9920
16423
1679
12857
2681
2701
3983
3991
3885
13883
3294
1100
10322
17619
3905
2733
17428
9247
17488
3591
7176
3546
3457
2924
2739
5047
2055
4026
7434
12891
3086
554
14532
5999
9196
15222
2378
2030
3092
3809
15522
2151
3353
1933
5020
14371
6868
13156
16712
16740
3477
16608
15012
3894
4820
3791
1913
9143
4554
10677
3520
2105
4740
12152
570
3640
4079
17553
4029
3879
3094
692
3948
3679
11686
3419
2200
15283
6744
5293
2855
15167
3816
17464
15776
12205
3555
15612
848
9991
13096
10941
4163
17804
4161
4069
3501
2275
9600
3533
12372
210
17342
10509
4522
17825
14926
1796
10424
11905
3893
9386
8968
15925
3919
3487
2864
3758
13240
9718
6848
1802
4662
12794
4966
3377
3977
4036
378
16766
956
17112
15746
3431
3603
3824
2110
14803
17714
4198
2112
4595
4099
451
9850
277
4139
3413
4160
13347
3529
1891
4530
15889
3709
3276
4508
12106
684
4068
4126
5103
3410
3641
3346
13805
3692
9301
2835
9093
4103
3656
10218
2326
10058
2306
3417
4065
3028
4045
2843
17646
2583
14849
5206
3216
11022
2595
11892
4098
14586
4042
9818
2156
4762
2972
3085
12283
15064
3239
3742
4823
3751
16492
2960
13452
3033
2755
3704
2325
15372
2525
2148
14459
3979
4212
3823
9931
3227
4227
3154
4189
7282
15954
2952
16310
3771
3480
4544
3212
12102
3889
4968
3849
10766
4114
3680
17693
1715
2824
4222
3880
15466
9164
2164
10225
4293
4292
9076
5015
17850
206
2891
9969
4304
16640
1835
12303
12214
17008
13918
10001
2173
1332
15578
10807
7582
13657
6364
15678
3266
4080
7938
3368
3095
11293
14560
11947
7114
4154
4195
15783
15950
14749
2529
2913
4066
17232
4307
3184
15838
13205
1832
16246
4233
6993
4244
17782
11308
2603
2031
6331
3027
8129
16290
3441
16472
13365
12024
2636
2369
3715
1186
16651
3161
12506
15958
13126
10664
3932
1599
17975
9082
14194
11442
15400
3061
4348
7332
13230
4047
14196
3748
3914
3093
13600
8222
16543
4241
3539
4776
2295
2213
6769
4224
7991
3855
1208
16070
14076
205
4418
9240
17031
3884
1949
2355
14126
9444
3532
4421
2691
12282
17429
4174
2611
6856
2137
2226
4373
14692
2298
15236
3129
3567
2068
3685
2660
3998
3571
2024
12451
16168
168
14146
628
4127
14198
2464
222
7040
4180
4354
2985
3147
4282
11756
13401
3362
17306
1075
17935
4351
3960
4104
17145
2348
2324
16880
11575
3371
3020
1772
4094
4364
3214
3319
14435
3780
13726
16776
3702
11526
11081
2254
9723
14440
1037
12304
1775
3386
16138
2927
15903
4406
3233
2260
3952
8254
2907
2540
1634
4431
1758
4339
2118
3728
3021
2266
4231
8660
17892
6210
16595
8052
3207
3784
2890
13188
14697
7728
798
13436
16357
15390
15815
4656
15912
4415
3847
7008
3968
2278
2230
4551
2509
14758
15313
17154
4271
8612
2187
4151
15449
2419
3947
3602
10288
2286
4194
4191
14200
3883
16501
4245
14357
1499
2997
3437
12252
740
3057
4143
2248
14980
3872
4443
14870
3151
15067
1476
2430
4456
14189
4308
2455
4043
3455
14304
2335
4570
10887
4523
6069
5856
15422
2305
4507
7634
17508
6622
1284
4090
2172
4454
5937
3763
1210
5886
3699
2581
15187
3743
13125
3528
2811
6500
3329
5416
4119
3476
3778
3864
15579
14628
10672
2957
17566
11174
11605
4486
17883
4371
1344
13258
3465
9282
12098
4258
4388
2680
4426
3655
4054
4559
15738
2996
2629
15634
2909
2332
3132
10580
4645
8268
3616
3503
14188
4445
4113
4273
14933
2338
1010
11192
4649
3972
3344
5736
16425
3904
9547
4101
3125
4220
2061
14726
15261
2346
4549
3521
4641
15520
17589
4511
16981
2650
4807
4311
2822
4587
3137
4752
1480
4299
2206
4246
8285
2234
9043
8290
4496
8988
16951
5022
39
17282
3144
7702
4574
2362
1140
13802
17025
12390
2965
17820
3975
4409
946
6468
1578
2368
9579
4028
2073
6940
16160
4633
10308
7862
4276
1790
16336
3799
2212
4355
13617
4461
4484
8646
1521
16718
17734
4539
7961
2380
3851
14244
1936
2382
14378
4383
13426
2384
15651
4053
3181
3269
9063
4731
4107
2102
15089
11748
4078
4144
9927
16756
16176
12066
16923
4255
6529
1297
3193
5668
11161
12974
15043
4272
4673
2398
16281
10712
15613
7540
17465
17430
3165
8966
13266
560
3954
2885
14445
4088
4485
2500
4279
3439
4735
14912
11109
3351
9425
14086
14203
11104
7821
12280
7307
4657
7485
10838
745
1938
2726
4349
3135
8072
3570
10272
2932
4674
9085
4303
4379
8404
4654
2422
3370
7580
2911
4499
4703
6588
13317
17914
3694
12730
14186
2237
3713
12236
10701
4172
7127
2980
1882
4658
3498
15996
13124
3895
15711
7298
3090
1078
5771
17062
4131
8136
13659
4757
4278
2440
16555
11828
15333
2442
3981
3665
12114
12662
4306
571
1700
17340
4564
4733
2412
2685
4330
4199
6681
4946
1737
14034
17525
2898
3765
4321
3909
4444
3077
3683
3756
16446
2948
2457
3128
4166
16524
17578
2108
2460
4040
4251
522
12860
15001
4287
17489
4320
218
4109
1911
4804
17855
4767
251
15580
9169
6720
4715
15942
12757
6074
4213
8892
17721
3710
888
2646
2083
4155
14993
9664
4280
3811
10585
1877
7079
4894
3930
2480
4253
3510
4774
1481
14185
4506
2158
752
3941
4721
165
13984
4709
3087
3188
3230
3980
12590
13698
3073
12047
17104
127
4849
3068
2873
17540
4944
1301
4607
4035
7324
4436
3253
17173
4175
15519
8758
12441
15070
16321
16914
1611
3525
2270
4895
15985
4958
3829
4295
15701
3923
14583
1444
12517
3659
5699
4501
3716
4401
3669
3767
12041
4859
10923
16818
4217
16848
3912
2515
3594
4534
4027
4975
16517
9622
17901
15790
3052
4893
1680
15966
4992
4991
14205
3401
13160
5346
2564
3367
3331
2526
15486
2777
831
4495
17979
4718
14145
2530
3485
4504
5893
4929
11243
4705
1308
15326
2364
8040
4716
7920
2505
14740
9852
3737
15119
4825
4665
3992
7435
17136
11705
3601
12651
13832
14184
4318
10092
4407
4844
3608
4943
4458
2216
4560
404
4739
673
5980
5025
3745
3062
11672
3757
4011
4562
3649
1011
17686
4208
13026
13587
2557
3907
14682
11949
2738
1132
4913
17305
5062
9501
8236
2086
4286
4810
4184
9816
2565
2059
4378
16743
10442
3970
4770
4567
343
5003
2902
16461
754
12013
12556
6171
2573
11857
3481
4742
4335
2826
9254
17931
3866
2942
17218
15159
4729
1357
5091
7475
4590
4876
5083
17431
3229
2584
3994
15465
7502
1477
5135
16355
3881
14206
4391
3956
4439
3296
4860
214
17246
3110
2592
16721
5011
3376
5138
15231
4883
6401
11550
9861
6926
9873
5340
15827
4159
11265
8246
5081
15762
4510
4711
13743
11792
3330
4688
7115
4315
4009
4847
9943
3911
16621
2608
4493
12818
10000
4766
15191
7494
4824
4796
852
4204
4730
6672
11607
4577
12382
3953
16531
4356
4526
2100
2201
7720
2462
2778
2246
16124
2233
2694
15581
15102
4700
1303
13963
15040
4878
16932
3762
12470
5046
4476
17339
4207
4787
4384
11721
2631
4822
8802
2451
14066
14049
4933
16051
4777
14397
4262
14125
3614
2799
3015
4089
5145
3468
9280
1760
2641
10392
2642
12598
995
3740
9990
811
15410
3299
10860
17998
4743
11446
6606
4387
5034
5129
4701
17610
17194
2745
8848
13515
6216
4950
15518
253
12196
13161
8766
1562
13300
4498
2658
17759
4749
5007
13352
2497
4831
14550
2474
860
3551
3924
4714
3553
4463
2091
3786
4267
10966
4328
2668
16629
5279
3140
4005
3150
3785
4275
5102
3251
4389
11744
2674
2590
2786
16800
2676
14425
5030
11782
13562
9379
4019
15921
5010
1637
11470
4994
8308
10511
5306
17874
7022
11572
5099
14853
6004
5527
10340
3876
2863
4037
5287
8725
13858
3844
10084
5345
5344
9435
4187
9189
1779
15355
2396
7621
15666
5211
4503
1798
236
4478
14450
3436
5109
5085
1844
3242
5063
690
6330
4211
3859
15363
5213
3781
5133
14391
6648
4150
4643
1595
3141
5186
4459
1953
17600
5284
2434
5225
4837
5001
13598
16212
5428
16986
13714
5425
7626
5423
5422
15614
5167
12412
8692
3403
4096
17466
4188
5027
5221
4930
2724
7187
4274
4017
1134
12898
5339
17765
4520
17629
5039
5148
2741
17815
4325
1513
5024
3123
4100
3023
3281
12487
5260
14208
4898
1824
5121
13053
9390
4903
4875
5210
2740
220
13094
13306
16600
7943
4801
2993
5084
12021
4492
12461
17554
4864
3892
3610
2748
4746
7950
12958
2069
3195
11326
15073
1056
5105
8690
3597
5219
17183
14502
16662
11630
4044
6246
5478
5477
17799
15266
892
4517
5424
2761
4429
6968
16207
4753
5243
2389
1630
4856
5202
12550
8807
6552
3615
17432
11664
4999
16265
2770
4741
4850
17082
12510
4385
5509
13569
5519
17671
4167
17281
4353
14265
4853
2789
9420
5231
4599
1825
14342
14707
5173
16217
15582
3016
5045
5566
5565
5564
5563
13405
5561
5421
2787
13766
17788
8659
6242
5625
3867
17655
16258
3807
17638
4982
10558
16510
8280
13162
4659
15970
2796
10710
4196
5480
4235
17509
9228
13382
682
5171
4940
2064
5391
17231
12118
12309
16152
12781
5559
4095
5252
1122
5567
12213
8532
13499
2809
4234
3940
4886
3514
11990
4759
13533
7310
5238
13678
15517
17338
3828
5320
4989
3308
5106
6162
16239
5399
2763
10300
5493
4647
9916
3552
10455
1875
16014
4324
2930
4974
1746
4625
16613
5411
16786
5432
12628
5089
5364
3400
3488
14144
2677
13386
15112
5485
1416
5384
3675
4962
13121
3493
13995
9056
3996
6990
5150
5599
14536
3815
4341
2585
2974
5123
13707
4265
5592
5591
5368
8122
1540
16724
12963
4369
15485
4612
14464
2506
2893
8688
7295
5611
918
4889
3671
3017
17089
10570
1840
5558
10897
2856
3734
5127
579
5663
5420
16888
4914
2860
1660
17860
4808
15870
3131
15730
9357
4201
5551
4298
13753
5545
4902
4301
3512
9790
3825
5579
1725
7648
11901
9484
15020
5524
9523
8940
3887
4833
16141
13378
2624
16334
4603
4667
3295
2878
15319
13926
4531
17490
1888
4575
4611
9520
10255
7456
17304
5587
1193
8462
1873
12276
5312
1304
8797
4814
15294
5609
3857
9210
10831
4337
13077
17002
17075
5607
2251
5409
1515
16648
3962
2896
1904
5441
2450
15300
3933
7362
5484
3398
13338
992
15037
5141
4626
4751
11680
5228
13721
2905
13281
6894
5529
5088
14210
3080
3902
5624
7893
3575
14567
5791
2238
5711
4149
15208
1905
5681
17983
12776
523
4993
15875
5754
16353
2038
4225
7078
1946
4359
4702
13274
5382
2922
8687
3654
5439
5705
1859
2925
16202
858
4683
14580
15865
4668
15844
13528
830
3746
5642
2931
4691
5333
4632
13190
16474
4695
17771
5583
4724
10544
10768
12310
5366
4839
14179
4899
3162
5709
13163
2456
3530
12146
10201
5549
16769
5300
5616
9748
2194
3360
15583
5158
15421
4880
6259
9900
8825
4519
796
3935
16905
4309
15155
4696
7645
3939
3066
2955
3682
6064
11088
16550
17433
5648
15399
5887
734
7836
7011
5915
16448
2962
11655
5875
16222
5295
5012
4153
14797
5506
12547
6910
13613
2825
12069
5669
14962
4375
17927
4327
3689
16272
13390
10852
5806
5728
11971
10868
3842
6798
10283
2977
5697
5363
5251
3724
13733
17620
5335
5291
4771
2982
5507
9526
13120
14246
5536
4791
13953
508
3055
4694
14385
5508
1668
5569
3070
4393
9835
6240
16538
5134
15195
4490
16429
2994
14855
5571
4148
4661
5224
4582
4382
3942
7959
1583
5925
5924
5923
4425
4289
13220
14211
4547
5748
6040
14896
8698
17337
8334
9755
5686
4566
5762
3041
4815
16637
7066
10431
17526
9517
12568
15347
5077
7369
5949
9897
5615
3878
5602
1671
5029
3424
3018
5741
3019
3004
12136
4381
4000
15833
3447
14967
17728
7389
5877
12275
4183
1088
5044
14473
5298
2018
4867
1694
4039
14490
5151
2375
4927
2956
14510
1399
4755
5473
4031
5745
4553
14178
3332
16251
3037
1549
3605
6679
5848
14756
5679
5655
11198
5984
3579
17567
5535
4512
4784
5104
5222
4772
9666
17467
7436
12336
3048
5357
5703
7221
4745
4041
16038
14957
7116
5005
4071
14109
4238
9563
3646
2901
5759
13488
5281
3776
8262
17119
9688
697
899
5808
16494
4374
6041
5979
3687
5957
5516
5455
15288
12838
4637
15691
5958
14085
2016
12979
2589
9161
7030
5788
6031
3754
13312
11867
5670
8605
5739
13543
1794
17910
3630
2764
4778
9106
3078
15389
10132
5946
4925
12997
5962
8561
5446
8911
4939
582
5598
4606
2844
469
4115
15747
4584
2058
8476
5040
6113
10761
6111
2546
15880
5649
9620
5921
10780
15797
5194
6149
5331
12948
5136
5781
3531
3422
11740
16759
6099
5570
3643
9067
3101
8557
6147
4460
2831
17013
15908
2268
4865
16746
6161
5257
14420
2653
14656
8699
5553
1448
6068
4563
5834
3722
5093
17541
15860
2180
8016
12815
2686
8685
15584
11475
3117
5939
10680
4300
14372
9253
5021
5435
4076
11610
2330
11631
4136
14409
1318
5688
5209
1923
5445
4169
5082
4830
2797
2929
549
5126
8992
12835
6143
4781
3652
16577
3133
12844
8166
10075
5970
5780
7558
3262
6320
3513
3138
17679
6063
14281
7490
11493
5419
4608
3142
12391
7350
9829
8058
12611
6126
4494
15974
10915
6442
2098
5627
6191
6190
2428
6094
15515
17434
17245
4193
5235
4540
2597
4305
280
5633
1653
6082
4535
3157
505
10100
8599
9166
5229
5168
3056
14634
17590
5383
6098
6271
3237
13416
16572
7128
11333
3166
1990
6071
1128
4556
5779
5867
5594
6299
17647
12274
5954
6011
10930
5795
15484
6346
6345
6780
6343
6342
11433
6340
11348
6338
9679
6329
1450
3180
5498
9714
3109
3461
62
15636
4438
5095
6121
6155
1364
6021
16991
3200
6201
4923
13989
5227
7853
8962
11985
17810
5117
3192
2267
1320
5913
7616
5067
17280
16485
6199
5401
3380
10245
5940
5687
5919
4018
17336
14266
3352
16941
4022
4288
5118
16197
5715
5546
4906
17701
5385
13323
4811
5381
1030
2010
5777
10357
6174
17303
5255
6314
4283
1050
3448
17153
4500
4795
7598
6062
4270
17708
5963
9277
6321
16779
6348
5927
3220
10536
13394
3535
3298
4604
12168
1227
8726
1220
4684
5156
15034
1290
4841
2934
12312
17579
6079
1007
6236
13585
3703
6032
3232
1731
5543
12649
2722
5459
3291
4343
12544
6627
13758
6017
6313
907
11450
3626
15712
4907
3241
4614
6186
3492
6211
11414
3088
13596
14712
13978
11926
3896
5683
14176
17888
11364
5812
3473
3250
4644
4466
17217
5465
5783
5897
13165
6354
6238
6293
5204
5155
9132
5972
930
4313
15899
6356
1557
1860
16227
16840
15702
6274
3573
13838
6172
2775
6362
3265
5140
10964
16351
6378
16892
4669
16171
10752
6913
5961
5475
5725
5092
3272
13267
5511
6511
5239
13191
6239
5326
5197
16000
6406
16048
5586
15667
6395
17777
6153
6140
5941
6484
6297
4377
4489
2012
13700
14778
8320
5942
3286
16503
4935
11437
6291
6410
5814
4024
3974
15585
8812
16825
3292
1492
5603
2643
3091
17510
6179
5730
9724
13851
11026
5130
3898
5234
2127
5329
3300
17491
5758
1333
5330
15447
5717
4405
5379
600
14486
2518
3619
16567
6247
4580
11312
16659
6522
8237
5532
2307
6335
2262
3442
3293
6394
3787
6559
2463
5729
15770
5608
3718
9332
8353
6280
2399
5873
5199
6632
3795
6015
2214
5809
6221
11930
14214
5319
5096
6982
16605
15514
5457
6263
5858
6371
717
6389
4537
11548
12383
5643
5734
6635
8491
5000
6641
5749
7687
6629
4361
4014
15917
3337
3034
4451
64
3936
6287
10156
14731
9934
6145
11700
4457
6592
15784
13886
1041
3345
5528
4249
16431
6571
10552
3721
17435
668
13680
13370
17865
5417
2830
5302
9805
17172
2057
5907
4277
3065
5753
12234
6001
6131
5690
3358
1603
4479
4692
6379
17987
3361
6609
6657
14175
6655
17897
3364
14998
6357
666
6696
12131
5051
3738
12018
3040
5605
3326
4846
6403
12374
15616
3372
13025
12406
13357
3459
6449
6303
17468
6139
5982
5621
4892
9768
6007
6070
3804
4628
1150
6163
5504
5830
13930
6479
17694
2780
2256
1693
15885
4515
4598
9202
2258
4046
6369
6440
6344
6602
6544
4816
5207
10886
9771
8128
4256
4073
16927
10276
12010
9126
16332
8862
6103
4971
17335
6724
2951
5661
10731
6461
1360
3593
3957
6399
3637
6355
5837
11140
15653
8068
6234
4543
5613
13728
9149
6639
6402
8588
16098
6327
14065
6107
11932
7858
8841
5463
12503
12352
14605
6065
17715
4261
7313
2352
15855
6546
331
3731
17555
11524
17193
5724
3506
13092
17230
10422
17923
8402
4642
5323
2284
3427
15282
6268
6779
6778
6777
4417
4296
9554
5304
5869
3973
6323
12174
6654
6067
2134
12621
4909
12195
4583
11842
9276
17879
6019
11665
10622
10798
4390
4589
6625
15463
7532
5892
3444
13251
5751
5846
5744
3875
6045
4561
2486
531
14672
1305
3338
4601
8004
3046
14142
534
13548
13232
4836
4239
6785
5362
7848
6475
6003
2461
6241
15199
6851
4260
6849
10123
6349
14602
5275
6308
6232
5628
6803
2628
6581
15680
4252
6611
6391
1981
5280
16101
6245
13117
16730
15930
6733
16061
3623
1494
4631
643
7470
3700
15312
408
5855
14611
4135
14648
6435
14379
4639
1296
5107
2320
6091
2876
6198
5258
6547
14174
6671
7995
16450
6877
11964
14887
13242
5622
12272
16089
5871
4440
533
13875
6924
6923
6922
6921
5815
1774
13502
4218
6763
14738
12934
4987
12866
3478
11632
5080
6649
6167
11918
5214
6282
11105
2421
6747
4671
4488
6294
15483
2580
3252
16244
15513
5261
1189
3508
5929
6083
6666
4782
12203
4828
3684
5854
4085
5270
6863
5623
13861
14048
6572
2846
6833
1236
2950
6002
2847
5631
12913
6621
11128
9774
6600
4900
14935
3523
17794
6767
12633
12658
8105
3526
12475
6467
708
4629
5408
6353
5188
6794
10735
6180
6750
3888
3186
8792
16144
3837
15332
6969
5786
11934
6824
6903
7034
6832
16179
4842
4170
3540
3934
5956
17302
3542
372
10408
7071
1517
2837
6751
6087
1059
17611
5775
6643
5991
11110
6081
6311
17436
2986
12314
6495
3429
15240
11656
13033
12640
10815
6222
9590
3474
3010
4052
5577
6125
16562
6819
2696
10670
1250
5981
5124
6786
9703
3707
748
9532
6692
3074
5049
7184
4954
15006
17601
6514
16104
6809
17182
6909
1817
4086
7050
15122
15978
5733
2759
5454
17527
6575
7437
6496
12917
5316
13398
5297
12909
1365
6587
4067
16965
7064
5818
6025
5271
12796
16545
4779
6564
6193
3651
6359
6974
6590
4108
3588
9029
6929
6734
6383
5479
6567
10430
5801
8011
15816
13909
8
13167
3595
15420
3596
16192
7000
10586
7147
16086
7145
6457
7143
13003
17334
4635
13430
2503
7173
14564
9546
6706
6761
5054
8994
4809
6951
6204
6415
11464
6858
2406
3534
14173
16970
6693
3612
11027
7088
12601
4819
13905
6823
2494
3755
16155
6089
17836
6830
17279
6301
6683
14306
14947
5657
6439
11772
6416
13192
7909
8370
7249
7248
7247
7246
17103
7244
7243
7242
7241
7240
11076
7238
16645
7236
11328
17036
11400
6319
16349
6275
2128
10812
3802
3636
6983
4707
1153
6152
3106
10176
2426
6619
4157
1940
5827
3642
4857
6505
10209
7179
14547
3497
15362
12574
6905
3801
16306
5916
16909
6101
7111
6084
5581
7119
17841
16626
5170
4472
8269
5847
15587
16960
6888
5358
6944
13518
4877
3363
16519
14282
14056
3660
6269
5895
1328
16526
15810
3663
13609
3664
3277
4887
4710
3666
6519
7165
7164
9668
6589
6979
3356
3670
3146
7574
7219
4302
16232
4675
4838
8960
4248
6205
7266
15354
5883
14518
3929
7074
17831
7103
1363
8300
1141
3681
5660
12442
14415
4911
16749
12156
7154
7130
41
12812
10107
6847
4917
6901
3543
7174
1040
16476
7061
12766
6709
15512
12457
3805
14469
5710
10285
7055
16618
6540
16592
11052
15822
7123
17007
7359
17630
4181
10485
7151
3814
7255
4937
6463
5486
7344
6525
6796
15617
8344
14695
6591
1034
6935
17469
5935
11613
7031
16107
6911
4949
6579
6365
14540
2857
3820
15791
4396
3460
17244
3739
4783
16433
17956
7719
7386
7385
7384
7383
7382
13465
11786
3661
14460
6727
5959
12315
17492
5389
10486
6158
6989
2883
13468
6483
8110
10697
7044
12853
14084
11421
3732
4977
5596
6110
7301
6393
3735
17542
10690
17952
5090
1569
10480
4699
7696
2227
4063
6413
3388
14617
3511
418
7423
17061
16896
1726
5205
7020
5318
17805
6451
6202
6861
3374
9572
13366
4960
17687
7323
7322
6254
4397
3753
13709
10938
15115
7343
17437
10770
6934
2142
3730
5548
3482
7199
17960
2880
13440
6896
6985
6253
17783
5645
17664
4310
6421
6411
6665
5533
5268
5023
5356
3768
17568
7288
2743
6165
1984
6805
14141
3772
10185
15692
5522
9358
13091
13462
13168
4685
6043
3777
5037
2145
10479
9122
11980
5395
17846
7129
3247
11480
7262
7094
9074
6812
8091
17906
5321
5865
7100
7948
6382
5369
13779
6279
4591
7326
4223
5055
1206
2120
4214
6927
1935
15082
17511
9988
5490
3304
3677
9912
4719
7278
17639
4722
7146
15890
5889
13594
7019
6233
2821
14326
11566
7529
15260
7438
17722
7519
3405
2579
17333
16392
11749
6984
6897
11722
14295
8194
7550
7549
13075
7547
7203
7489
15235
17948
5836
8196
2792
7543
6545
7010
6594
11860
16772
227
11217
17024
6115
932
5714
14776
7701
7076
6663
5756
2550
3826
9967
7075
7067
7366
16394
6759
7497
10478
6289
11914
12890
3832
9597
16796
11997
7318
17826
7397
14700
4140
5674
12270
3350
7157
8359
7399
1656
3060
16733
7492
2914
7373
14907
6607
6836
15850
2602
16762
8197
5513
15178
6943
6049
14876
4758
6599
15993
5367
1789
6419
13917
7131
7643
3846
6122
3854
16386
4527
5805
14554
3586
11378
2220
7459
7439
7387
7356
7637
480
17964
11717
3862
132
7106
2272
17656
5392
7107
1647
15668
17991
16396
5727
5829
16465
7163
5784
6668
2999
11124
7433
16512
4452
2255
4001
7149
4124
5813
790
5376
17301
9888
6949
8680
6492
15462
15170
4326
4435
5175
6487
3882
16533
7411
7311
8522
11187
11938
5181
8644
6219
13790
7215
15388
16634
7194
4855
7517
9951
4447
12353
5495
10477
8198
7391
6231
16110
6431
5128
4605
14446
5002
9053
10396
7446
7607
5278
7552
16656
6135
11761
5203
4061
7685
4941
5324
6058
10962
14593
16384
6251
5071
3044
6443
1446
5864
7346
3407
4471
17672
7357
4403
4541
3913
1277
2023
16263
7718
17621
7716
1566
6908
11178
12126
7721
7104
10101
3920
16557
14574
7269
6420
9583
6539
16789
7739
5233
5888
1574
3544
6283
6975
10302
3928
5689
17216
6737
7501
13583
3931
9372
3236
1643
7305
14249
4004
7314
17870
6398
6603
7624
7006
2033
12180
17919
7539
7670
7669
13882
7226
7469
5286
5216
15370
7727
6574
16080
2250
2630
5325
6315
4832
4938
7538
4319
6714
6955
13062
14620
7865
7400
4890
16803
7166
17944
7083
16863
3955
4345
15926
13897
5936
7713
6497
8199
12002
2536
13260
7352
5776
7799
8510
16045
4259
13169
7319
5256
17438
2720
10476
13943
7780
5879
8388
10414
7613
4268
7171
9151
3657
7832
4681
5390
5960
5906
16058
10995
7099
16382
15828
6664
5966
9198
8286
17591
1626
10645
5033
10996
6515
7744
12538
3083
7831
9973
15136
6791
6453
7649
13934
16011
16980
5317
8430
13854
3989
4852
5525
16871
9040
14982
7041
10993
5990
5820
5169
7073
4360
3589
5539
17081
6423
5413
16400
9669
6499
16256
7554
5988
7037
6038
17580
5337
6005
3347
10648
17851
487
2670
4006
6674
7013
10381
16018
15904
5212
6553
2070
4357
6961
16133
6276
11886
4013
13209
7737
6782
7935
1528
6317
10992
8190
7917
17332
16347
16610
5116
5137
6893
5515
11565
15166
17968
5086
12269
7524
7508
7766
4475
7081
16452
10188
14170
9182
3373
13962
5768
2345
2705
7807
7495
8152
5884
6811
6695
4034
15346
6053
9086
6510
8931
5185
3334
7818
16859
7927
2639
7671
13816
883
10160
13402
15318
17048
11514
4744
15618
5761
17470
17278
6914
6623
12957
4048
17229
16286
6339
17088
16487
10642
7458
3119
1870
5964
16270
7764
7139
15638
1239
6159
6491
15408
11745
7838
10999
7839
7700
4060
2845
4800
14533
13456
7223
16380
3393
4164
6400
7379
14366
7650
14268
10368
2438
7824
13819
7879
15913
15748
6705
1049
7812
4072
10077
2700
4058
7924
8117
15982
6437
4998
5824
4077
2718
15510
8679
7994
3897
6306
7934
4081
6531
6598
4967
8055
6488
4901
5918
8045
17821
12462
4056
6721
13233
5451
45
6543
5453
4617
16402
11204
3273
7983
6712
7771
5905
7279
13750
3008
12317
1838
14107
14140
6687
4983
6548
17556
7869
11546
12588
7368
5469
12996
11175
7181
6694
7183
16597
4105
3747
9562
16435
5664
14942
11148
689
12962
5882
13222
16875
7195
7736
4123
3463
7479
15014
5065
1685
7888
290
4116
7874
4117
15681
6521
12339
16950
11666
9780
16113
8147
1648
4122
2600
893
1807
9488
13353
14386
5894
6368
12778
3845
14220
4128
5505
7881
7930
6884
13921
6197
7514
14478
7655
17118
3268
4470
7693
7743
5456
7682
6374
4986
14522
438
5189
8162
5394
7978
17760
6194
7680
17528
11095
8028
13669
9810
14317
6458
1982
17074
11615
7003
8341
8094
10989
5826
15186
17152
7428
7784
5069
17940
15955
8059
17493
9188
5028
6189
14590
4156
6651
8018
3752
7267
15299
7999
14680
8264
11001
7644
12938
7260
15951
6939
11212
6523
2665
2178
8060
13334
4655
7633
7493
2933
16378
8159
8881
8095
8033
7986
3706
8111
7394
7622
7864
8134
6471
7568
13536
5692
8348
6266
6223
8345
17439
6055
15293
6214
16077
8339
15481
5968
8336
7315
10429
11372
14283
2092
3208
17754
17143
7677
6013
7525
5359
6703
10678
8249
16855
5658
8010
4650
15265
6290
5755
6711
6264
7787
1072
17192
5274
5174
15098
8074
2728
7349
16237
3415
6227
16404
3632
7990
2163
4203
6846
7974
14923
7564
8817
9384
15230
14640
8397
8210
6527
7156
6816
5629
14623
13844
7972
8073
17648
6270
7679
7482
3988
7277
17300
8191
7638
7572
12978
12268
15959
8426
8425
8424
14451
8422
10133
8420
8419
8418
8417
16782
8415
8414
8413
12194
13735
13972
12065
4228
7522
8099
2727
216
12167
8047
11232
4266
17331
17766
13329
5928
16147
6839
12202
4236
8014
8241
15085
15590
14359
7419
15756
1706
1326
10704
1314
4242
5375
4450
5223
17972
9205
6476
10372
7491
3673
5626
7617
5462
15947
8329
293
16736
3770
9690
9605
6933
10473
5671
9589
8213
5792
8207
115
8216
10867
13362
6945
4653
7884
7639
6756
7093
16166
6835
7749
14250
8340
8363
6971
7661
2671
7872
5405
8465
7455
7662
1944
16922
17893
7441
7871
6433
7448
8276
11053
6430
6104
7347
11029
5245
5236
7245
5701
11634
5132
11282
13893
3662
15509
6249
11305
16832
4868
8706
8303
16810
14221
7627
13074
8061
17243
5859
6715
7691
12135
7503
6857
6555
17884
12518
191
6742
5721
8293
3071
16376
6370
12318
6758
5153
12007
8678
13825
7216
8274
4297
11193
11910
17512
2785
6626
8440
16752
7647
6883
1013
16505
6455
2155
7811
698
6200
3043
7905
17680
5743
7440
8478
16249
8250
5142
7172
3782
7788
7250
5537
4419
6517
1784
4686
14995
12232
7953
7779
2436
7683
17110
7125
1466
7919
12082
16540
15461
7770
7175
7204
4291
4323
17856
6184
8017
8555
6561
10494
10787
5943
7457
7097
6740
3187
16406
8448
2203
8884
5198
6490
16985
8583
5193
14930
15895
7587
14168
4336
7674
6506
7333
4338
7817
3311
8192
7957
6469
16210
15445
15778
7664
5489
2850
7504
5303
7051
5289
16174
12075
7608
14561
8176
9109
6182
4926
6869
12967
6532
6513
6026
5294
7774
7712
13480
1717
6533
12150
8161
13427
12420
7152
7704
3414
7612
7296
7153
15963
9404
7328
599
17543
6404
4497
8309
1851
8391
11276
7182
7689
11732
1402
4368
3890
6117
17748
11942
13755
8133
8029
9030
2682
8504
10269
14826
13526
6304
4455
12354
8295
8158
11120
8120
13009
7299
3729
8501
7261
4972
1752
5996
3395
1697
17789
7015
7875
5969
2360
3365
17471
7678
962
8347
17181
7209
15845
8604
8603
8602
1756
7257
16552
13636
7989
9118
4660
6593
4835
17440
7035
17800
12246
5458
14729
4399
5810
13640
14083
5100
10538
14032
14047
14410
8601
6166
7717
16642
8350
8663
14025
8187
10226
11286
9024
6175
14878
6565
17936
8563
7210
5798
15771
8695
16913
2350
5265
14822
5620
7426
16277
7201
2242
9176
931
8527
13112
7813
12267
16304
16345
6482
6880
8483
3789
5899
4332
7188
8774
8534
6324
15190
7293
17602
15834
5665
4084
8721
3397
7711
17816
8524
17995
7903
16374
7982
16205
12496
7941
8003
2400
6215
8693
8253
12609
9596
7810
7462
8876
4441
8587
8873
15591
8847
17001
6873
6493
8867
12820
4446
17612
8839
8609
7414
3943
12696
9522
8488
15871
17330
14421
7746
14465
6680
8606
10008
4482
10560
6563
9334
14587
8519
12525
6859
16074
5574
9642
17702
8468
7371
8441
3925
9495
5951
17772
4464
16931
7530
5562
7960
6150
4467
8171
4468
16315
1546
3831
8450
13383
16158
5876
7667
1705
6307
17054
15216
15057
10582
6474
16408
8556
8709
17277
7464
15054
8433
9641
4897
5412
12046
15397
10636
3203
7095
461
15508
15693
4812
8600
5857
12631
8447
15025
7921
2992
8209
2269
13632
10035
4491
16328
5491
7080
8357
4689
4192
14571
8403
5678
10124
7906
11070
1570
10608
17709
16220
7069
6429
8057
5019
4141
8689
8389
8259
5667
8439
7892
6821
1577
7451
8144
8651
6867
12692
16945
4509
15785
12700
10315
13644
2987
6088
17915
4513
16437
4785
5750
6773
6373
4956
8895
8540
15922
6688
16055
8559
4092
8186
9525
4185
14626
2356
1673
8351
4904
7897
7706
4525
17976
2598
3354
8863
15480
8455
8897
8896
15876
8894
15051
10600
16653
4532
1918
5732
7688
8279
7378
9410
8328
7630
7487
6660
2454
8454
7781
8951
10890
7618
11682
13344
8317
2401
3509
6815
9144
14818
16467
4873
3030
6183
7635
10830
8306
4548
4802
9007
6972
11330
8854
14344
8852
4552
605
8296
3340
5547
17902
8843
2196
17134
5305
8814
3038
12886
17299
16136
10078
5097
10715
6842
9421
7604
13671
8343
8453
8543
5789
4565
5589
6016
8658
8822
8821
6963
15723
4569
13172
7835
7602
4571
7136
9462
6097
6860
12793
4545
10041
7801
4002
4576
7024
11870
13630
6286
15967
8515
13002
4281
14380
8795
6109
5995
14503
6875
8585
10960
14987
2193
12702
17494
4285
8287
14900
3717
7534
13450
8230
7745
14675
7092
15361
6822
8773
16372
7499
14722
6530
8564
7597
4596
14251
8777
4075
8861
544
8879
7729
4600
9553
11432
6048
11106
6137
8753
9313
10376
5309
9141
13646
5682
4182
9047
7968
9045
9899
8297
5244
17012
17695
8070
10356
7251
9648
8734
4969
7170
17875
4615
5917
7694
5540
8181
17441
5704
3993
11030
11617
4620
6616
12480
8173
9044
16602
4623
7541
4624
14752
11522
6129
4487
14495
14106
2498
6422
6872
7057
8525
8755
16765
12266
5673
5436
15331
8301
12414
9170
13497
6953
1866
6566
15997
13878
3438
10470
8686
9466
4179
7496
16410
8539
14816
6852
15207
16200
6634
6502
6196
8973
2966
8672
5914
8743
7230
9348
15939
9224
6418
12432
6188
8140
6838
15592
15861
8770
15986
260
12747
9071
8229
8205
14836
7768
7985
8109
4473
9119
12557
8367
13483
14954
2781
2377
15353
6995
11944
4664
6432
3285
6477
8657
7138
15732
14166
9291
6225
7659
8089
9168
1018
7007
8474
6808
6470
8650
17329
8227
17631
8015
11436
8429
16702
4677
17228
5694
14544
9398
9225
9299
9223
9796
3148
12376
10983
9436
16705
8064
2415
9096
7589
8598
3124
12688
7334
7814
7161
5246
16042
14526
13711
17742
3263
8813
6257
10102
11152
8489
15507
8217
7571
9283
7515
4697
2502
8576
16847
8459
8452
7134
1278
7675
7844
5842
15387
7890
8566
5336
8243
13558
12645
11884
11007
7443
6277
4708
16699
8954
5241
8759
15270
12052
9528
14018
5653
4713
17529
7461
8546
7142
7120
14284
8346
11982
6792
8969
8005
7339
4682
4720
12448
15764
13521
10920
9211
9140
12393
3990
15118
9060
5342
17716
8617
7595
16182
5945
15881
17932
16708
8714
6799
8987
17472
4732
10497
8941
11169
8744
16775
9199
519
6716
12186
9113
17861
8800
5797
9163
10612
8870
8065
5542
6774
9392
9433
9267
14909
16032
8492
13718
8051
7473
11207
8700
7072
4748
5835
9090
10792
4138
16225
8639
3303
1102
6358
8923
12768
8475
9615
8322
13801
4756
7654
7929
1404
9972
8467
6717
5269
9069
9068
14814
13073
170
11307
9399
12453
9397
7059
12210
7014
17102
5720
15460
10157
4768
8859
7949
3775
9050
16370
8375
3817
12972
6684
4773
3836
7253
15682
9463
6057
1381
12245
7907
2514
10572
16071
14838
17581
9742
8428
6375
17557
7021
9851
16990
14224
6698
12385
8380
13173
4747
14491
8511
660
8705
15704
4789
8568
7984
3863
5604
5191
5483
1632
7417
7358
2121
2549
5950
8325
16574
9000
4797
8831
5437
6351
9471
17592
8123
7468
5487
8149
8315
9567
8251
6405
7904
8985
4805
10596
4806
17513
1650
7431
9311
16579
17640
6938
8754
7390
7217
2160
8971
8372
4813
851
7703
16711
6879
8756
7843
9364
7883
16521
7447
6157
2712
7878
7936
6764
14974
16817
6889
16615
16412
8735
4931
8669
5079
9456
8945
14743
9315
9434
7023
1659
9521
6586
6256
14787
8271
2635
17778
11008
8932
3668
1099
6061
9226
8533
7141
9419
8141
1609
7348
10029
6337
8920
12012
9867
8607
16242
9518
16343
17442
5881
9077
2215
4845
8909
6741
8889
11366
7792
9324
15369
8999
12265
8623
6788
10194
11141
13572
9135
11968
9442
2714
8472
17622
4872
11054
7320
17242
9470
8642
10299
9233
8291
7772
13283
4861
4395
4947
9655
4863
9305
8569
7308
11468
2363
15714
15593
17980
9551
9550
15444
8866
14865
7756
10045
13088
6892
6288
17811
5637
2945
7292
8856
13302
2150
8263
7290
6503
9272
8445
16887
9244
2496
8846
7028
4881
9512
5992
8252
11840
16528
4884
7733
6169
336
7963
6865
10800
8627
1184
9510
9509
16693
10498
8827
7899
16828
11396
124
5041
16569
9129
13947
9049
8818
11424
15101
9321
9222
11440
8225
8399
6728
17328
8809
16904
8220
1764
14812
8581
9791
7847
7969
9478
17298
11544
15418
8643
2198
3246
6480
7573
9797
15506
3900
8902
7859
5993
8648
17276
229
5680
4240
15792
577
6645
15817
5773
7325
2555
9452
9451
8775
5406
3280
12034
12862
7657
2126
9535
16489
9061
4049
8654
248
7200
9278
8575
3108
6813
13434
8641
8298
4951
9429
16584
8170
6795
9437
8464
15856
4934
8165
7403
4586
3813
4344
14252
9295
8046
16714
9385
8193
8405
10981
5659
17657
9407
13447
12942
3877
8049
5180
7189
10146
9446
6047
15640
12020
5187
8335
6569
4424
17688
9638
13704
9389
3158
4568
4953
15154
8079
8713
7623
8578
9033
16755
2732
2794
9685
14949
9423
7168
7861
6731
15244
9527
8507
15935
14308
4870
8656
12933
4965
9316
16368
16195
9013
1474
3261
16514
7951
9355
9035
7404
4932
3314
7150
9260
7757
8101
9674
17191
6472
11737
4976
6334
1930
16150
9339
8671
9789
5691
7610
7748
9117
8088
9836
4648
3727
13349
4984
1234
9699
11853
12684
14063
6535
2174
7418
13929
15900
8075
9578
3257
13784
7987
13590
9557
14880
17544
9529
4829
4995
3456
13624
4414
9827
14416
7300
14654
9039
3404
6667
9297
8632
12458
7795
96
16940
16284
15022
9016
8050
11718
5361
6008
9467
13673
5008
13174
9917
3260
8042
9242
9078
7444
5930
8038
7520
8990
8327
1461
7605
11268
9639
4314
6226
6753
7952
6392
9519
5072
8257
8948
9671
8535
8157
17495
7535
16414
8924
10833
9692
7676
5026
13023
13486
9344
8036
8168
7544
4434
8384
9598
9323
8704
7901
8727
8944
13269
5299
12983
5035
2941
15254
8865
2322
3906
1590
16690
9359
3868
11116
4134
9787
2107
2833
13308
8139
9986
9985
17035
13982
9982
10224
9980
9979
15886
5048
4788
5554
5573
7342
16122
6735
17673
5052
8544
813
8034
17060
16843
15840
3289
15670
9580
6743
2392
9559
17999
10039
11253
9157
8002
5634
15345
10660
14715
9695
13834
11812
7060
9859
7018
16326
8107
9411
6757
8767
13417
9125
13798
9680
9158
7815
8512
9689
17443
5073
13109
9729
9925
9924
9923
17170
3384
6027
16261
9650
1251
7579
7870
6998
17473
10304
9950
13060
9147
8487
943
9744
10980
7628
6781
15594
2034
13196
9138
6987
17029
8143
3830
14842
17151
8815
15621
4329
12798
9338
10233
9887
13031
9885
1573
6976
1720
9121
9998
5098
9330
9179
7407
2983
7004
16564
16717
10051
6580
10031
3402
2300
8457
16052
9114
5636
9104
8023
17928
10091
7270
7271
14137
9856
1219
10152
9981
13686
5078
7880
7912
9959
16015
5115
9088
7790
8009
16230
9540
7849
15239
14568
9722
9080
194
9619
7512
9352
14437
9831
753
8949
14072
9591
567
11294
8203
2231
3418
8716
11619
9719
1654
1876
17327
9919
8294
9793
5352
9057
9290
2625
9809
9808
4070
8872
6986
9541
12912
9706
8401
5139
9015
9963
16068
11806
9349
6612
17795
9644
2566
11096
3118
10229
9788
5146
17911
10223
14226
12078
16139
7317
9028
9485
17736
9958
9195
8379
2810
16268
9021
9381
6557
15918
3002
8021
11325
6090
9014
9855
7581
9459
11125
8366
16313
10183
15741
10181
8362
12322
17142
9753
11145
9764
2853
12916
16535
6459
2299
9482
9197
6726
4955
7306
15805
13424
4137
5172
6614
9736
1369
9849
15072
11230
7570
4448
5994
9492
9059
2044
9207
12108
16366
8537
12682
9721
9720
9708
7629
7775
3937
9621
9992
7778
6704
16742
8299
10023
13622
8961
5064
10277
8000
3114
10274
9767
16008
12408
9762
8903
12569
8311
7830
7793
5165
5196
10205
8885
10693
6931
14979
12840
3466
6466
10196
15694
16650
9932
6937
4985
6656
14432
10236
8493
7740
9905
14515
12756
9469
6826
7252
9377
11473
9803
14163
9665
17180
8019
16302
9716
4924
9273
5944
3803
8277
10057
4173
5217
9653
10046
16639
9479
13885
7263
4775
9533
5032
14360
6912
8901
5804
5177
9640
12908
17080
16254
16687
3797
8258
9461
2823
8723
17006
14688
9629
9155
9862
5232
17570
9832
17889
15198
15478
10119
7284
2152
8878
14698
5254
10500
16469
8383
6736
9227
11521
12058
6831
16416
15975
9606
13654
8232
12843
9759
4110
14374
17866
10167
9872
8119
8613
7467
5971
12100
17087
7803
14808
10592
8851
10227
16926
7933
11773
3264
8214
5862
17297
16480
6224
15000
17649
5259
8408
9575
1447
8769
13993
8835
10062
9023
6181
10043
10093
8830
12125
5266
9889
8855
15757
9745
17984
8900
14785
7027
16891
9555
5517
9171
7207
11266
9041
7393
7033
7913
6447
10784
7287
5277
3518
13290
14844
9503
4404
10406
14925
10404
16341
10402
17023
5283
16964
10331
7842
7523
6725
9018
10151
9145
2370
1826
15139
17530
4316
10243
7944
10436
10019
5292
17603
9929
16969
9530
5898
13410
12085
17214
14632
12636
947
9840
1997
11818
4331
8834
4957
9307
9500
8142
3224
10958
16720
6864
11363
9785
13108
17444
10354
10353
10352
15990
10749
9251
9632
5310
17227
5693
13773
9728
14992
7970
5904
8503
8611
13008
10415
10906
6380
9279
4690
8742
17514
5595
9212
10015
7090
12144
9159
7122
11543
9663
6562
10320
10319
10318
3550
9687
8728
14470
8103
13908
10240
10607
8528
6605
3790
7997
3821
8719
4533
9491
4862
5334
15851
10323
9320
11702
16507
6661
10454
5338
17784
10291
10290
11032
14918
8875
12112
9863
254
9351
14054
8078
12763
10394
8697
6597
9038
5038
7561
6631
1143
9999
12740
5350
17613
7135
8281
10266
17275
5353
8684
10250
9406
3199
10817
15504
6428
1188
4592
8946
15829
10491
12172
13742
15211
5388
6434
9733
10301
8939
10244
10581
10338
17326
1028
9938
9879
3696
16161
12780
7505
12356
5496
6312
9378
780
12652
9783
11683
844
13904
9101
10295
9911
5885
8206
13235
5377
9368
7402
16959
10575
9009
6112
15220
10858
16441
9996
14483
4578
1631
17898
10204
10689
9902
10687
14031
13850
9658
10683
7185
17880
8626
7946
3375
14944
9961
8622
4622
8381
10187
7137
14447
10696
9089
8223
11620
8614
3949
8957
5018
10718
9918
8837
17837
9325
7992
10171
13765
5403
17073
8947
9319
16190
7091
15234
17047
2508
597
6638
17806
8114
3852
9275
14271
16364
7096
14902
10024
12712
9281
10734
13015
5360
10740
1586
10729
9287
283
7046
16559
7854
1602
10659
9293
8919
8434
7666
6556
10395
4964
15298
7233
8369
2973
10126
12427
444
10625
10003
17109
9542
3926
7420
14427
10475
11977
15150
9271
4764
17474
5434
12463
11156
8553
9265
15683
2341
4555
10618
10018
10335
13961
4579
13795
10579
8707
17832
8542
5443
2283
5444
16125
3984
14345
10055
7926
10668
10086
4502
4670
5449
10568
14750
15622
8177
10459
8035
16275
10604
16684
17842
8984
16768
7794
13314
13212
14646
8490
12472
16039
14806
7964
6170
10526
5461
6554
8497
6508
17496
7208
10739
5769
9758
16177
5466
10769
8201
8783
17558
6144
6994
2633
5470
13197
10521
9054
9801
9833
10471
5365
9124
8506
10211
15292
5518
9904
10911
4413
9194
17681
10028
4618
9946
7625
8482
5807
5371
5161
10510
12096
5800
10878
8761
2211
7408
15891
9603
8930
5488
10170
15406
8238
5560
10702
9571
6551
9710
8273
13942
10493
7258
7918
10863
3964
10515
10439
4190
7591
10292
10267
3176
16001
7237
8411
9431
9987
2967
10745
5844
6904
7155
8085
10711
10004
16594
13335
8442
15657
5977
12149
10584
3538
10757
15036
7101
8574
9968
154
6970
10490
7312
15772
10437
7043
13534
10956
10955
10954
10953
11559
13900
10950
10949
10948
10947
10946
15386
257
5523
12386
8449
5910
8288
3697
12394
13697
1421
1019
9507
9110
9303
10247
11800
7380
6713
4750
10562
3688
7533
12849
10754
6187
9335
14228
7231
11049
13916
7239
10695
9565
9971
13330
15596
11961
7776
4871
9483
15360
9701
17445
10094
16723
7197
4738
17924
9906
6899
15008
10375
103
11039
5765
10030
6950
9898
6662
6537
7910
12262
10883
10882
10881
10880
9890
5556
10316
10321
6105
10463
15799
10841
15705
9882
2013
17582
10824
7809
9587
10347
10725
10758
9874
9866
13001
10840
4453
10932
13933
6130
15019
11131
17133
7566
14770
16824
8915
9752
4866
11123
9858
10843
10842
11119
11133
11676
15733
11115
4294
5578
17827
11111
1410
5580
7939
7735
16908
9843
8228
9439
9854
556
12966
10387
9017
9965
15503
7753
11970
9935
9232
10789
2717
10297
10811
12028
10809
6250
9152
7361
9513
10443
9821
8393
15477
13354
10384
10535
12508
8637
16247
10499
8765
10118
5763
5601
12937
10275
17847
11690
17325
9262
6384
10783
10782
10730
9800
7575
7477
5823
862
10564
8256
10135
10706
9454
17296
9941
10917
9363
12889
10253
7763
11135
6783
5890
11132
11182
10759
11129
14319
9353
10637
8175
2622
6755
9215
9773
8081
7029
9064
13262
17593
9807
8502
1744
17761
9647
2773
7513
17545
10737
9760
12790
10583
15264
9258
5632
8224
10641
2343
10534
10420
5635
3076
14254
10438
13086
14298
5638
5731
10799
10717
11902
14353
11221
8558
10853
3950
9876
15104
5644
11733
8922
9508
12324
10106
7855
10900
10856
17755
10699
3766
7377
8365
8477
16758
7337
7537
4102
17632
15352
8907
10823
5861
5656
8394
10865
7767
10682
16324
10369
12678
10063
16362
5253
10849
12612
8916
10751
7235
8208
8132
8498
14578
3113
16542
10665
4636
6973
12714
10934
8436
7351
5264
7089
9075
5521
9686
772
11621
8674
7338
15458
237
10141
7569
12828
9306
10726
11062
9939
11708
10763
15786
9881
9091
8182
9455
10635
1199
8701
8860
10125
9142
10647
15715
10994
10105
11185
16813
11183
5058
11181
10621
9960
10064
6636
9652
10997
9761
10709
7955
5695
657
9646
10864
9360
7958
11151
5050
10574
5976
5700
7601
4221
8154
7603
8720
10632
9350
1629
4973
10594
9630
14104
7609
5707
6618
10988
11114
10379
12200
5398
1998
14984
8513
10834
16745
15286
10207
9989
9820
9614
6902
6341
14118
11327
2407
11136
17703
5719
16681
11321
4129
8582
14848
10914
3741
10220
9201
7885
15173
10557
7110
2795
11375
10423
11285
11389
3248
11144
15177
17988
16895
11101
10545
10828
711
16420
16049
7289
7026
8782
15330
16620
10199
4125
11269
5738
16339
10044
8100
5740
3159
10613
10738
12586
17767
8615
10523
10021
8093
8304
8938
9883
10614
7663
1091
17730
6177
11184
10512
10172
7507
6891
14741
10982
8324
10775
6092
10358
9548
10502
10487
9860
5978
17190
14081
11074
3385
16458
1123
3690
14635
10719
12433
10667
16153
8067
16628
5764
13896
10145
11513
3574
10481
12178
3629
8332
10383
9524
8270
5770
10178
10620
7531
11043
5467
8053
14869
9239
15597
8967
3850
11226
1729
12852
9778
5778
10820
10952
7761
16142
9505
11005
14017
1116
10452
15128
8463
8098
17710
17446
2469
9496
9004
5787
11189
6142
15765
10819
6363
5790
17475
11283
13920
7925
10434
5793
7725
5794
14565
11108
258
17274
12803
14286
10425
5900
17623
13732
10311
10969
1640
10778
9393
14422
10416
5803
15169
14708
5866
8499
7741
5430
11314
7454
14160
9460
17749
9065
4317
17822
11386
5811
3874
10399
17053
7751
12229
11059
16491
3547
3469
9447
7942
10390
5162
4091
15927
11249
9977
7988
8653
8732
10382
15502
9347
10191
17641
10112
16726
11423
5460
10374
9430
3620
3576
10451
6427
12192
13441
9750
10366
11177
9331
6507
8150
5431
12489
11511
17515
11509
14657
11507
11506
11505
11504
5838
7785
9489
10350
11222
17907
6617
17696
9405
16443
9263
5735
10342
5696
8768
8616
17852
7016
8771
3440
10879
13284
12092
3342
8020
17871
5851
8904
5852
10327
8409
8798
7025
8364
11060
15846
15094
10649
9337
3600
5149
13599
15642
7196
5860
13840
13198
11457
11582
11455
11454
11453
13022
3633
10305
8189
9734
14071
11699
9558
7800
17531
10298
5164
8864
16311
11167
7829
9120
14665
11035
3584
11499
14603
10829
13030
11100
6160
10284
13976
3049
5230
15310
9345
6689
16128
11419
11418
11417
9875
7354
16949
1337
8790
10270
3622
9585
9949
11099
3209
7851
4462
10263
10616
11233
4205
9819
9326
8548
9926
11045
5397
9322
11491
10317
8312
2521
11724
11388
11387
7124
10924
11259
12325
11597
11425
12154
13757
7877
5639
5903
10603
8681
5176
7873
9475
9844
11397
10380
17497
10230
9539
5909
17101
5585
16647
11361
10169
5912
4952
6388
4365
10984
1270
11338
10217
10857
5386
8124
9285
13616
1730
11775
8731
5920
4997
5387
16500
10743
15695
11831
11337
9002
13270
6000
11195
4666
7112
11823
11188
16360
12539
11584
7429
10025
5427
11815
10056
9213
6367
4097
5004
11317
15323
8479
10723
7915
5433
5499
15442
5845
8484
10559
871
14802
11649
8912
4706
14612
5351
8655
17169
12676
11297
11296
8494
9955
9515
10987
17226
7931
7660
11611
3966
10251
16471
8927
13213
5952
10142
5953
16984
14600
11278
5955
11190
11395
5747
8936
10514
10503
16599
7449
10872
7947
9218
15114
16213
10671
6051
11262
11261
10134
5819
5965
5208
11015
15165
9208
17957
11302
6991
11774
8437
11073
17953
7786
11769
11245
11244
5973
10265
10117
11542
8963
13677
16282
8289
1558
10020
9191
6318
7331
9302
7272
11229
11660
3486
6754
11657
17790
5555
11038
7726
5985
17666
5013
13503
10095
6843
9115
16612
5989
1962
10090
16062
11143
15185
4879
1389
11765
2783
11444
16523
13660
3918
11200
17773
9375
10663
10149
2404
17000
10909
11851
5841
11849
11989
11847
10069
11845
11186
11984
1413
8007
16422
6006
10412
10591
3382
4367
2441
6009
6281
6010
11173
11172
4055
6012
11646
9020
10810
17240
11122
6707
10313
9133
10294
11525
11160
11159
14159
9631
8853
6020
7722
10038
11606
16300
5975
17658
4362
12742
17961
12378
7599
10877
12811
10959
11570
6028
8703
9245
5896
11409
17447
12622
13297
2818
12402
11205
17949
6034
9105
17150
6646
6036
9102
2554
12050
11483
17179
9909
17801
11147
1850
12454
10874
9757
10182
8001
13105
15872
17920
6895
15896
7527
5113
12650
8868
5201
10337
11755
5250
11753
3568
8890
12497
15750
16218
12602
7769
11936
7304
10597
2046
11089
2572
9735
10213
11533
3254
6059
3812
11428
15867
10303
11639
12260
15501
10159
12344
11214
9966
8087
10746
6066
14615
11895
16482
11430
10944
7592
11000
9957
9051
16636
8869
7980
9048
11058
581
3672
9217
11535
14956
6076
9779
16862
1309
16096
12519
11697
6954
16870
8283
11359
9731
11311
15135
16516
13414
11969
14597
6085
4176
5036
12855
10653
13460
9025
11407
11237
16093
9022
10694
10445
7632
9814
17323
11633
15344
9751
11019
8127
9637
6956
8412
5057
841
11876
5544
11223
11078
11009
3658
8135
9005
6102
11885
11651
15684
11882
4765
12140
9498
6106
17743
10238
8358
6108
16099
12031
10042
13892
9891
11263
12481
7063
1800
11519
12409
5016
10355
11675
15742
8593
7340
8739
4619
6118
8980
11763
10974
6120
17011
2452
14368
6615
8084
16530
15269
11899
16203
12083
3536
11139
8169
7375
10505
11915
10464
11033
11420
10525
10884
11696
9922
5418
7791
8361
8958
11042
6766
11799
4651
8565
17817
9206
2886
10365
10940
8950
2539
10234
3891
6141
17965
11577
5584
16090
16729
7509
17141
8779
4528
13924
11434
15952
16921
6148
13384
11438
7560
8934
7190
6151
17476
10916
7594
8652
17689
6154
5414
12982
8926
11920
17945
10333
3644
7460
17559
11545
9582
7596
10179
17604
5646
7364
15215
11925
9806
8219
8913
10893
8221
12994
9609
10793
5550
6509
11069
13380
10885
11406
15081
10779
11816
6528
1306
6173
10970
11517
8390
11687
14997
14134
7294
9549
16858
2240
12228
12227
12226
12225
14117
16102
12222
12221
12220
12219
16874
8649
17857
6185
7516
11890
13577
10998
7804
7133
7335
10389
8877
12299
2381
8255
9209
8444
10286
10273
9684
11150
14053
16240
14045
17674
7860
15862
11913
10835
8265
11779
9749
10016
9108
6376
10082
11465
6265
10339
13309
10177
11240
12295
1593
10821
9738
11251
11684
6208
5726
12059
2752
10814
15983
12164
14361
12162
15405
12160
16358
8953
12306
11441
8385
3910
11954
6217
10801
10364
4663
11107
4146
6701
3628
12341
9107
9127
13475
10891
6138
8356
5110
10788
6827
14884
11171
12239
6932
7303
13179
6229
8820
6230
4064
1552
12124
12123
16795
12512
11992
10314
4817
11239
14158
13388
11476
8247
15416
8808
16087
11814
4621
11735
13457
9362
11004
15960
12751
6243
17273
11332
7445
15818
4851
11012
14457
11075
7762
8804
15189
12090
12089
11377
10744
6485
17992
6252
14852
9380
8905
11258
14103
12319
15812
9661
10011
9839
10732
6258
17885
11048
1899
10163
5308
11357
11224
8694
12064
16012
12062
12061
10720
11808
9008
15672
9264
10287
17546
10714
3982
16322
16036
8763
16266
11941
10708
11848
1763
6273
17894
7410
8964
12231
14638
12038
12500
9416
5114
16748
2601
14400
9698
17448
4646
12155
12473
11319
11858
10839
3667
3462
2027
12466
10421
10121
8740
13586
12016
12015
11380
8619
10280
8387
9608
11010
11528
11301
6800
11538
16944
17116
7928
10895
16105
16424
3701
9848
14748
11996
11995
11999
8722
2632
15758
12189
10657
10504
6350
3625
15725
10087
10652
6305
10104
16164
6452
16930
4793
15500
17650
11975
4206
5712
11231
11267
12321
12822
11384
12422
9573
11787
13291
6024
9570
6409
10808
12076
10630
11958
17969
9084
3554
11712
12373
6584
16445
9174
15643
16802
11738
3921
10943
6325
6446
12197
7742
12543
11940
6328
8682
11235
7345
16912
4754
11399
10131
10554
15475
10907
17294
10859
2578
11879
15706
11924
15005
9506
11298
11219
14
12362
17941
11576
8974
12381
9697
10589
9401
17322
5997
11909
13843
12482
6220
16854
17583
11591
5476
12695
10985
12693
3961
12691
3406
12689
11290
16788
11893
12685
13789
12683
17516
16878
5006
17498
9383
12677
11279
12675
16131
14256
11880
12671
15923
12669
11197
14920
12765
13438
8485
12663
14320
12661
10216
6366
11834
11866
11865
12380
17059
8917
12377
8586
10033
15882
10540
7058
16460
5839
10328
12209
11852
2616
13597
16084
11284
15206
10530
9975
16198
11802
9474
8518
250
4392
11839
2887
10386
12095
16989
8529
11824
12151
16761
10516
8952
7699
5588
11827
17779
10507
10324
6390
6920
12736
12779
12071
5094
12199
10961
13812
8153
12479
198
1348
13946
6218
6670
8531
868
12764
9672
11987
2542
9200
12759
13762
9248
11206
15964
16046
12253
7484
10484
8577
13863
6407
11791
11790
15824
11431
3325
13226
8082
12365
12296
12242
6014
14496
4988
12399
12128
8517
10085
14504
12230
13690
7908
14388
2710
11555
8319
11768
8918
8432
9412
9257
13821
11241
4480
11821
10453
6425
10462
11757
4284
9930
13350
12537
8547
12535
13478
8545
14010
13084
13392
11746
10440
8541
11411
10009
11604
11927
11270
10361
2574
12542
11736
6438
16005
12511
5111
15806
12323
4597
8589
9175
7472
11726
1616
11138
12233
14080
16576
11031
9974
11583
12218
7945
11716
11939
11950
5393
13407
9369
11512
17532
7205
7971
17594
11706
3749
17086
5313
10565
12709
9853
1486
10595
17079
12159
12263
3228
6682
17034
11127
12471
11252
10200
5348
9481
12863
6465
11751
3098
14023
11087
4918
7967
16537
11394
11678
11342
16252
9340
12182
7782
4093
12698
5066
12789
11669
11668
7376
12035
6964
12627
11948
11912
16059
12703
15441
11659
6164
6481
1591
9815
158
13992
17724
9229
12207
10472
5933
10963
13495
12423
4050
12421
8200
6489
11642
8466
10259
15734
15097
7758
7708
12103
13180
3302
12187
11367
12137
11213
15841
6841
5967
6498
16571
11625
113
9308
8248
10330
16732
9289
16581
14732
5315
11616
6844
10931
9294
8675
16273
9011
5159
15600
11608
14798
3201
12477
7819
6464
8438
15716
9304
11600
4342
11179
10073
9886
10307
9309
17477
16356
11592
6518
11894
12529
11906
8427
5647
16604
2101
11859
10296
11416
10433
11309
14406
11796
11209
6526
12711
11967
2373
12345
11362
12343
17028
10450
16831
11568
8696
10281
5442
8711
17449
13372
8471
13612
11560
9566
8240
7548
12419
6538
10845
11771
11553
10549
12993
11923
12351
9111
17737
11071
17189
12879
15157
9083
6127
13824
4792
11023
5612
12587
902
9824
17876
6550
13255
14854
10610
11112
11456
12875
3489
4981
12179
12366
17973
12117
11523
10929
15625
17812
15499
12791
9214
6560
11516
12307
13877
12281
2050
11883
4145
12969
11671
12595
13561
8368
12784
8979
14438
6568
11502
12701
11594
6570
10971
11447
12429
12206
11495
6573
11993
7889
15940
9871
11273
10813
11488
12810
1071
12821
7656
11629
16228
10206
14725
10397
7898
6582
17937
11567
3609
4959
11474
11358
14061
7274
10539
17132
10457
8661
17225
8624
16156
12960
2236
12359
4394
11461
7052
8791
11494
10551
17903
6595
12086
11727
10654
9896
17321
1625
17239
13007
11448
12258
13928
6601
10563
11501
9154
17916
12431
7695
16426
16026
4322
7005
7442
11435
7036
8811
10162
11236
4003
7211
14233
12467
14913
9576
11093
6613
1670
12389
14070
12495
12029
11257
10587
13568
12988
17862
13046
13045
14433
15780
13042
13041
15773
13039
13038
12143
16809
6624
8833
10733
11403
13664
10674
16180
9656
6628
4529
13119
10876
12563
11079
4250
12760
12176
11391
6633
8845
363
9274
12955
6072
11385
17633
9956
5974
11324
12025
12864
11379
6640
10113
15968
2499
6642
14691
11373
3985
11564
8179
9298
13082
12992
12991
12990
12989
13236
4432
15696
9070
11855
16111
7993
10643
6652
3035
12113
11355
10271
17682
12527
5347
10777
10385
10088
12737
15910
16644
12727
5311
13806
14696
14934
16566
9845
477
11287
12005
12093
7914
17072
12954
12953
12952
12951
87
13265
3185
11280
16586
13215
3051
13259
10066
5640
9058
6673
13208
13253
15367
6675
10060
10651
6807
6677
12653
5160
12443
17212
10054
11310
16473
13106
16781
12922
12921
12920
10048
12291
8750
12055
9250
6686
12499
13223
14156
9037
3445
10034
15238
6690
8921
10037
9286
11057
3997
11288
11846
11329
15297
17272
11747
12895
14946
12893
10027
11164
14739
12729
10826
6700
17293
10349
11489
6702
11272
12418
12348
10727
4449
10605
12623
6541
16335
8943
10012
9984
15474
12870
12869
12868
6928
9006
9947
10548
17572
12761
8354
12003
15887
12415
9594
9473
10747
8998
4505
11246
14779
6719
887
8787
12848
12847
12846
13708
13333
6793
16493
13219
15901
13315
4891
12492
14572
13311
4634
12190
11580
13307
14257
13080
7167
13303
12827
12826
12825
13393
6797
12129
4723
9261
9948
11216
12984
9713
15258
10553
6878
11211
8307
12894
13065
8645
12808
12807
12806
10115
7707
7388
9062
11201
6397
17624
10795
3708
16193
17022
8956
6749
10405
12899
12452
9178
16672
12788
14545
12279
9983
11965
13052
12485
1652
13339
12659
10136
12522
9095
5429
13199
16625
4423
12772
12771
12770
6762
15601
12672
4687
12185
17005
6267
17796
9403
10957
12959
759
11163
4928
13529
12755
12809
2116
11158
13524
6772
13050
9031
6436
17046
9913
12583
15685
13051
15291
16078
9543
14488
12738
12881
11459
7422
12308
6771
10869
14588
1490
10483
9798
6784
11318
13455
11220
12724
12723
14512
9894
6874
7806
8026
8550
6209
11126
17450
2716
9367
9617
10190
9003
13019
12708
8086
10673
12970
5702
11638
8083
10790
15800
5617
2239
3578
8844
10202
12697
12694
14382
12823
15394
12248
4536
7723
6195
6806
12634
12799
6030
11760
17499
14102
12680
6810
12710
11527
6820
11354
11090
13143
12704
15498
3808
17168
5987
12668
14428
9739
7975
6818
16447
13279
4400
12805
11077
13517
7895
11813
4106
12655
12654
13145
13358
12215
13508
10417
14796
13280
3611
7697
13277
6829
9165
15852
13376
11711
12548
7077
228
17996
11056
4177
9826
4979
13144
9284
16617
12629
13482
289
16354
12284
2228
6840
5215
10262
15013
17642
5112
12618
15329
13615
6417
15998
14766
10741
13639
10913
8024
9219
1815
13014
16298
6850
12211
12455
7427
11836
17977
17560
6722
12905
16903
2481
13131
17320
15787
14016
11681
13559
8635
13557
3313
13555
6
15766
12584
13551
4219
13549
4869
10609
11006
11739
5799
6866
9634
11002
12573
12572
6244
15936
17178
6870
10571
6871
14856
13193
12625
11347
12562
10700
10990
9167
14886
6876
9766
10986
8788
7082
17517
12552
12551
11795
9993
11469
5166
10978
16751
8781
9756
8261
7409
12541
17933
7224
11874
16846
8717
11785
8431
6412
6748
14462
12531
16114
11946
11693
12120
12638
5157
8071
5183
12498
12731
16484
13694
10099
16320
6898
16735
13689
14538
9361
9732
5531
13684
16886
11344
8629
4602
13679
11837
13130
12774
7425
16245
7126
13693
13712
12679
12437
12290
2868
17547
16502
12311
13453
6284
13214
10928
12446
8741
11463
15117
6916
11809
14132
1249
12814
17785
13703
10488
11534
13461
11908
11390
12474
14155
13695
7553
12464
10685
6925
1624
11673
11083
12465
3050
10413
6710
13364
11868
10902
9241
16428
9616
13970
10926
5934
13076
13139
16561
12426
3435
6936
15626
12447
8712
8749
8275
12491
9914
12946
5288
15404
12439
12837
9440
13467
3788
13391
13986
10418
10991
10237
16591
6947
4558
5494
10873
12787
10951
11486
9662
13775
12977
6192
2979
10866
9134
6915
15972
7900
10862
12413
13155
13418
10750
7264
7896
6959
15153
10855
15131
10215
6146
11393
16633
12183
8801
6456
10848
12397
8677
9841
16280
13095
9954
11304
12560
13343
13229
9635
9915
7405
4232
9100
12769
10713
12804
13589
12907
11339
8167
10193
9626
10466
4410
10827
15919
11743
12594
16968
4477
17704
12494
12725
4229
13607
17149
12699
12456
10378
8410
11644
10362
12358
12357
12049
10261
14330
9921
12256
16963
13301
12350
6992
9453
11835
10803
10939
12664
9327
9725
12342
11674
6997
7852
10161
10756
12599
15053
12335
13337
12950
1884
9156
15233
12565
5076
16462
8054
7102
12801
13782
13479
9343
10110
10619
16056
13318
10014
14002
4550
13263
13874
8691
12313
10773
2179
13899
15197
8188
16233
11694
13894
7017
4678
12971
8231
13889
13983
13446
13949
10532
13514
15602
14311
1847
8702
13206
12292
11709
11530
4430
15440
13804
678
13231
12285
11247
9373
8266
11766
16544
13024
9737
12278
10550
17605
11794
11422
4693
10109
12484
12271
13328
8043
7038
13717
7039
17533
13556
16075
7228
5597
7042
4437
13731
417
13201
15285
13727
5821
9995
12614
10721
11429
12251
15219
13535
10973
12819
15751
3598
10633
12244
17451
7551
7049
7054
4680
12935
12238
7056
4704
17100
9592
12224
1761
8516
13760
13171
8278
11165
13374
7062
9417
12361
10791
13501
4347
7777
12483
11084
17385
15050
10079
9857
17386
13634
7481
6035
12212
13939
17292
11573
10198
12608
9494
13649
17807
12077
993
14069
17697
9181
12641
15322
6730
8025
10407
13431
4142
5373
12193
12591
14235
14055
9445
11335
17388
15062
8530
10662
9449
7087
5606
14143
15309
11343
15473
10656
12000
10127
12534
12175
9457
8521
77
11351
8670
11551
12169
13287
5677
11983
716
10644
17389
12424
1989
13412
10144
13935
12044
10638
17667
13799
7045
13294
13433
7105
11040
16958
2707
7731
9812
10629
17659
13745
12145
10626
14516
10032
7132
10623
4412
12139
7381
13071
12928
17756
9604
10492
17762
9516
1856
7118
17319
13794
12830
9432
3111
11869
11654
8933
16033
12571
6965
8549
9426
10688
6272
13049
12116
14906
12878
11725
13523
14029
17140
13385
15343
7705
12713
9568
4996
12105
12577
16816
12566
10155
10061
17584
15660
13029
7698
12330
17391
13619
12094
7140
6352
14994
2543
11904
9811
13815
9203
14101
14100
14099
14098
14097
17867
14095
14094
14093
14092
14091
14090
9945
17271
13151
4376
10257
12072
10219
4963
13340
13870
5296
17052
8446
11451
13122
11953
4202
16827
13245
4015
12617
4442
10742
9740
12056
9376
13730
10691
12896
17392
12051
2074
14794
14212
14746
12068
13588
11963
16148
1738
13129
17615
12876
12040
8762
11539
14044
16669
14042
14041
15100
14039
15384
14037
7177
12030
16352
15726
7563
9137
12163
13278
12767
12349
8733
15047
10518
11754
13319
10264
11603
9346
8342
13224
17238
17838
10506
10967
12364
16525
12009
5226
7191
4794
7192
3944
12004
16609
14003
17393
14001
14000
13999
13998
11467
4798
7198
10896
14393
12127
12915
9601
13018
13114
14387
9682
10805
9098
12968
1644
14381
10529
7206
12334
13567
9645
14375
2704
13369
17981
12897
5802
14369
13969
13968
13967
13966
13965
14858
6444
13471
16518
13044
13509
9623
16333
10467
8757
14078
11960
13716
8037
16774
17912
7222
11955
17890
4760
10624
8096
8423
12900
13941
13940
14177
13938
13937
17394
7229
7600
6817
11484
13647
16188
10901
12468
10850
17224
12109
5327
3986
680
10441
9649
14287
1776
10892
2171
9443
15932
13914
13913
13912
9465
8785
11922
2735
12739
13604
1973
10428
14777
12833
13064
10871
10771
12396
17929
13977
12885
12084
7578
12690
17750
13891
14180
14352
13888
7254
6029
12817
6787
17768
12249
8331
15836
13293
17479
13539
16842
12603
17843
9341
2904
13958
5154
11916
13869
13868
15645
17500
171
12856
17395
12639
11881
10847
8760
10904
9238
13254
8313
14183
11635
13506
4848
11872
10114
16978
13848
13847
16430
7276
7162
13469
16890
9192
11863
13103
3634
12773
9782
13239
15110
7450
2080
7283
8959
13830
13829
13828
13827
7286
17595
6424
9717
13948
9978
13859
6248
11728
10363
7291
11667
14321
3206
7977
10772
13811
14875
13809
1822
12745
8355
11833
10615
7268
4358
11041
12716
12445
6647
12575
2920
7302
13544
14239
13793
13792
8458
11820
11036
10341
8272
8360
14240
7232
17396
7309
10336
8625
10444
13252
6746
13777
13776
13490
3479
10449
12395
9795
11803
7316
8780
9538
16556
17452
12039
12705
7511
13089
15627
14120
2928
13034
3504
12816
9765
13770
6278
14012
13571
12579
17828
7327
3012
11508
13746
14219
13744
7330
8496
15794
11731
11055
4888
13702
16596
17188
16738
14331
13010
12718
14087
14327
6336
10249
15759
13959
5723
15496
4264
11762
14607
10489
15717
14201
17881
15976
17675
13715
7480
16072
12099
14596
14443
9677
11750
11759
14218
13592
5654
12865
13839
14667
14585
7353
11742
11767
17397
12259
9130
13662
13079
17718
2832
7996
12749
14207
13688
7360
8829
17690
12829
11481
17651
13675
13389
11783
388
7365
12674
13676
14727
7367
8842
11719
9825
4209
4763
14720
11715
12706
15138
11614
10239
13663
14713
7374
9643
12255
11707
8333
17211
14706
9837
14475
4818
14519
13651
13650
17115
1070
10774
15068
18
14057
10329
13419
4051
17318
4945
14684
13638
7611
11688
6752
89
12665
10232
13614
8178
9588
7714
7646
13627
13626
12216
14296
11677
14404
5448
13116
10543
14247
2576
7398
12914
14719
14781
14414
13492
7401
14411
11021
14136
14303
6302
11662
17398
14489
14922
16264
17518
12927
9877
14290
17899
14689
8378
12549
16175
13593
14774
7412
5249
7413
11647
13346
8041
13183
10765
7416
12580
13582
13581
11640
13276
11871
9893
10861
11636
9895
11875
13132
11210
13823
13570
7424
8857
13159
8337
13250
10919
9903
8172
12273
17848
13560
11622
12384
8349
10495
12842
11618
10165
13367
2652
3848
13550
14299
9868
10854
14514
13810
6828
14775
8062
14773
8803
14771
16137
14769
14004
14767
12134
14765
10150
14763
349
14761
16798
14882
17291
14757
4025
14755
10010
11919
9933
11590
6381
13520
14871
7452
15686
10137
16009
7619
13887
10666
4970
12166
13510
13595
16257
8104
17573
14279
15358
10343
13603
16704
14129
13500
4033
13359
11569
10797
8451
7465
12643
7466
16701
13491
4978
11562
10116
12449
14494
5179
13477
7471
6739
14733
13481
9493
12022
11959
16791
14417
15472
7476
8805
13473
13472
7478
12858
14167
7820
10128
12660
7121
13324
13464
15991
7483
3
12619
4082
10908
14213
7486
7259
14847
13454
7488
12107
2659
4130
14552
4790
10411
11117
14350
13463
8239
9892
1992
16707
12903
8751
15674
6669
13437
6536
16120
15279
14549
8630
7500
14043
14073
13429
14273
10818
14647
5144
14645
11478
14643
1526
14641
13420
13138
12223
12514
9794
11264
10013
7510
12532
16698
14423
13210
10017
6124
11492
14528
3194
9394
13404
13403
17400
11097
11637
7518
16907
12367
3901
13396
13395
7521
14105
11479
12110
9577
15906
13845
12368
13387
3249
17744
12043
11291
14412
10036
6918
12320
13379
14364
13295
14223
12944
14941
13831
11067
17774
13371
11460
10047
16350
7536
14153
12831
5825
14579
17823
14577
10053
14575
8906
12331
15268
7506
13356
14627
7567
16318
4712
14405
11609
7546
6977
13348
8772
11850
10065
14349
14040
10067
2923
15454
17561
14026
7275
12673
14064
12087
9709
4428
14985
15604
8400
7557
17548
2774
16999
7559
15813
13325
14108
14128
14274
12604
10804
14259
14678
14019
15315
12405
11413
14525
16238
16710
11410
14975
9534
5512
14972
14576
9162
14969
11404
13304
14966
10278
11401
14963
9675
9387
11398
9487
13296
7577
14497
12596
17401
12559
11392
14800
16053
14653
15074
7160
6128
10111
14860
12261
14392
7585
11383
10922
17791
13855
17453
7692
15414
14481
12501
14479
10844
11679
11374
11843
13268
7593
11371
12091
16695
15366
11368
9651
13261
14557
11365
11692
16023
14724
11822
13111
14541
13574
14199
10601
14030
9937
11356
13248
15087
694
11353
7606
12171
14231
11350
13241
17131
1639
13747
17270
15495
14877
8495
13234
4546
14291
13530
13706
10153
7615
13228
7227
6576
5901
8816
12615
7415
6825
13221
7620
13997
11976
9371
14608
3621
15103
17634
16216
12079
15099
10894
7463
17985
15095
8986
14407
8155
15091
10173
9073
13202
17534
8991
13531
6542
13185
10312
9870
16666
17010
17480
7636
14624
13399
7297
16432
13964
11515
7576
14336
12585
7641
14831
13846
15873
14828
8786
13204
17402
11149
13176
14373
12235
11471
10197
16206
10569
13170
4905
13327
16495
13739
12243
16948
13164
7653
16464
12181
9799
13375
17317
13158
13272
2719
1686
14581
9865
12141
13152
11898
10398
11316
12872
14343
17107
13146
17085
14234
4916
11498
10221
13078
13140
14480
13553
1688
9458
14637
7336
13134
1144
3355
17925
4481
15915
7673
13128
11349
15403
14116
5816
10235
11248
14315
5492
14260
16713
14591
9087
1852
14793
7681
14419
12410
14543
15027
10189
13110
8898
14747
8738
17802
12416
17058
13104
14024
11829
13841
15661
7690
17167
14289
17853
14895
10676
5447
16069
13093
6042
16296
17078
12578
2865
12081
17625
9237
15221
11549
2958
16838
13292
13541
9255
12161
14846
14551
4057
14529
17177
14263
1217
14312
13275
8746
13070
11202
14511
15162
15628
7710
14945
9055
13573
8708
13922
13803
16784
13059
17403
12859
12626
7833
11024
16692
13974
14879
5220
9103
14681
14338
13048
16894
12355
7526
11381
15271
15217
7724
7113
11588
17501
11176
13341
15263
16002
15280
10650
15039
6917
13032
6207
14215
13796
7732
3007
16250
15774
7734
8828
13537
11817
13890
12871
843
13466
12017
10767
14318
13016
6882
11155
11612
6347
14506
16486
15646
15272
14454
14377
13772
13006
9270
16331
6837
7355
15455
12469
8745
5576
14466
4366
10524
13444
12995
5075
11137
8579
12407
4780
14171
6377
9741
11234
14921
3270
12985
13748
7759
12902
14195
15256
12980
15897
8871
2149
10351
14356
12975
11810
7765
13670
14151
15781
14823
5178
9726
14022
10359
574
17872
15878
13527
15825
14582
6558
13181
5182
13884
8638
10367
4572
13903
5184
14131
11102
10371
472
14389
17237
9711
11228
15035
3112
12945
10130
7783
8628
14704
16221
12940
5190
11943
11864
13097
1900
14111
17404
7789
2468
14293
5059
12930
11082
9696
12752
10391
14398
12925
16622
13642
8882
14537
12504
14867
9234
3793
9136
14904
6136
12023
6549
13474
7556
7802
12911
11917
11065
9365
8977
7805
12906
13578
13879
15371
2088
7808
12901
15003
16741
6789
16551
14135
14329
10241
13837
13761
5718
12892
8260
10143
12158
7816
5014
14498
3183
8077
7760
14959
7421
15443
10254
7966
13856
13867
14193
7823
9657
14149
15086
7825
17290
7826
14745
11741
15042
1436
17725
16716
13749
11962
16601
15437
15436
15435
16201
15433
15432
15431
17683
15429
15428
15427
15426
7837
12592
14390
5931
14209
12850
2562
9636
14683
10945
1636
14986
9633
8562
14539
5218
12841
17818
11563
9536
13951
9499
4920
10465
14924
9625
7850
12832
13740
15194
7922
12327
14897
12976
12567
16823
11295
5354
14426
11458
13987
8683
11801
15383
15382
15381
15380
15379
17454
15377
15376
15375
7863
5242
15179
17643
14351
8633
13971
17405
8509
10975
7868
1740
14952
14651
14670
13320
16040
13734
12797
10968
13207
7256
14399
9511
13054
10501
7876
14521
11805
13505
555
16689
14062
15342
15341
15340
15339
17033
15337
17223
14453
8592
14192
10513
11793
12775
13040
2296
7887
6966
15140
9670
14734
13043
5986
14363
7891
4518
13925
9296
16630
5262
7894
4679
10527
10936
12758
9775
15308
15307
15306
15305
15304
15303
17908
1665
12750
12316
10927
16391
9333
12746
14801
15325
14270
12121
13326
5880
14333
2591
1966
16389
15439
12115
17606
4627
16348
5009
11784
15278
15277
15276
15275
16393
11873
3134
14325
14139
13881
12929
10905
16504
12721
7583
9802
10561
15610
12717
6261
4133
11723
5282
14669
15588
14530
12642
15252
16151
15250
15249
15248
6930
14639
17585
17316
17071
14630
15029
7932
16387
13853
13195
14811
9952
14863
12037
17148
14424
7937
9034
11798
17738
15227
15226
15225
15224
12387
12707
15105
3072
2504
10870
15665
16395
14932
7178
10781
13004
11701
15658
12824
17406
17780
9464
4717
15205
15204
15203
15202
15201
14595
3725
15479
6658
11933
3453
13813
14609
9847
4340
13691
9770
13661
15533
14245
6454
9830
15184
15183
15182
15181
7686
15489
9486
12956
13915
12646
4411
14225
9878
9216
15133
5200
9193
10627
16767
13787
13818
15164
15163
15419
15161
14376
17027
16278
11341
16614
10825
11966
14971
15553
1212
10639
14618
9705
15023
14121
6292
15145
15144
15143
15142
9581
4521
14891
11336
14601
9584
3726
14439
16988
7048
14804
13857
14147
10806
12165
15127
15126
16397
15124
10802
14455
9901
14255
10661
14717
12795
12597
4263
13546
10611
12999
12593
13737
11811
15109
15108
15107
9441
14075
8955
9010
12986
9438
12287
8006
12582
13725
15735
8008
4652
14951
15093
15092
15259
10129
9574
13313
12201
8013
14795
13713
13786
14027
7962
5651
17481
12026
16812
15795
16719
15075
15497
14190
14456
15707
13954
9418
12754
13923
1830
9317
2292
12553
9599
13289
15061
15060
15059
15391
7631
8481
12546
8030
9246
16920
15464
13107
393
12635
3792
7065
17407
15045
15044
15650
15669
12264
13408
6285
10166
8039
6033
14508
5782
13667
12403
15032
15031
15030
10446
8044
16140
12257
15245
11028
14238
13063
6078
8048
15151
6114
17858
15017
15016
15920
12883
11017
15988
11547
12338
13645
12507
15351
5370
8148
11503
15004
15619
15002
16399
14507
1349
16226
15823
5378
12524
7396
3945
15615
12493
14991
14990
14989
12490
8066
15673
13623
15158
14759
58
12104
12063
13835
11044
15134
14977
15857
6900
5872
17269
16054
12476
15251
8316
12607
16037
15637
15193
17210
14964
16686
16031
13601
2308
16028
9910
14658
16943
15603
4023
16022
14953
15739
16019
13591
17616
16016
13865
11497
7730
12943
10252
8090
4542
15438
14940
14939
9336
14705
11571
14570
13620
13247
7001
6890
5742
6577
14929
14928
14927
15879
8126
15434
12436
10965
15826
13988
7651
14181
17989
14917
14916
15819
14631
15476
5404
13871
12624
8108
16305
15529
8729
11092
14905
15599
3244
15066
16381
16578
9186
11579
7070
8115
14482
8567
14894
14893
15365
13413
17139
15679
5060
15401
15132
8121
16573
12502
14883
16235
17596
12400
17408
12188
9269
13931
4465
12191
10837
13194
17187
16223
14742
14005
15560
8131
7406
12053
1934
15301
11780
14862
16663
16211
4609
15243
15854
8514
13100
10851
17455
15079
14471
14851
14850
14513
8747
13411
16401
8778
14013
14660
3819
15623
17045
14840
3258
15713
14910
8242
12606
15849
6022
15677
725
15284
14830
1164
13017
14441
16929
15084
17921
14272
9822
10875
14821
14820
5438
14431
10059
15989
11168
8160
5948
12613
15671
15869
16777
8163
15866
8164
14006
15863
12337
8374
11978
7642
15809
15948
4352
14229
15083
10403
16106
14165
14009
10566
14792
14791
16869
8174
9409
13443
15892
10692
4210
10903
9776
14782
16337
14314
8469
8180
1259
9235
10427
15196
11166
15663
14772
8184
15407
8185
4593
13425
5248
15543
10546
14764
14889
14559
6095
17502
10921
15046
15804
13496
11227
12340
15174
10409
16477
12932
5472
15274
13115
3800
6768
17660
15654
5372
6298
11162
12783
10935
10528
8202
10937
14737
16861
8204
5662
11935
6073
10753
14164
15782
5510
14728
17954
13135
11091
14517
8183
8211
8395
8212
1482
14799
14718
11500
16583
8215
13189
15398
15076
9715
17021
14710
17409
15069
14636
6309
15632
17958
15729
7586
14702
14701
17668
13166
5685
11063
12247
8226
17535
14694
14693
13142
15368
13990
10925
9180
12328
15777
15077
14685
17886
6999
1531
13175
16057
13345
9366
7098
14677
7214
10482
10537
12947
16303
9997
16568
11068
16299
14668
16297
13011
16295
11991
16293
10832
16291
14661
16289
15934
16722
17813
9160
10468
15874
2385
15946
16911
9607
7750
11003
15535
8234
5502
17562
15009
16159
5163
17950
13211
9150
3639
10456
9678
15763
11013
7032
16873
15146
13449
8796
10310
15494
14629
15864
9185
12398
15697
15511
13227
12401
14622
14621
11025
5192
9312
11540
14911
15487
16638
14614
8118
15656
16481
14232
8116
14703
12173
16367
14606
10432
13633
14122
12561
10140
1917
10646
14599
15957
5101
8282
17895
12425
16301
11225
14592
15359
2703
16130
15324
16470
10419
11051
8113
14584
5526
1098
16463
14300
10164
8292
10040
16279
17962
16456
10410
12430
11061
16191
9545
16189
16449
16187
15608
16185
4380
16183
5343
14563
14562
14857
10400
15396
17004
12438
15028
14556
14555
14885
7976
8376
5538
12630
2485
14999
14548
8310
6659
15311
13299
11663
6512
14542
15905
8314
5426
15011
17698
12786
17410
14535
14534
8318
16683
15459
13157
15228
16857
16529
14527
14267
15563
13511
16744
15779
8323
15754
13282
10108
10370
9177
12097
9072
6213
14874
2340
5568
12277
14861
14442
16121
15868
16119
9066
16117
10360
15267
12949
15482
14501
14500
15586
8338
15395
16319
9531
13177
16184
10547
13489
16067
15149
12515
5572
10089
14487
15521
14919
11292
14468
8396
15281
16444
14687
11689
11426
10675
2104
15137
7370
14474
16700
12734
14937
16697
14523
676
16694
12667
16439
16691
14354
8634
16688
16434
14461
16685
16287
16065
16682
10326
13225
16679
17946
1848
16676
11937
12715
16673
14449
14448
16670
13133
17712
16667
9027
15980
16664
8371
5641
16661
12032
8373
16658
14436
3856
16655
8063
17236
16652
15811
14430
16649
10658
14664
14948
15316
7144
16499
15024
15048
14903
2470
10679
16021
14418
16172
15446
8386
6980
8887
4247
14810
15979
13423
1077
12923
8416
15575
14594
16169
17797
11191
12687
16398
16442
11552
15749
15803
13435
12122
6957
8398
16641
16792
1896
13083
13778
15147
17482
8572
16785
12363
15413
10139
8302
15981
14673
16778
14914
8407
11449
12686
12926
15949
16771
15703
8983
13580
12924
9128
14370
16764
5870
15894
11972
15253
16877
16149
16757
13178
7747
13055
17411
16418
14358
17456
17652
15111
15721
8443
13331
16739
4483
15945
12521
15943
14191
17966
14346
13243
5618
6608
1828
15589
14341
14736
10469
12647
3387
13898
11299
14335
11945
11215
11695
8435
16590
13422
15624
12656
4821
12488
12681
13807
16234
13021
5849
11255
13507
15911
14288
15909
2859
12632
8305
11011
11928
14313
12882
14783
9942
16421
10977
16259
14307
15962
11921
5878
13244
12732
14302
11861
9569
15129
15320
14652
14310
14789
10148
10210
14096
13072
9667
16199
15561
15877
6907
8461
10154
16043
14285
16095
16548
10590
9081
16478
14280
12981
16475
14161
11897
15055
14275
15987
8573
8470
1388
17114
1261
14269
15938
8473
15350
7845
17520
16483
5650
15847
13563
11303
13127
15984
14258
12961
4827
8480
5482
13652
14253
12973
16073
16563
15056
2784
14248
12728
1542
15743
13579
9823
14243
10447
17877
17732
7773
15821
16094
17314
4158
11323
11862
14983
11641
16549
8891
12743
2899
12208
5983
17676
15731
11331
12987
2721
11994
14222
16308
16457
12132
14686
17863
14217
1974
16154
13611
15793
4610
14334
10208
14888
16925
14337
11345
16427
10147
14711
11196
10401
16388
14202
1771
16385
6255
11832
15212
14197
11830
15338
12564
10138
4843
15769
6450
12088
9747
2618
16996
14187
13635
14841
13519
12785
5374
14182
17412
12545
12067
1533
11369
16727
10602
15188
9514
16675
10049
14172
10122
17942
9099
16973
10373
15639
15755
13979
1587
14768
17222
14162
10474
15652
7866
8538
6596
14157
6620
16496
9052
17268
16849
420
9683
16607
17176
16844
14148
12861
15430
13256
16839
3450
17055
14625
8838
16834
9259
7867
14138
8551
3976
8552
10096
5108
14133
12904
11776
16582
2947
15699
16025
16532
7009
15317
13090
14124
5706
8560
13701
4908
13699
14119
15740
8823
10083
15569
14115
14150
10979
15417
14834
15255
14110
16928
15562
14978
12111
17166
16589
8571
14294
11752
17691
15718
5713
7212
7498
14367
7281
17144
4171
12813
16262
9704
5355
16899
10007
15655
17135
13485
14674
11443
8942
13099
11086
7822
14082
17126
17757
12741
15574
14819
3392
12880
12375
15994
17117
16116
3318
15635
9694
15768
17084
14872
14264
17108
7923
16547
17288
8596
11764
8597
664
14060
17099
16511
11574
16835
11713
17067
13763
16127
6387
15295
14051
13767
16034
10214
10599
16208
14046
15063
12392
8608
11050
16274
2176
8610
17763
15336
12998
15659
14230
15595
11485
13494
17635
11487
1999
14881
16085
16957
12027
12648
17970
16309
15598
15724
9391
8621
10346
10785
14020
15577
8976
16674
14936
8151
17039
11658
16134
12941
11510
14011
16631
16879
16317
16163
14007
8631
14589
15907
8752
15559
12867
7169
17413
7684
12554
14394
5796
15931
9428
14832
17904
15839
12616
8640
17993
16459
16654
15141
6738
15541
16004
17198
12873
14324
8486
11340
13981
17201
7180
11531
11648
14499
13113
16035
5122
17111
13973
13123
16665
17626
12520
16763
14837
11887
11541
14915
16271
17289
4370
6887
17503
13310
13960
5087
13246
10212
16554
13956
1062
15505
14662
12130
13952
8665
7916
8666
5402
16587
9962
8668
3519
16829
13944
16041
12302
15175
3011
15929
16312
8673
16082
15349
13936
13013
2478
8676
12014
13932
1020
14690
17719
13136
13459
2900
13027
16383
8748
16451
16539
15807
6650
16983
13288
17199
8421
5610
13058
12444
12936
14021
13655
4980
17016
14484
3452
17065
9079
6919
17384
17383
17382
17381
17380
17379
17378
17377
17376
17375
17917
17373
17751
17371
17370
17369
17368
17367
17366
17365
17364
17363
17362
17361
17360
17359
17457
17357
10448
15549
6310
15425
1692
11194
13880
8710
16750
13067
3484
13876
16010
16323
11628
17037
13872
8715
14780
14305
11094
15409
6967
8718
2520
14169
13864
13565
9183
1689
12834
13860
5785
13085
6637
5600
15644
6941
14074
15393
15378
17586
16440
17358
14520
16619
16541
8730
15977
16783
15049
11643
11536
14365
11645
15722
1967
15287
11532
3204
17241
15078
11154
12204
14981
9252
10325
14965
12404
14569
3496
16236
5828
16267
13826
14204
17808
13118
5831
13822
16454
14297
8022
9190
15944
16939
7265
12523
11537
13540
17267
17266
17265
17264
17263
17262
17261
17260
17259
17258
17257
17256
17255
17254
17938
17252
17251
13800
5840
17003
2596
14477
16064
13771
8996
10517
9659
15914
16108
6445
15210
10496
11490
11691
482
13154
13785
16288
13901
16215
9310
16979
4178
15415
17769
17315
88
15357
5850
8776
13774
16092
5452
7614
13656
14649
6853
14309
11826
17209
17208
17207
17206
17205
17204
17203
17202
17295
17200
17399
17549
15547
15532
13756
2459
8789
6534
16696
17607
15385
13428
6119
13957
8793
17137
8794
5774
14659
9817
5273
16145
16167
1245
11360
2009
8799
13738
14216
951
10076
12326
11670
12305
13752
17165
17164
17163
17162
17161
17160
17159
17158
17157
16881
13724
12333
15516
8810
8031
13720
15830
13087
15523
17175
16897
12939
12101
16623
16029
2921
14976
14033
13710
9792
9702
8819
8667
15229
9123
16123
17130
17129
17128
17127
17171
17125
17124
17123
17122
8826
13696
15448
6133
9408
6023
9880
15125
10531
11408
17019
9777
15971
17213
12157
12250
15902
2861
14403
13682
6814
3120
16307
14227
17098
17097
17096
17095
17094
17093
17092
13754
13672
4826
16083
16498
7886
12965
2637
9450
14642
13665
17215
11797
9490
8076
8849
2607
8850
13768
13658
6981
13723
17070
17069
17068
17569
17066
17387
17064
11661
10628
14316
13648
4112
9593
9026
16109
11370
16390
14558
11789
13421
5908
15423
5471
14824
14452
17390
13781
17044
17043
17042
17041
17040
17519
15965
4008
8888
13628
17974
16754
15883
13625
16007
6765
8594
9268
17372
16522
16946
4186
13618
11891
11888
17020
17663
17018
17017
17731
13271
16204
17753
8321
15121
11315
8886
1468
17747
13605
11199
14123
16967
13602
17741
8591
16509
12719
16998
16997
17735
16995
16994
17051
8893
6178
17729
8975
14754
15038
17219
7117
17723
14873
681
5932
8899
6845
17717
15928
16977
16976
16975
16974
17711
4858
11704
13576
17665
10576
17705
15424
13361
11877
15457
5675
17009
15690
8910
7565
13363
17235
16956
16955
16954
16953
8914
11346
14859
10577
15065
11889
13719
1272
15641
13069
13554
12748
17030
10074
9681
16938
16937
16936
16935
16934
17186
2756
8925
17324
14038
9673
11903
15798
817
15018
8929
13538
15620
13047
17786
16919
16918
16917
16916
13532
12301
16330
15033
14723
16091
17049
13406
14492
13849
9660
13409
10681
11758
16902
16901
16900
17614
16898
13415
6326
13516
8618
15335
17341
13513
11561
11274
1347
16814
14328
2684
16885
16884
16883
16882
13994
13504
14898
15835
13911
17113
11250
9415
12839
13498
10748
13061
15456
17374
16868
16867
16866
16865
2288
10377
6578
8125
17485
11951
9400
12887
17156
8965
15088
17478
16853
16852
16851
16850
17253
16709
4152
10760
15745
15700
11445
15956
12045
16260
10228
9032
15961
16837
16836
17571
17574
15843
9618
14961
3999
16419
11973
16678
6885
8981
9094
10334
14347
16822
16821
16820
11957
9610
8137
16081
8724
16715
5070
9477
13368
8989
9552
17833
16808
16807
16806
16805
9602
8993
11103
7981
13148
8995
8195
5760
10796
8997
12528
16794
16793
16799
