13000
630
7348
7096
11563
11994
2
526
107
1026
249
20
1015
3162
113
3264
43
2492
11
7
239
22
25
8542
10641
34
3113
10042
9447
12268
289
16
83
14
7053
10076
127
618
2045
9
29
50
27
52
1655
11350
21
4352
12568
2892
1409
138
303
9782
10288
42
4235
1972
23
9192
11325
1416
485
32
11466
554
7572
160
11935
606
1009
11758
4083
5440
11477
10684
11643
69
7093
6162
12590
18
5521
1622
975
3636
7206
1422
9163
12500
12444
486
10505
3180
24
104
211
10158
11630
11496
12895
11952
3625
7486
131
59
33
40
11847
2260
12884
44
723
10698
5425
94
12023
8650
5665
716
79
82
11137
1686
103
49
7513
1530
10202
70
123
114
96
388
773
122
12603
230
381
10026
109
10456
81
1376
1315
304
7800
7276
10647
932
112
2512
12518
156
301
129
75
726
1721
5818
1699
12428
80
93
767
454
149
236
267
232
11989
196
7125
13
1641
12646
443
730
168
8270
89
9976
177
5526
3715
4834
92
3922
125
522
1389
8410
141
9082
174
5296
11611
98
154
7092
2939
47
100
157
7162
6462
11162
1560
3811
170
193
74
3503
1366
155
5234
188
9112
425
105
1719
2750
73
2146
10043
204
6541
4658
12511
216
389
438
192
260
213
11724
12472
143
673
8156
12094
116
2393
2196
3183
254
115
231
207
12312
11358
620
711
135
581
8214
11793
54
66
9310
11999
90
985
902
223
209
761
181
7185
4718
5865
38
1211
520
10441
219
1327
4296
130
12936
4179
992
11256
56
163
9070
2065
332
7555
5040
144
2232
218
542
553
8020
611
269
10093
3362
11883
31
4421
237
651
12230
12670
124
11023
297
7849
5618
12123
5416
8906
2284
7261
86
2101
126
10004
233
271
11378
6511
394
151
296
12870
572
12184
194
10151
6040
3753
824
451
5946
10865
248
9339
800
265
9912
199
309
11245
10828
344
1246
10025
324
523
48
10261
214
12335
12582
8613
2240
9229
1960
180
173
8193
7854
4921
263
12410
672
306
7792
2767
1312
8192
664
5035
10106
335
1456
11909
175
190
62
12267
349
2105
11742
3487
9820
8194
1470
11125
186
321
12860
11671
274
3773
341
374
3398
4593
2220
12955
314
1677
351
385
256
12740
294
7773
512
275
4572
402
187
2553
217
10239
235
4121
375
317
339
197
118
320
362
12177
11102
1291
378
7270
7954
7771
261
291
102
539
11562
1093
596
221
10936
3425
411
7155
5762
11862
343
10927
1662
136
128
6643
1830
10385
9862
12439
293
395
4936
384
8064
10912
12716
2223
334
569
169
4587
11442
302
284
4247
470
8298
448
449
1230
3857
10348
241
439
12012
12618
9257
476
419
9662
7147
1162
12788
2886
415
225
10650
68
11219
1588
8190
7838
9475
7234
407
9496
11451
85
8974
7380
460
1522
1893
442
11823
279
12538
345
12454
1160
8557
568
11300
464
432
2828
509
252
11489
447
12835
368
1053
1474
463
357
2193
12812
387
5470
524
228
6771
4800
12838
373
12950
365
11709
493
1851
2130
244
714
427
6446
371
171
466
527
12768
363
11503
10414
282
10798
9060
10390
8977
8742
1463
3762
286
11834
273
802
10226
690
8559
4900
290
488
9537
10024
561
477
489
497
409
461
1371
498
9762
532
11407
134
8713
242
499
208
917
6972
4023
3614
1525
6492
7386
8230
7974
91
10591
1798
12313
584
549
119
595
2382
12960
39
434
6818
7113
479
312
600
423
121
1629
28
7913
792
206
5824
10747
356
7973
510
511
11612
9153
191
6815
5506
2557
1142
575
2086
12832
541
325
11372
12982
6334
11141
638
328
153
9024
410
305
636
331
12350
629
3328
10635
10
7462
9248
7812
350
336
614
12927
496
5217
1006
8489
8760
340
671
8197
650
406
1818
7665
12988
10045
3402
12841
590
4513
277
7077
2580
8150
529
678
148
1761
1030
12630
469
352
703
1503
162
9269
4392
9790
7120
597
7738
536
3658
2421
8792
12244
2860
12218
189
7141
637
491
2016
8171
647
299
1220
9930
176
366
3064
3267
5792
1653
4752
959
687
505
713
712
4260
8756
1186
679
354
6777
544
530
846
7977
12266
667
12142
905
359
12571
195
8688
403
2375
566
5233
5900
383
721
8561
3952
9721
182
11038
9382
769
739
376
12598
919
1098
735
3726
9685
3974
12637
565
12655
347
4789
9992
11181
3096
10838
9934
10707
8372
398
8950
749
185
8553
283
9445
640
619
537
7971
775
649
2548
552
12208
591
519
1707
643
8940
6192
589
7130
812
11178
1307
140
2433
710
551
1200
12389
276
12525
662
1317
6274
11471
7300
7101
315
818
2586
6437
1116
11097
719
563
1486
3323
1080
8970
11892
543
684
11842
798
7033
12062
740
829
429
573
386
7070
10197
1504
757
11530
7455
6820
2569
602
8693
5076
4113
8276
10341
8010
7978
9582
11907
4148
782
46
11631
7644
399
803
839
861
445
9168
583
12756
823
12114
11561
3558
874
774
12829
12090
1145
9882
7821
1004
525
10582
8771
788
887
1166
5811
9040
9436
892
7621
3680
7710
63
776
307
639
709
8071
850
1025
809
1987
956
7744
484
9983
10572
559
12004
3291
1270
9576
729
9129
754
8686
778
1907
11152
227
455
737
8116
7970
7180
1083
9952
825
1134
9127
5650
11698
10046
727
898
935
2190
8187
364
5157
9738
9067
914
12844
481
10407
833
441
674
11058
12372
10237
369
2159
653
666
607
7006
588
10112
748
753
4922
8694
4228
831
330
10521
12314
513
961
592
9000
899
947
755
668
752
6906
5925
7728
1001
787
12749
908
675
594
622
7150
12731
11692
2301
12668
8284
997
866
6256
921
974
413
78
12191
879
6013
693
665
1126
901
2884
8215
6062
518
250
11939
854
8236
557
507
835
10077
348
1123
6080
5829
311
12945
7920
4305
844
911
944
601
705
12504
12132
11400
158
12801
2434
883
969
995
626
11369
1043
12891
515
715
11112
437
789
1000
681
8685
659
6530
360
781
1049
955
6840
12336
428
989
1060
9103
6196
546
11644
1075
268
1837
644
1066
10782
987
10758
11613
504
12072
1860
6703
12020
1091
895
555
1070
556
10664
9195
750
558
745
8764
1082
1019
1332
4031
6784
562
10960
845
465
11954
2302
848
6812
965
12976
10283
855
11332
937
10869
977
12265
610
1011
11254
9676
3802
741
7102
6925
508
6768
1822
3533
884
10440
10622
893
7650
9899
2116
888
7088
1085
2704
11738
5850
875
1007
1109
7060
10127
8910
586
964
903
457
9896
2416
8329
8122
7933
1156
813
889
2457
7832
791
210
8186
793
1157
67
12718
9618
12965
1906
598
1089
8968
367
333
1620
718
6464
811
760
954
2278
10189
8606
10507
2800
1110
1056
1027
1586
881
416
12434
8932
5997
7316
7953
4840
612
392
2871
9596
1094
1512
4931
1213
770
7844
1191
1902
7056
4422
12994
1021
1133
3598
621
4194
4537
212
10845
12468
12158
972
11187
867
857
3694
9133
635
628
756
11086
1242
10888
841
983
10454
6505
904
2735
1127
12229
446
7801
1149
7817
3094
2503
7046
10632
5086
1023
482
12826
9346
10615
5844
7658
1088
1087
1215
1229
1024
1847
722
418
1934
9957
9402
11201
3490
7779
863
8200
2440
6587
7540
10905
4890
771
9268
873
942
10066
95
5257
8752
6527
147
372
8296
12459
1074
8696
6822
12535
3134
1274
2218
12170
885
1193
967
1294
2458
9785
9424
12040
4372
9846
45
11159
632
923
426
12043
3754
396
1696
10831
382
1029
1722
1195
1033
1233
9544
6916
999
9800
1214
3699
2300
2113
1304
12623
1464
682
4908
1258
11560
1354
1020
685
1154
1741
677
1763
458
1271
1181
12847
7696
10696
8100
8737
3374
1378
5212
1339
462
694
1283
12315
9018
1065
9234
1203
1055
6333
179
11826
7428
12793
1280
1313
5232
702
11172
1231
11302
8649
1206
1058
6720
8025
5544
6675
108
11542
1064
11209
1322
1263
55
11867
3478
10308
699
1406
224
9605
8136
1252
4618
10021
4674
2567
1488
1395
10772
7353
9312
6860
2620
949
2444
663
201
11905
1241
724
7306
11355
1347
696
864
1353
516
1438
393
12243
973
1223
648
2227
1331
6101
1430
7765
5208
9429
990
7277
11320
5193
8594
1421
308
12037
7138
1442
11080
1253
1462
7271
3234
8485
683
1425
1346
1209
3496
1118
8858
1205
1325
8093
1277
9357
7340
11229
930
12046
1335
12763
494
7393
30
12863
502
10749
950
11275
270
1267
9214
1051
733
9202
1136
9179
1403
1392
1616
7087
1509
6788
819
8517
6920
1443
8170
7043
1490
3913
11704
8697
1112
10265
1295
1399
3116
2761
243
1235
12264
8565
832
11281
821
5909
1352
1947
10276
1597
1243
10295
2142
695
2126
9324
222
978
4516
6780
12404
1420
6756
943
10048
7554
10532
10140
1286
786
1224
11446
1161
1391
478
10935
2550
11025
7928
8155
11614
7076
9700
9706
10328
1363
1320
795
11766
858
2534
9975
298
6077
1106
8469
3806
570
580
7967
5626
1459
487
12397
164
12644
7996
10795
433
806
1478
1413
391
3741
10322
1529
4458
1603
540
1282
1584
1549
361
11941
3778
8829
1397
7126
1218
3197
8812
12351
6550
1559
1489
1599
924
820
8408
6973
6444
909
1776
3571
424
6633
948
11273
1614
826
11366
8805
934
9185
1500
2599
1706
1107
404
5435
1637
4201
1234
2527
1061
12809
1113
8428
1988
1115
468
2135
1770
838
11390
8016
1178
6965
1580
9777
1514
11881
240
11632
1059
1054
1423
1268
1950
1524
6384
11347
1578
1414
6616
11519
1358
8433
1571
10587
1579
3245
1996
853
9408
1685
897
12585
1141
851
10144
1583
1170
1694
6810
859
12880
860
3610
7751
2794
9340
1466
1457
1538
704
9088
1515
1300
2061
10224
1431
1350
1704
9486
7209
7938
686
11190
871
3284
1628
11092
11495
12910
8184
1543
1167
1014
12417
1598
10567
4386
8890
342
11979
1151
880
1564
10815
10020
814
1177
10926
1652
12034
958
1396
1385
10656
1784
2947
1140
12485
1610
12423
599
9922
401
10992
7674
815
3332
3207
1740
11429
896
12931
1748
1724
1249
12823
1605
1069
353
8853
1002
12593
5992
1550
12316
7680
1338
1581
764
12049
272
4527
517
1520
3472
10672
1139
12118
1176
12489
1159
910
882
10002
3918
12086
1565
12127
7526
5713
57
7691
1018
1618
808
12337
840
9176
10290
849
1731
3145
10300
1279
1854
1774
6378
645
1117
12906
1374
925
8216
7653
12742
913
11482
1621
1351
11559
1290
8825
1448
4707
1809
627
1238
11271
9396
1495
1539
1715
1436
3605
1796
1733
251
1762
1567
12914
7026
1182
1497
1679
768
1913
10728
1651
247
7569
159
11327
1451
10726
1496
1475
1625
9857
5308
11529
1222
1793
72
1563
1553
952
2690
953
1742
10049
1546
1745
7350
9565
9064
12940
1808
1896
1281
1839
1016
12850
1749
4191
11664
1390
1803
963
5362
11890
1782
11433
7086
10682
4854
10996
1355
4177
1248
10319
5092
1747
5606
11425
9570
10893
2688
1447
9686
8965
3126
12653
3840
1575
9506
8863
1501
1561
1305
11169
6218
1634
1806
12263
1702
1773
842
1895
3202
1369
2032
1275
7018
7182
1311
1507
3148
11313
37
1649
12720
9045
1321
12481
10724
1400
313
993
3736
1595
6912
928
706
4433
4534
1185
603
1639
9148
5819
1739
1273
7218
1511
1012
10205
6006
7035
1434
7374
836
1005
856
1918
4664
1343
76
1008
1574
2239
968
11965
1875
10997
7794
3181
766
1970
2958
12009
6930
1523
6290
5365
4974
12183
11460
744
922
1869
1648
8360
1361
10987
1540
8925
1941
8021
1365
10344
7952
1997
906
996
4584
1823
654
2473
661
10439
1373
8425
10600
4827
3136
1032
1377
11476
7610
7477
979
1993
3670
9313
1717
11787
1208
9677
1952
10629
10078
971
3828
11903
3894
11502
97
1379
1063
10604
1034
2455
12152
725
3112
9011
10918
1533
7638
2959
7906
6888
1440
10107
1932
7672
2466
2007
2051
12493
9848
1619
1458
9188
6850
6651
4982
9540
2128
10019
1044
1090
945
1415
10732
2014
139
8436
1101
1894
405
12970
1764
7410
8874
688
84
991
1487
1711
7682
3001
1037
8715
1587
9025
183
1073
2308
1974
1911
8901
5522
1250
11050
10986
2370
1050
5138
11269
1725
1889
646
8823
604
1981
3730
1017
1602
2054
1767
12363
1483
7412
2087
1631
6878
9982
1775
11855
1453
2121
12902
7491
8880
2357
1943
1247
5222
7429
1980
12733
2788
7213
877
1646
161
2085
10210
2133
6332
1467
2137
10101
3508
3265
1262
5083
7482
6674
1473
12031
6298
1601
4000
12242
1923
1108
2378
2183
319
1791
6172
1111
11734
1303
11956
731
2022
7965
1360
1859
318
12317
2197
8778
12522
1491
5920
734
4686
1299
12918
9375
4354
1439
986
5475
12176
8680
12228
12017
1819
1079
2008
5547
533
11465
1505
10999
322
1797
762
5531
1700
1956
2978
12532
1881
10873
137
1703
3902
4621
10050
12887
1968
2228
12508
1169
6658
1955
1994
11943
9434
1904
720
10985
2141
1144
2211
12411
1865
1146
1835
2172
2257
12373
1671
11059
7392
1150
292
2207
11410
11488
1850
1239
920
2064
2129
2411
1813
1912
927
1787
1330
2070
772
7009
6002
3921
5986
2316
2169
6841
6406
3835
938
1499
2219
4711
1617
2973
1867
2651
1310
8437
9108
2330
613
10821
2542
2039
1674
2209
9460
9371
379
6321
8948
4131
2107
931
2234
2225
4688
1092
6588
2241
1265
1180
229
2212
7264
2313
12780
2143
11558
12429
1820
3935
2351
6966
10334
1187
1236
1557
7872
11403
452
9462
1296
1527
939
1003
2078
10767
11806
11809
1593
9096
10200
11421
957
1874
6360
9036
12262
2249
2236
8905
2213
9595
2339
1202
1297
11363
2005
11074
5786
7195
1777
10841
6144
2049
615
2261
10720
12775
12390
1210
9616
1817
6984
9218
1386
2221
1040
2294
9198
2127
7362
1216
780
8095
6466
12477
680
11829
1077
12820
2407
7115
1344
2545
10856
2288
2242
2299
2062
11991
10958
12606
3042
11996
2222
1228
7520
2354
10608
2435
2432
3523
10316
1643
1318
10751
1636
2279
10400
2315
474
2043
5508
1856
10452
2309
2367
2079
1289
9498
5188
2267
966
7016
1657
1554
2184
2074
1909
12635
830
9493
5944
1663
4728
2585
10018
2395
6146
1945
531
421
2084
3637
246
6835
707
12464
1673
10860
9712
2153
1709
2325
2111
1513
2058
8914
1086
2282
1510
12382
9464
1683
1577
11267
4812
2161
87
1687
2471
2238
10834
1232
5800
1691
2478
2490
2772
2069
9560
11803
1526
1429
11812
2155
801
8494
1308
12445
11860
1276
1979
3591
133
1278
1873
2304
1137
2134
2518
9887
4684
2319
9002
4795
1834
11777
1713
2106
2050
10420
2024
11001
2489
8005
7466
10389
327
8438
2459
1937
7868
9780
2188
2447
2160
8821
9266
2186
865
1690
7548
12853
7750
12577
2259
12338
11616
1732
8258
2461
1010
10406
7900
1734
564
2174
1152
10983
2076
1306
1568
7602
495
9101
1916
1964
12628
548
12352
8883
12664
9805
5876
11103
951
8204
1424
2349
2048
3937
5874
9575
4732
2523
2603
7684
2144
3161
53
2641
2640
11040
1135
12497
358
3429
12450
5527
1840
8837
8454
1991
759
1328
2611
11289
3678
1935
2452
10051
1844
1045
1892
7723
7452
2224
799
2392
2157
2291
7004
9753
6690
2513
12318
12798
1485
2582
732
12785
8490
1659
11166
1452
2782
2499
797
10285
3020
1757
2254
2607
6688
1359
10736
11725
1650
4061
1794
1255
8664
8217
810
2451
2536
11134
2285
12075
1573
8642
2956
7192
4580
1811
4
11234
11130
2230
777
12751
2179
1411
8380
11755
5216
5709
288
8775
8128
3933
12554
8347
2575
2150
2410
2191
2018
2654
2109
12101
2678
1958
2010
12898
933
2695
916
2511
12866
2429
2744
2783
918
8422
8242
2303
501
10718
2148
11002
6010
12693
6792
1383
2156
2624
2158
9520
998
11770
456
9466
1635
5745
1288
2733
2574
7416
1769
2543
1670
2659
1995
12691
1547
8313
6598
2442
1658
2031
1624
2632
7876
1398
6258
2631
5978
2605
264
12695
2639
2437
2004
1779
2312
12105
4612
12987
1961
2277
1555
12758
1589
2748
3488
2799
2696
11352
2264
6483
2576
2681
4162
12722
2336
7617
2374
1517
111
2777
2822
9517
6760
12922
2170
10803
1437
2645
12770
2590
6744
4997
2720
2046
1833
12261
1959
10175
4932
7165
11800
10113
834
1541
907
11815
6268
12981
2776
9347
4828
7822
9722
12601
624
12689
1048
8757
9990
1915
2549
12055
8848
2591
5652
12001
1240
2848
4236
2059
894
2729
329
1899
2132
9454
4700
9367
262
7553
9918
11557
2780
2483
5878
2699
2630
12697
117
2727
10864
8738
2866
2180
576
10824
567
11693
4690
2083
3014
7951
2436
2112
2501
2335
7656
7866
9666
2192
2664
3157
2680
2167
8470
6089
976
11518
12806
8761
1666
11027
2057
1861
11470
1469
900
12097
2397
7923
2082
8545
5230
10573
2660
1269
11528
2843
1976
2609
1969
7761
2602
8385
2740
11699
2540
1480
6728
8271
8716
2120
2837
7443
259
8962
287
11265
2165
8353
11450
7291
2289
9233
1432
2869
1604
2533
1576
10222
2785
11241
9798
12241
2561
2874
2885
2804
2189
2494
12954
2311
2420
1455
5150
2399
1931
7148
2274
2252
12122
2671
926
11945
4078
6249
12560
12687
8082
3905
12082
10981
2412
2849
2372
2623
4906
784
7430
12163
2528
7698
10428
4591
1516
10944
2652
1855
3432
8080
9974
9678
2486
1518
2025
2963
10592
2846
11680
11126
1697
2927
422
2793
617
3019
2033
8205
3458
12216
1768
2653
10510
8421
5912
12699
2819
2693
2858
7201
10904
2743
255
11540
2386
11656
10172
8790
2633
10626
4726
9615
11888
2617
868
2715
2922
2598
2030
2577
8344
8702
2400
1815
1967
10269
2247
2676
2369
946
1172
2923
450
3485
11250
8988
2072
2705
2928
11441
12642
2839
1672
2990
1444
6149
2906
10738
837
1556
3864
11322
1387
1558
10562
5419
1319
2571
2933
2555
2925
9061
475
11291
10152
2992
2751
6685
940
1566
9468
11617
5380
2029
3498
12959
1744
12141
3188
2813
2774
10957
2802
2360
3932
2769
547
9587
1693
4381
2322
10095
2694
2977
2807
2764
2255
1461
6
2711
9334
2815
869
6915
1949
12136
2834
11743
4476
3137
2753
12651
2888
3029
2430
7719
65
4325
2181
7512
11974
7836
11646
2042
10716
1594
751
1095
2986
10313
7014
1695
2644
4753
1370
11004
2826
1600
8798
10231
12588
2747
1880
1750
253
12949
1184
2919
3068
12685
1384
2538
1954
2903
2145
12817
12068
2863
1171
2479
4312
9933
1068
2994
641
3869
8406
2827
6422
3167
11334
3079
2248
7986
2951
7878
2754
11081
891
1857
8168
1183
11196
12227
2714
7369
2485
3045
535
1626
2876
1627
3117
3103
4042
12169
2520
1630
2870
7635
652
1081
2177
1633
2334
6594
5728
2862
3182
9265
2324
3107
676
12993
1125
9141
2532
8017
1309
5327
6694
2861
9452
3013
2391
3060
10882
1645
7378
2195
6184
9707
3139
2036
2597
2474
10848
8180
7686
2890
9536
2840
2686
9911
3212
2749
3229
2943
2894
8753
3249
7567
12260
4845
2989
11665
2672
11797
8060
1661
2629
12398
5752
2495
11818
4629
1492
2379
473
2745
2667
9946
1924
1668
8886
2504
3200
2784
4836
4547
5464
1831
2855
2510
929
12529
390
7603
2067
1805
8232
12563
2610
8860
3074
12744
2233
1537
1120
10887
11396
3203
5250
6827
1122
8961
12790
1922
2960
4841
1356
12157
804
2972
3164
12339
3196
7897
7850
2537
9358
1692
6532
2419
2742
2824
1535
11958
3262
12405
3235
9003
2845
2345
10128
2889
2147
12856
936
12093
4114
2619
11306
2271
2921
2448
3194
2810
1196
2946
11494
3515
2971
2441
3028
1825
8292
1710
2281
10000
9390
7116
2115
12975
3460
1689
1824
2573
2726
12501
3318
3031
2454
3152
3248
10784
11556
1720
5346
3296
2384
2243
2297
11005
2383
3314
5880
7648
3419
11673
10184
2915
2361
4925
2398
3359
3301
1730
1104
2746
3459
2601
12206
3416
3958
11113
2365
2679
8030
3312
1528
12683
3110
1738
3812
3131
3184
1788
2321
2140
10370
1548
2535
9115
1502
3099
5870
12621
1938
3357
1164
3381
9812
2331
3129
11687
3760
3280
3378
1751
4992
1752
3023
2463
1714
10753
110
1755
2842
10053
11344
2683
459
12662
2975
8076
2363
2347
2700
12435
3289
4725
2556
7246
2467
2759
3005
5095
3288
1766
3513
4355
1592
3415
10642
3185
1013
3087
2965
1771
12894
12025
36
8663
3470
1845
1293
3215
3310
2139
3176
12703
2163
1858
822
11899
8356
1780
2035
12876
3104
2404
2273
7365
1165
10645
3253
6695
2778
10800
3002
3501
4776
3481
2307
8139
521
5721
9766
9937
2389
8118
3302
11163
2368
2692
3640
1760
5856
10917
8218
9667
3269
1394
220
2999
3165
9470
2401
3232
9594
1705
3453
12131
10740
2887
717
11041
3125
8536
1204
8251
12320
1190
3372
3579
1410
5733
6512
11142
3428
12353
2612
7785
1237
8317
202
3447
3563
12058
12374
12765
6036
1735
2425
3366
11840
2895
11028
11705
12964
3217
1132
3083
2402
9769
3309
3319
2034
2841
3552
1827
3242
1921
238
8599
3587
12596
2893
10827
12926
2443
3305
9833
1450
2568
370
11293
807
3343
3086
5943
1199
1838
11122
3311
1226
3030
6526
9511
3169
9925
2387
2559
11618
3443
2709
6683
6138
1100
609
3843
7312
2235
3438
10714
9866
2415
3660
11981
3119
3051
7712
3295
3393
1849
2376
12883
3656
2475
1877
11006
2708
10701
3818
9829
1097
10910
4168
12580
3414
2897
5052
10877
3340
3619
1772
1607
3596
12113
12724
3268
1194
9157
4126
2991
3392
1870
3950
9763
3209
12512
3664
3411
2118
3593
3355
3471
2565
6165
9614
2816
3178
12182
2009
11481
3225
8676
1632
10675
3534
2998
6302
2736
1401
7244
1778
10978
4870
1886
3279
12240
10450
1888
6210
12519
4440
2719
3728
3036
12944
2637
3338
3666
12418
6762
9050
9835
10648
3424
2964
8247
500
12681
2028
12259
2981
1675
412
2707
5550
3779
4140
3127
2929
3509
1647
10102
2484
8817
3480
3391
2806
10662
7950
2539
4460
1128
2531
3491
3144
9750
1544
3609
984
3446
3667
11763
4388
1812
3814
9227
2332
8088
12566
3679
1682
3654
2766
4575
3499
2563
2595
3639
3722
5229
1901
2781
1746
3101
10108
3102
10762
8148
10956
2779
3740
2000
3514
3702
2491
11406
3647
1933
3649
7032
2792
6851
3308
8277
10534
9363
10680
3149
2154
11739
1477
3705
2823
3495
3847
1942
5190
8502
5370
9290
2593
9543
3041
12705
1667
9827
3298
8442
1482
9564
6468
3686
545
3774
3052
7252
3221
10837
6858
12424
790
3422
6696
2265
3479
3365
3369
2658
1174
11539
2613
8605
142
3881
1569
1284
3688
6307
3379
8704
2955
2789
6828
10437
5474
2041
2199
9288
1882
7759
2251
3795
3367
3769
11794
4893
10892
3759
2847
9989
2944
7915
982
11821
3841
3035
9852
3704
4976
9054
7266
2879
3350
3247
8744
5661
2496
3871
3959
8596
1301
4383
3561
1925
10054
2877
10340
1871
3286
3804
1287
1105
2844
8262
10354
8793
9580
3884
550
3979
2833
1926
3629
1201
3476
6657
3155
10481
2665
5979
514
9961
2055
12383
1417
6385
1316
3506
2734
2519
2673
2515
1407
5601
3519
9837
2677
3601
12460
11527
3620
6173
8946
2011
3219
3173
1244
12391
2685
3223
1701
2015
2583
4145
3749
2017
9020
1866
2899
3559
2554
3336
1163
2859
3879
10588
11068
2417
8390
3089
1336
11075
10636
2244
4788
3483
2891
3581
3320
3363
1878
7042
3603
10977
7344
2547
3858
3895
2202
1864
1264
3562
560
3297
3706
11207
3170
4081
1800
11475
3497
2038
1758
12175
4724
5037
1119
11261
3994
12469
2953
8647
2838
10208
3987
3687
1927
9286
4122
11487
3335
2343
3346
4065
4054
3382
3151
10141
3352
12321
1684
3866
3734
2056
10280
7585
3794
3833
3333
3604
10250
6661
2151
11377
587
2937
10310
4103
234
12869
3059
10203
9760
11445
7584
2469
3545
2068
10166
3839
9316
2317
6226
3891
3315
3915
3860
9743
1382
3389
3024
3968
2231
3751
3877
11380
4152
4151
4150
4029
2426
10252
1468
2283
3331
3718
1388
2913
2408
4100
2071
10692
3851
1367
689
12340
9472
10302
3989
12679
10670
11517
3712
3863
3644
4183
4182
4181
6952
11248
4063
9640
4778
7618
1129
10427
2797
2098
3977
3947
2579
2100
3752
7587
4059
2295
3934
11635
1402
3524
6650
3158
2926
9642
3017
4015
5748
10485
2003
10844
3617
3012
10080
4091
1046
5285
2817
6583
828
12189
593
12412
4020
1638
11774
2117
1736
3748
5676
4027
3063
9037
1427
12215
3395
10137
4109
8515
3231
4120
3990
2125
7612
3588
10014
8333
4470
12633
1326
12999
12226
10405
3653
9643
852
4075
7132
4044
2094
2988
1898
1905
4770
9638
4214
2173
1221
2851
2722
3423
6100
2275
5882
3923
2809
4239
1428
3551
2564
4193
2911
12707
4238
8178
10712
3906
3
4108
12258
3142
3848
6628
1623
8285
4171
2152
1173
9495
2931
3239
7588
11008
2622
3854
10246
12151
3887
3433
8512
4311
3607
11657
435
3967
10220
1479
633
12803
4094
8889
8456
3464
3093
9941
2668
7525
4430
5017
5868
12859
4217
4092
2019
4301
3475
10145
3725
4275
6410
8733
5016
5387
3668
9637
9032
11383
9688
2453
4810
11349
3075
9718
3846
4243
6516
8913
3914
4231
691
11029
763
4005
10550
4316
4315
10976
1656
2509
1435
2739
2373
8153
4067
3650
2900
3095
862
3290
3426
2194
8900
4382
3022
3928
4149
5127
10512
3746
1038
11897
4292
6996
6630
4036
9448
2470
4710
3015
8090
4319
4009
9335
2941
2206
7444
4139
4332
11357
2945
11239
11232
2210
8662
3317
2090
4333
2329
12795
1962
1789
2422
9403
4289
2216
1765
3537
4088
12022
4390
4328
9898
9645
3442
7581
8104
5905
4055
4195
3542
2669
2635
4080
1681
3274
4409
12126
4011
4617
492
12649
2377
2721
7748
1785
4436
4435
4434
12505
3883
11464
12660
2985
9348
2258
3729
2983
8518
7241
3330
4374
4926
4112
3850
2359
4249
4344
3204
4079
669
3844
3789
7758
4137
10797
4504
3943
6606
12753
2405
3999
4213
3531
3870
9921
11052
3003
3451
4024
4007
12969
2428
9400
4318
2256
3624
4459
9152
3011
5088
11781
3287
11853
1688
9810
4474
2262
4274
9483
4283
3925
1562
9895
4680
8208
1989
4454
4365
2268
4033
2724
2450
12061
4129
12365
3944
2867
3163
11182
11146
10244
3033
4281
3387
3026
2980
4457
3049
1743
2027
3951
4415
9586
8482
11371
9500
4178
625
4266
4335
12526
3199
9901
3108
12890
3224
3632
7936
4528
3548
12239
1481
9342
2001
7186
11554
7522
3613
2293
11870
4130
3243
12117
3061
7882
12430
6523
11716
12626
4472
5019
9058
4445
2770
10830
4603
5073
5002
4600
4599
7349
1536
8815
10388
10488
3691
2698
3077
4045
12322
4535
10096
12677
4506
9372
11960
11118
4074
12071
3085
3275
9376
6403
3361
3141
4049
10755
7058
1609
4134
11009
7726
9861
4337
4607
12354
2836
3709
4549
3683
4246
7590
4402
3618
3758
2445
4343
9178
11428
1552
12640
6956
11877
11160
4641
6204
11176
5128
2205
1342
11721
4619
4014
4536
3115
10872
4508
3071
2253
2901
4661
2522
8573
3786
1445
2396
3123
746
10601
5146
8509
3528
4427
2801
4202
3525
7128
4465
7081
3522
4199
1887
12726
8718
4670
4076
8477
655
10975
3689
8674
3782
2355
1570
4419
1885
9796
4186
2358
9702
12939
9490
3147
3997
12930
6804
10525
11432
4387
1341
4521
2982
4393
11666
4553
11824
4681
3874
3493
4290
4423
4309
9980
3926
3557
3004
5961
1521
3903
11922
12709
3853
4703
420
10013
4484
3452
6698
2298
4852
11924
1103
3731
3838
9841
3805
1393
4241
3055
5960
5481
3448
2521
4106
3541
1853
3743
3065
5417
4830
4426
5672
8233
4996
4367
4531
4675
1217
10543
2462
11538
5962
4153
3878
3195
4649
728
3358
3703
12760
4515
7632
11993
3201
11767
4184
12837
4608
4053
3663
11317
2175
3608
5140
12257
10654
2875
1188
12205
2176
4642
8556
4320
6260
3456
11694
3153
7216
7267
5582
3535
1665
9593
4295
2820
12834
12591
10258
9397
11926
4764
6722
7197
471
10903
11104
3159
3237
6796
11620
4267
5772
3638
4303
3371
10744
7457
3135
1660
4729
10699
3655
3756
1799
4643
7194
4775
4370
11735
9042
4519
1965
4175
2480
2916
6504
4147
10242
8041
4494
5339
4730
4057
4111
7591
11424
9317
12486
3489
4413
7804
323
4511
3261
3602
4554
2976
5680
4485
4188
7039
1130
8706
2013
10436
3732
1998
10190
4357
12840
12777
2468
4663
4708
3659
3931
10563
3611
10597
4163
10579
3969
8018
1640
4835
12746
3128
3259
4855
4625
4713
11918
2465
3100
9633
4699
3701
6680
2812
8560
4559
8782
4405
5542
6883
5412
4653
4073
3827
12986
7605
4693
6491
3809
2476
8404
2023
2021
4287
4844
11976
3417
6772
4253
11711
4867
5013
9950
4691
10056
6329
4136
4443
3626
10710
11998
4761
1985
4369
1531
12909
6946
8366
266
4271
10574
11928
3236
12583
1551
4490
4773
12490
2803
3966
3396
12831
4141
10942
436
4647
4118
11220
7478
4265
3574
12782
8050
11061
400
11674
3258
3888
3341
7422
2798
4806
3018
4090
5958
9669
4754
10557
11082
9821
3349
2589
3404
5015
2246
12482
4256
7467
4885
4223
4285
11368
6568
2723
355
11088
285
2287
1795
4627
4159
4937
1441
2103
11988
8109
9988
2525
608
12913
4544
4143
9368
5029
3461
12399
656
10393
2738
3375
6082
4631
6976
10411
12162
4432
2053
2089
2967
9786
8534
5103
417
9425
6570
6729
1031
7021
4874
12980
5964
4815
377
3815
3764
8465
3708
11436
1832
4571
12604
2829
1698
4740
1227
11493
7228
1807
8166
8923
12614
2552
11526
3830
5400
9649
10916
4685
2250
3526
5069
8013
11030
3747
2878
12085
7690
2215
5018
12675
5908
11188
642
10665
4016
5109
7578
4639
3421
2835
2896
4901
8908
12905
1716
7159
2514
3427
4447
12843
5814
3070
5428
10227
6216
4634
3938
3807
4509
4294
3092
8063
4965
2578
7592
3439
4919
5297
3441
4896
10448
4709
1612
4747
3445
2584
1783
12811
4041
5273
4804
4577
7538
6457
2356
10859
4400
8796
11726
12772
4958
2592
3590
3890
2092
5039
9612
8873
5058
2596
4689
10855
6958
3469
698
4999
11930
6273
2551
10330
3816
3549
3463
12451
4548
4019
4052
3849
1076
5055
5165
3971
2544
2608
12572
8929
453
3586
316
3917
5059
4446
4623
3920
1028
3394
8552
8673
280
7025
3140
5081
2171
3673
12406
4839
4905
12441
3995
5224
2394
10260
5180
5001
5826
9280
3329
4157
5065
2626
4790
4891
3569
2628
1841
11389
2670
4252
3138
10307
7918
4780
5980
12711
2320
8957
4766
3191
467
4865
4219
3956
10012
4923
3347
5539
3010
3901
4866
2643
4704
2917
4975
12465
12828
12225
5158
5279
962
2646
5430
10240
2214
4233
3238
9359
4101
8622
4338
6451
4391
11688
5184
11895
1340
4979
3344
5199
2119
5545
4251
4853
4940
5223
6622
5034
1251
7372
3360
6887
1829
3300
5426
1723
4824
12992
4555
9696
4304
8806
10630
8027
4116
3767
12042
4831
3834
9650
5259
4327
12494
9601
8862
4010
1930
4589
11648
4799
3837
10781
4347
11863
11246
4605
8070
12917
8506
4212
1285
5214
10776
2682
5078
4696
5340
4945
2505
4590
5312
3306
3949
3583
4749
5106
5246
12879
1946
5316
4489
5043
11914
3589
10426
3257
5082
5291
3091
4399
2498
6565
10584
10811
5172
4615
3744
12238
3929
4379
3790
9021
6154
4046
503
11843
3206
12862
4637
10071
4254
3205
4886
4903
1192
2873
4847
3039
12478
4952
1971
4745
4794
2712
4565
2831
796
8176
4814
10973
3621
2716
5344
8707
6790
4192
1863
8389
61
4562
2674
10103
4872
4278
11202
12045
4850
12214
4716
4751
3856
2710
4034
11621
1729
5089
3227
11449
12516
2730
3813
5265
4404
2732
10840
4169
4196
3281
17
12787
8626
5151
4744
9945
4502
4817
738
12019
8646
9801
5730
12658
9420
10886
5334
6778
5241
5084
9262
10863
3661
5206
8852
12181
4875
9128
3665
12384
1903
11341
4990
5471
7884
3399
8038
11257
4206
5376
12846
4133
3873
10881
7326
4425
2852
12156
1364
11409
3143
2760
506
7675
5388
4604
60
12901
5330
4739
4719
10318
1465
10282
4796
5389
5423
3409
3628
11135
11752
4317
12140
5535
3326
2656
4170
2773
8788
5267
3964
5061
2546
3271
5564
3723
3953
3572
5231
7149
1493
6573
5051
4172
7330
5135
4969
12003
3677
11069
12036
8415
5162
2786
11884
4967
5238
3819
1756
9579
3936
3865
1718
5032
8564
5357
4154
11951
5174
10569
634
11658
5269
5023
9754
4798
8892
2406
574
12953
3733
2898
4792
11043
8134
6848
1071
9208
6312
4487
5698
5496
5194
10657
6104
9226
3122
11748
1872
8719
2352
5117
172
4920
9190
7072
1654
9301
4859
10109
4021
10333
10808
8550
7624
5497
3757
10620
12872
5263
3511
9630
4883
5133
6944
3763
3518
10361
5303
10129
12392
12135
872
3081
794
4927
1891
5575
11788
12599
3824
8845
5431
3775
4784
2832
2292
9412
5465
5543
8362
11827
4097
12958
11354
11365
1792
11537
4273
12619
11480
5596
3955
4801
12324
12673
9336
5181
8472
9164
5424
2449
10690
5441
5304
4983
5201
4846
3353
9132
2957
8210
1900
4277
4560
5597
12048
4051
11310
11053
3412
5558
1727
12825
5421
11983
1862
3062
5116
5329
9172
8053
11402
5629
5179
11210
7492
4832
12728
10833
3564
4533
3821
1810
12974
4655
10708
3739
7948
5651
7268
2856
742
11756
8734
2872
10262
3831
5126
12509
4697
5583
11440
12366
5525
5183
6282
10218
5706
11299
3322
7673
1920
5239
11094
4928
5110
4119
4341
7564
11706
5459
4843
3948
5004
12456
4373
5503
9960
5226
9732
3303
2333
11331
8272
11150
2012
5642
4638
5210
7546
5735
5348
12100
12104
8575
5048
4013
7576
5399
11552
1542
3585
12647
4774
2902
10238
5455
2431
6449
5033
9928
7798
5148
8944
12342
7840
5325
528
8956
5610
2910
5711
10972
10514
2912
7170
12767
4622
7858
4066
5755
5754
4873
12886
10923
9212
2918
2456
12419
5191
2920
6428
12436
4174
12713
3897
4385
2500
3899
747
2647
4915
5361
12800
4657
166
9278
5796
10299
4620
4884
10786
4995
5749
4189
5566
8403
3179
5211
2908
4473
5988
4538
3054
3615
605
2938
2006
5708
2366
4777
397
11031
11114
12948
5131
5759
4529
7534
5589
12255
4232
5472
3798
10771
3940
12921
4857
5074
1966
5533
4760
10678
4448
9546
5336
10551
7646
2954
5653
12033
2621
5643
4731
4823
1897
5648
3945
11139
7388
2703
3187
2961
4660
11962
4293
12523
2477
11237
2952
5505
8266
5675
12174
5319
1978
6933
4439
10404
5352
9936
1449
2201
3566
12498
178
10193
5803
10153
5343
5807
5638
9302
9444
5687
3693
4556
3449
5349
4517
4546
6076
11392
9384
3555
2706
10891
4981
5571
5621
4705
3981
5664
11744
11778
4428
11637
71
7789
4350
5771
4438
5631
9972
5288
1494
7047
1
5379
3993
2857
3226
4994
8094
2997
5302
9585
5802
10494
3529
10673
4668
9997
5918
5917
1337
5746
4371
12849
5154
10941
6328
3006
12934
9147
3930
9097
6520
5454
4868
5280
2588
4833
9072
6636
1022
7227
5726
4158
2741
8885
4115
4825
4989
2691
9522
5266
5062
5247
5578
10357
5554
5477
6180
8740
10160
5939
5785
3992
5873
10876
6049
6048
6047
12425
12096
6044
10058
12474
6041
10613
9006
3711
9122
11346
6910
5494
5627
3784
10398
5699
5489
4973
5588
5207
4942
3038
3822
12739
11622
3040
9516
12631
9592
10697
3364
2371
2229
3044
4808
4568
1951
9081
7044
5587
5356
6620
5777
6039
2853
3050
2517
5822
4491
8566
3742
12963
5739
11474
11910
5307
4583
5003
3454
12575
2208
10953
6122
5439
6270
5639
4816
10315
5164
5717
3898
5394
5705
5973
4284
10867
4805
3066
3494
11731
9886
6057
3595
7079
5450
5145
8458
8773
1908
3072
2439
11167
5030
12897
2102
11013
4394
6102
5169
6046
785
3078
5770
6054
5049
6003
12
11667
5414
1876
4185
5155
8548
10544
12130
4628
1728
3576
5311
9987
5750
6901
5176
6129
5576
3090
4715
5353
12204
3855
5841
12413
4540
5514
6099
6098
779
9653
4542
7575
145
11230
7296
5919
3444
4579
9856
9277
5014
5857
6170
3211
5897
4702
4988
11525
6155
5758
5718
8001
4877
10176
5516
3109
7166
7705
5333
3889
5649
5245
12998
9391
1664
9497
4972
3599
5283
3553
3695
12237
6227
7516
5696
5927
1611
12325
4161
9628
8234
3560
3868
5111
4165
8008
7376
11875
4887
11936
6562
5473
2326
10225
3642
5007
5848
4939
805
10627
9714
5301
10536
8068
8660
6071
12822
11123
5932
3797
12638
9817
4384
7157
6275
10179
1990
10090
2883
11893
6269
9261
3768
6266
1298
4984
2096
6187
5641
5244
5484
4523
9910
5114
2166
7129
6438
3150
5276
10072
3436
8478
4197
12792
6178
6177
5983
4207
2099
2178
5798
5693
4665
4211
7050
10931
4514
3160
3474
9703
6284
2381
5787
5536
4437
4420
6096
12755
1890
3166
12224
10683
3911
5607
2310
11319
5221
4227
1606
3171
4229
12808
6141
6391
5008
10201
5161
2666
3244
5647
6844
5027
12376
4861
1596
6649
2114
11810
5396
6225
8244
10173
1121
5173
7152
4349
8120
8671
5124
12081
5864
6961
6386
3600
1039
9719
915
3190
3927
4167
4026
3278
4986
7755
6304
12586
5830
11062
4261
6115
10346
4099
6093
4187
5294
11194
2075
5237
12030
3575
5977
2541
1078
4767
6031
11804
2187
5495
6060
6350
5886
4397
6074
11868
3648
4493
5227
6161
11682
5839
3105
3007
5875
8935
5264
5729
5368
5077
2756
5260
6137
11551
10748
3218
2327
7259
1041
7285
8582
5727
1333
3222
2762
4959
2487
5599
2763
5235
3669
5984
12254
6291
2526
4321
5612
11649
10082
6781
1404
5655
5602
9513
326
6236
847
6123
3787
8035
5185
4497
2995
4856
6459
8221
3970
6467
6014
3272
5177
12715
4263
9120
3132
6367
7746
6194
2808
3342
5976
3246
5120
11838
10120
7008
4756
6719
5515
3250
5118
11587
5020
3252
5783
11586
6942
5753
5458
9193
6116
3256
5869
5791
4654
11588
6253
8614
4250
9216
5906
9251
6263
4210
3386
3263
2950
11585
4353
12943
5310
3266
7734
6191
4907
4669
5532
5139
3502
3270
5957
6259
9794
6365
6364
9671
6576
12748
1790
10182
5679
5947
12150
4916
12656
6008
5970
6190
5831
5252
5524
6016
4124
5277
5372
7381
8720
11584
2204
11813
6488
5149
8114
11908
4898
9276
5847
11014
12008
5591
5447
12092
6199
6407
5284
3293
12112
5556
2482
5519
4953
6436
9940
3975
8598
3896
245
11590
658
6311
4401
7992
12594
6238
2996
11301
4941
5948
5408
12865
10410
5373
6479
5243
5598
6189
4245
6084
3048
6544
7640
5887
5723
10373
5122
11583
3823
11326
4672
6875
6368
3316
12624
11971
4977
10496
6500
10059
12852
5012
10902
3321
9084
7176
3241
10915
4782
5559
6362
3325
2136
2263
6052
4991
4611
7476
1168
12343
11458
2060
4441
8587
10802
6059
6548
12925
5186
4001
11032
12213
3919
6105
12054
3337
6463
10417
7596
9329
77
8413
8310
4455
6124
4951
4268
6345
2638
9304
1545
3345
5258
4102
4224
4463
5820
5167
2618
11463
5249
3213
3277
11582
6593
4297
3916
5890
5628
11444
10138
5951
6832
6182
4486
7607
4477
6202
5289
6399
890
4039
5228
11623
5989
6017
5765
6495
215
7669
12356
6051
5278
12461
10564
11515
1124
5546
5950
6839
11938
3370
6379
6677
1114
2909
6473
6571
3510
11785
5593
4911
5112
11592
6625
11695
6640
6747
8568
11499
1953
6743
3410
8123
11830
6158
6926
5255
3867
3009
3842
3385
8822
6689
6509
6455
6148
5485
2353
5843
1471
9697
6136
9028
6370
4968
5236
5090
4525
9709
3584
7633
2066
7685
12502
10353
8492
11581
6347
5779
9022
3400
11978
5921
3954
4468
7360
12067
2648
12400
198
5108
2270
3406
12326
12730
5064
3408
2272
4897
8306
6389
4786
11083
5774
5710
2663
3413
692
4479
6566
5879
3380
6068
6359
12431
4557
6707
5093
8859
440
12762
4772
5899
5592
4563
4017
6535
4198
6774
2634
3750
4569
3832
6371
5685
6121
11593
4692
7799
4573
6767
5741
5147
8388
5611
6103
6595
9690
6637
4624
6063
9138
5022
5624
6073
6798
9806
5666
11659
6208
6584
2340
3707
7524
4912
6498
2661
6746
11638
7308
10791
6779
5744
4736
9243
6497
4272
7112
6599
1314
12968
6725
6482
6034
6139
4998
3403
8278
11580
10952
9996
1062
4723
6569
10125
1175
3255
6612
11717
5552
6759
6879
6251
5816
11882
6377
12555
2865
6919
3276
11851
7078
2968
11054
7387
5443
11816
5617
6163
5275
5738
132
6050
5574
6232
12470
6632
6440
12552
9528
5213
4180
5123
5456
6681
4424
5963
2775
12819
5657
5922
11856
8527
5969
3482
2081
5225
5418
6354
5393
3623
200
11312
6416
4735
4769
6335
6733
12367
6264
6293
3567
6515
5580
7260
1131
6715
6205
12669
5813
6763
6770
6775
5595
4451
4259
7940
6394
6639
10826
4838
2280
12893
2110
10392
4003
6861
6412
9949
5528
12385
5743
8212
3354
4626
4677
11701
5936
5615
4651
2493
9118
6881
10266
2616
1802
11015
6247
4935
6140
5203
5409
12253
5942
3517
3631
6281
4768
11579
2346
10836
1929
12558
10284
10940
2348
7620
5935
6579
1957
9815
2350
5113
3053
6929
631
10908
6590
9799
3376
5776
6843
4501
6704
6577
6043
5300
5894
6809
5178
6749
5045
6713
5889
10643
4717
3538
6175
5832
5884
11798
2427
11278
6430
5904
4848
12236
11550
3544
6816
6638
490
3546
3904
5367
3622
6941
2572
12985
5054
3550
765
6431
10234
6621
6692
4963
11906
12549
4596
6481
11070
3556
6793
9883
1712
7550
6528
11595
578
6245
3770
6837
6174
4071
657
9682
3521
12161
3710
3565
4215
5305
11280
7235
5381
6971
1362
11119
3627
6507
5286
6079
4286
5557
3440
3573
4765
5467
12578
6555
5895
11405
6755
6963
579
5985
1052
9149
5858
8146
4407
9355
5694
3582
3047
6143
6029
5436
3076
12167
6563
6605
6600
7537
5050
3685
7013
7012
1836
12717
1879
3073
4310
3592
4155
11578
6005
6539
6814
7210
2424
8365
4308
3597
7094
11712
11468
5999
5125
8537
6710
6212
5763
6004
51
12645
5784
11274
7005
10843
4408
3606
6978
6977
1608
5613
4082
11995
7137
5965
6989
5632
6799
9457
5510
4520
444
8710
6684
11253
6038
6303
1446
6773
11218
4043
6476
8659
6418
3800
9360
10727
10060
6176
3547
6341
6589
12180
8002
5438
2791
7222
6609
6867
6518
3388
6831
8820
5987
11282
4496
6895
2342
7127
2684
2413
4209
7164
3965
3635
5359
4205
6388
5375
2338
11596
6776
12875
2755
6426
10216
5720
8794
7057
4510
8412
9320
12393
6629
10725
6993
6902
11964
11940
4237
12561
9066
5859
1042
8085
165
4564
6892
6525
5702
4871
3578
7105
3465
4860
2385
6761
7309
10157
2438
6475
5896
12979
6471
7175
7174
8151
9986
6326
4221
12882
4359
6244
11846
5498
6591
6611
11524
7223
6434
7007
585
5504
10516
11412
9870
6838
3793
3672
6726
6687
5
4095
9672
9773
8260
11577
1254
6797
1506
5071
5240
6623
3292
7136
1814
10498
7238
3682
6834
6561
5654
9465
6668
4695
2948
5852
12088
5119
5585
7284
5282
7064
670
12116
6945
12057
11624
6292
11272
6647
1828
3299
7108
7265
5272
3696
7190
12991
4957
6575
5342
10731
4933
9978
6056
12855
9784
7321
5625
12546
7169
9274
1939
10445
6608
7171
7085
4943
3973
6787
6980
7048
6805
4947
3437
12520
3982
5529
6007
9538
10110
3714
3230
4644
2932
4733
6586
7065
7103
6248
5881
7399
7446
3720
5788
3721
4466
5605
6766
6271
5156
5959
6453
7545
2328
11597
3836
11110
5401
4971
3457
12779
5998
6460
4389
7142
11284
7193
4322
6885
6789
6854
6757
6537
7030
5553
7290
9858
3761
11033
4601
5609
3939
7220
150
6458
6821
6697
8746
7298
4645
6419
7036
3745
2904
7329
7328
12741
6572
6198
9156
7187
5966
7806
7133
12612
7000
6113
7023
11535
5005
8449
8222
8467
1591
12797
10704
11235
3118
7418
8302
12344
2506
3630
4395
12447
5507
8316
2508
5499
11736
7069
6381
11303
6974
3766
8024
10606
1644
12938
7146
11431
1158
3486
6421
11427
7024
5795
3536
6935
1454
11213
5067
5251
7279
3776
10930
3777
9480
6803
6950
7391
3716
12000
3260
5281
7934
7274
4323
12203
7406
6069
6939
6940
2185
10545
4004
4646
4630
6735
6538
9959
6782
4248
6928
7242
12774
4087
11650
11775
2701
6899
697
10968
2657
2737
9404
6785
64
6487
7003
7219
8332
6716
8500
10733
7253
7389
2905
4737
10008
7561
7560
7559
11668
7557
7556
11147
7436
3808
3893
11479
5488
3810
10098
8286
4899
6435
6601
10885
12252
4453
2934
6783
6918
5603
8544
3817
6922
6876
1615
11270
2560
5452
5646
6859
6322
6078
6870
11955
7828
8953
1036
12805
3473
3826
6469
7283
12442
7172
5105
6949
5695
7335
9220
8741
7181
6853
6682
4524
3233
12929
3088
10585
7158
2880
1419
12155
7495
7494
6294
7423
1676
5561
5318
11727
6147
5374
2600
6408
7604
12654
5044
3845
4783
9657
6574
6955
19
4929
2936
7468
6276
4482
6120
7352
12784
4025
5406
6203
5189
11904
6813
7183
7460
7641
7119
7639
6524
7637
5057
3859
7160
9418
2123
10951
5793
10188
8942
9433
5790
5584
4934
12667
7523
6167
5734
6279
7208
6246
184
11575
7433
12377
6496
11286
3097
10296
5354
5810
6026
8809
736
3875
2940
3876
7739
10528
10880
5171
2245
11549
7487
3880
7075
7411
6211
3882
6903
9531
7311
7929
5725
9758
8032
7435
9350
10773
6676
5548
6472
6223
12816
5187
5971
7342
7611
9865
4791
10663
3998
6231
7313
3697
99
6597
7888
12602
6666
12357
6380
6369
1613
12173
7173
11095
3111
7490
6711
7549
6164
5466
7946
6614
2403
6443
6923
7027
9166
3908
3962
11639
4574
9177
2266
5867
6114
3912
6712
6022
6582
7716
7715
11435
3356
6706
12024
5317
2987
7341
6230
7784
6700
6420
7083
12543
2614
6160
5338
7763
6297
3924
5700
6414
7327
7531
4712
6382
3334
5914
2914
11599
4682
5911
6985
7431
2830
8253
1460
10858
6142
8997
8818
7215
5292
10061
6924
11398
4948
3468
7668
10829
7796
7318
2296
6083
4204
9572
7875
7539
3384
7123
2768
12506
5261
3193
9230
7049
5079
5773
5463
6679
431
4362
5298
10397
5907
9186
12420
6959
8610
12212
7080
10291
960
7571
3114
11707
7385
5570
11942
11379
701
3462
6671
9207
10130
4507
4598
12617
2642
12589
7237
7254
2757
4993
5209
6943
9440
7919
5248
12719
3434
7017
11376
7301
7529
12868
7910
8281
3825
12636
1323
9776
2650
3976
9704
12235
6708
6485
7346
12139
7589
3980
12732
5972
10854
5689
6938
3983
11268
12629
5313
3985
6833
8617
9100
7769
7835
3988
281
7609
7704
6018
6880
11017
6387
6654
2881
5990
5817
7377
9008
6795
3327
6132
5534
4722
11782
5331
7156
7552
6830
5981
6023
9307
4802
11161
7535
7853
12328
6559
2472
12487
4864
12013
10676
7178
7536
4008
5345
9039
3084
5347
7880
7551
5509
4012
7543
8377
3676
6423
534
7815
11768
5446
7161
8927
7394
4018
472
11514
7909
7908
7907
7153
1917
6672
4416
6035
7506
5634
11228
4190
7145
2570
6522
12973
3467
4028
4144
6447
1975
7481
7493
11625
11382
6975
7299
6731
3133
10164
3960
4035
7361
4403
6864
3885
7480
8300
7122
12769
10610
12466
2488
10967
7937
6619
8318
7863
2625
12889
8460
12483
5332
5395
5885
4047
3504
6217
11288
10939
1476
7275
7456
2821
4862
6754
5678
8891
7097
4064
2040
6739
6953
4056
5928
4881
480
7871
7833
6727
3214
4060
1472
4093
7999
6465
101
6603
1821
6849
7957
10517
6857
11373
9494
7319
1412
11822
7679
11683
7020
7314
7066
6107
7808
9321
4820
8911
1928
12134
5433
5492
7594
3016
6442
4077
2718
11473
4361
12414
7403
8450
7883
9691
5364
12070
3401
7786
5834
8040
8
4085
6964
6169
7629
11676
6289
10500
4084
12491
5453
7384
6846
7743
3273
11660
7634
7767
6033
7975
2077
7375
5461
4096
6702
7898
6409
11573
5668
7807
1084
7366
8046
9623
10914
6693
7749
12997
4298
7509
2850
7357
6011
3861
1642
9683
7232
12426
12952
12567
4262
12957
7104
7733
12908
12757
5195
9023
7595
7143
3580
8043
4734
3984
12750
10681
11180
6667
5242
12251
7717
12912
12060
7073
5369
5903
5635
4123
7324
6207
2662
10007
7280
4117
8348
8207
8130
9698
2752
9499
7295
6884
2655
10737
8036
4132
6960
5511
6642
6615
6432
4135
5842
7091
7943
6206
2758
4138
8872
7359
7797
8921
7278
7203
6627
5523
7204
7783
2974
6631
4032
6543
2182
7336
6635
9891
3098
7664
12858
8124
7426
5929
10360
8084
11034
4156
4160
7503
6252
11973
7652
8307
6558
8305
11866
8303
9880
8301
7864
12789
9338
8668
7713
12581
5660
8293
6055
8291
3755
6663
7502
9063
6909
5555
7630
5160
8052
11601
9410
8201
3407
6737
11208
8175
11880
5563
7619
4173
8132
7899
6890
8295
4351
11498
10752
8767
5616
7979
6847
7960
5573
6554
5107
8026
3106
5994
5577
7727
7599
11200
4464
8367
2790
11266
9608
8363
4242
11792
11902
8359
3450
6095
8133
9851
8219
5437
8004
9927
2390
11136
7082
8287
10326
6994
5775
12345
6128
7045
5901
8224
8129
5846
5794
5215
6764
6791
4636
11128
3146
8119
3056
6936
4876
8308
7649
5326
10368
12540
2080
12479
7217
6673
6237
9720
8149
5853
7966
12457
1963
12084
5512
7780
7676
4216
6024
7732
3067
4218
12120
12904
10796
4220
3803
5667
9114
6220
6502
8117
11548
11534
6995
5835
6398
11572
3862
7247
2200
7519
6802
8304
8572
10901
7916
8371
3405
7054
7511
4633
6794
4234
1843
6353
12222
9792
6224
11523
8315
4471
5254
8039
4406
4595
3941
7440
4483
8376
8375
8374
8373
5659
12916
11018
11370
8400
3397
8491
7031
9985
6992
8487
11328
7981
3455
11753
8468
7892
870
8479
5493
11749
3684
12597
1072
8459
7859
4257
4244
10761
2131
7879
4431
2502
7699
11491
8152
5480
10062
3577
3512
11290
7356
11305
7867
12665
6494
8089
3057
6331
9090
12386
8162
5658
2318
7475
5457
6897
4503
6015
5827
10329
4662
5434
817
4276
8259
9598
10950
12290
8396
12289
2594
7134
8722
4551
4467
4282
7305
7847
4505
6130
7037
12291
3641
8290
7202
12947
6125
12288
5594
10279
7823
7968
5358
6807
12962
9906
6396
4759
4498
8474
6531
7813
7570
7400
2864
12495
3175
6800
4048
9659
8264
12292
7803
11602
5163
8816
2868
8079
8856
11944
4606
12287
8282
4306
6891
7179
8462
10768
7500
5097
3418
6823
5121
8476
8241
8240
3942
10191
7370
12329
8736
8319
5383
7775
9834
8346
3820
4512
8320
8519
6356
4821
5761
9741
11084
5479
8220
12293
7532
4324
6118
5630
6982
7757
7814
7347
4721
10866
1334
10199
205
12286
1372
4331
5198
8202
8452
8273
9590
7955
10270
12643
7740
9622
4469
11071
3662
5683
6053
9489
1999
8435
5940
8185
8105
4342
2481
8603
380
8789
10320
4345
11348
7451
3477
8551
5797
10621
1099
7829
8169
6037
5801
6310
11696
7931
4863
2717
7708
12294
6506
8337
8444
11980
6028
6536
8154
4358
4671
10739
4300
8009
8842
5815
6979
11732
7988
12285
8061
6718
106
12622
7912
12813
3829
8111
7671
9797
5825
8379
4037
11046
3492
8011
10386
2854
10538
8633
8632
12129
8630
8629
11408
10221
8884
10907
5837
12721
8321
9249
11626
4380
8000
8137
7011
8135
7657
11640
3080
4481
10230
6578
8206
8101
7994
12021
1418
11757
1848
11957
5403
5982
4757
8711
7944
10356
8584
12295
5011
10693
2687
10715
2930
4396
10154
12103
3791
4346
8078
9994
8581
8580
8579
6602
8402
8731
7221
8073
5080
12284
8067
6856
7678
7118
6277
2305
4302
7212
7407
8623
6019
4410
8056
4411
9534
4412
7662
4888
8283
4414
5692
8279
8106
8665
6664
8547
8546
4418
9258
12234
4781
7809
6135
9577
8600
8902
7982
7425
11140
8869
5688
8667
5934
4659
11264
8486
5398
3027
11388
12099
7177
6287
2606
8520
8639
7688
12250
9271
4360
8141
5913
7762
6250
5915
5324
6580
8227
8781
7469
9939
12358
12296
12652
6662
11124
7697
12900
12570
8496
4444
1207
4807
6470
6967
8054
8607
7989
7414
8535
11090
5902
4450
1982
12933
8384
4452
5937
12283
3339
8819
10332
5000
3120
4456
7131
8091
3373
7643
10006
7135
4104
7071
5491
9331
7139
4462
1197
5662
4938
8457
8636
11151
41
8777
9826
9953
6542
7420
7661
9073
7508
7911
5392
7947
12764
10813
7390
11462
4880
7459
1708
5967
8299
7424
8096
5823
6889
7464
8896
8749
7355
4480
2942
8225
8424
7701
12202
5604
6736
10614
7089
12920
8657
8196
5385
7479
12408
4488
8814
7689
8409
7484
7600
5614
8069
4492
10686
7489
6721
8772
5993
12297
7819
7677
6424
12475
8759
10092
8429
11457
4330
8427
3000
10432
1590
7542
2020
9923
5152
7199
8381
6758
7448
10372
7211
8903
5893
8015
1329
12179
2935
12282
5731
8007
8368
8637
8397
6363
5087
4895
9970
8919
8918
8917
9674
7038
11292
4518
8383
8361
120
6027
7860
10553
3674
4522
8937
8228
7984
8949
3008
8343
12878
8549
9504
9171
8631
12517
9392
9199
2787
4530
7941
7437
7510
6058
7163
8597
7402
4570
5328
8909
7834
11702
7985
9345
9948
10381
743
12836
8678
3046
7098
11401
9838
8866
8865
8864
1153
12802
8324
10423
12432
6327
6954
10126
3307
11078
7100
8959
3189
4550
6278
8563
7034
9076
1786
8621
1348
5724
8289
8499
700
6075
8099
12692
8103
12298
6882
7903
6461
8831
8830
10306
12694
8540
3713
10965
6085
12537
5956
8357
8269
9518
4779
8533
4363
6503
5860
12839
9107
6529
12378
8405
6665
10317
6097
4417
5742
4313
8803
12833
12186
4576
5099
11547
4750
4578
7196
10099
1047
7993
10666
12211
6109
4582
12690
7830
7752
12734
8531
8211
5462
10938
7874
8879
6117
11233
1801
8261
4340
7741
8399
7364
7514
4592
7787
12095
8576
11604
6564
8481
4532
12696
8960
11158
1914
8758
577
10139
7725
8255
970
10063
8524
6908
12160
3961
4635
6905
8199
5954
1096
9361
1842
7483
4376
8739
6145
11064
7188
9062
6508
5764
8774
8042
5066
6151
8183
7099
7288
6159
2805
4616
1846
9607
12510
9051
2290
9071
1143
9473
7895
6932
3254
9013
7818
7224
3082
8394
7655
12063
7827
8705
8160
10251
5933
6171
2446
12499
11718
5382
2203
8843
12984
6361
12330
6283
1102
11854
4698
6701
4176
7790
6239
7729
7236
12688
6185
10819
4985
9145
5006
6753
6617
8675
2731
12346
7961
7651
6193
6968
12942
6195
9086
9099
6197
12280
6153
9175
8661
5200
6201
11443
12794
9059
8625
12967
7776
9909
1212
8687
1035
11240
8648
7107
1381
7628
4679
5891
6894
4072
12698
8972
9049
12861
8097
9283
8635
11569
6947
12842
8844
8033
1519
4667
4652
8854
11106
9241
9240
9239
9238
10713
9236
9235
7890
4673
3700
12041
6219
9017
6168
6235
8611
12830
8709
4678
7230
7019
6951
11741
6241
8065
7168
6557
9332
10033
11946
7074
8059
7028
5355
7956
7735
8203
7580
8081
8589
8679
7256
3801
4264
10345
4869
10036
8939
4950
7625
8978
8578
9231
4127
8931
6769
12663
1245
2418
9034
11779
9181
9180
15
4803
9958
8029
8417
12885
6886
12044
1572
12871
8023
8799
2882
7886
9389
12300
11836
9386
1484
4558
9383
7371
1884
9380
3690
8839
9377
4714
3532
9374
8006
7405
8538
3616
9146
9281
9144
12038
4461
4720
9043
8656
11056
7995
7848
6913
12686
11713
4917
4125
7826
3900
3781
9087
2073
3612
8407
12279
2124
7865
1984
8735
12462
8510
9117
9116
5104
8522
6313
9215
4398
7471
7579
12990
8618
8800
6709
12369
4944
8619
5483
4741
9692
6323
980
6724
6325
8311
2063
9093
9092
4746
8484
7485
337
9745
2713
7062
3651
7707
8943
9341
7243
12010
3168
11391
7942
12249
2362
12700
8504
6865
9503
8907
8288
10038
4566
8539
9566
8802
6678
11221
5136
9492
7927
7939
3507
7623
8666
6991
7922
8784
7869
9752
4334
9035
7917
8585
2725
8448
8834
10245
10870
9029
7445
11216
6545
8163
5411
7760
8620
9272
9033
7438
9053
8689
7820
11859
3186
8195
7154
10503
9289
12896
7932
11020
6852
12978
2814
9351
9016
9349
7659
4787
11478
8495
5633
3719
6330
9458
1368
8440
9455
3765
7002
4793
9001
11484
8297
12301
4964
6395
5756
7870
3198
8393
5703
9584
5684
2460
6401
8677
8986
8386
7861
12592
6699
10005
5968
9705
3717
9217
11992
11203
758
7852
988
12047
6610
7041
5175
4687
8249
5384
10780
11323
11192
9364
6970
10272
9005
2286
12584
12723
9613
12278
6425
9285
2095
8034
3121
8641
9167
4822
8769
9263
8945
4526
6433
9328
4701
4889
9069
12845
6999
11568
8172
4299
5778
7687
3220
9210
6314
8591
5872
7250
6152
7959
4105
2796
1868
12073
8916
4837
7345
7001
2966
12684
9197
7930
7055
4107
12924
4842
3228
9514
571
9651
6962
12827
8493
12573
9984
9291
7788
7396
4128
8898
783
9687
8338
7015
6604
11997
9135
5315
9680
7320
8797
8887
6808
7317
11364
9673
7772
9604
2907
7289
6317
7768
3240
9437
4280
10822
7764
9287
8256
5448
9552
11316
9550
11641
9085
8274
7756
4098
876
12233
10180
10228
5637
7307
5270
10040
8144
7310
12080
9509
3737
9015
9343
7287
9244
8323
8846
9634
10396
12124
12702
7281
2097
8115
8369
8223
1426
8836
10408
5861
9275
5751
3032
5681
9749
9508
9507
8827
8762
12091
2198
12302
7608
7337
1534
11677
4602
7887
8612
10884
2091
8159
6551
9139
6214
10257
7255
4368
8732
6000
6533
4164
8727
9727
10314
4902
5955
9477
9476
7465
3692
11111
5060
8411
5888
4062
6478
10028
12810
12471
4208
6547
6319
10243
9431
9417
8669
11047
8019
4914
7413
12277
4279
7151
2949
10293
9449
4918
7504
10804
9305
5623
7598
7382
8894
9563
660
11606
3282
12154
2237
8355
3785
4500
9708
9711
10442
8426
7660
9427
9426
4930
11096
8750
7205
3892
12018
4543
8590
9399
5142
9254
4656
5219
11684
8229
9162
8765
9611
9119
11546
9406
300
10743
7248
10530
3788
7415
9811
9631
9419
7258
8370
4946
11652
10041
7793
8382
10298
4949
7373
9387
7626
7754
10064
8254
8712
5391
7802
5862
6306
4955
430
5486
9253
12627
7432
9221
7084
12331
11898
4960
8698
3505
7334
4962
9206
8351
7606
9735
8691
9733
9568
4966
1986
9395
2970
9353
8684
8779
2969
4970
5916
11987
8934
7593
9603
9110
7857
8954
6740
9523
7262
10281
9337
8416
6869
4978
7694
7449
4545
11828
12610
8976
9779
11497
7577
8543
6645
9619
12682
10171
5129
6376
3324
4987
2052
8861
5101
12752
6653
11340
1781
6655
8309
9308
8066
12303
5760
12421
7106
8795
4478
7439
7831
9407
8358
10085
9089
9295
9315
8237
5715
11567
8003
9661
4954
9451
7562
9954
7454
5809
278
9282
9004
9439
6020
6348
11036
10879
4894
6517
8480
7777
7090
8354
9270
6042
8791
9529
6648
7518
9524
12448
8414
9515
8263
8179
4758
9323
7914
12276
912
5021
11260
12776
3348
6750
6486
5024
3978
11975
9246
5026
1324
9636
4676
5670
9740
10599
4829
4632
6441
6646
9104
9771
1219
9228
7059
12781
8243
7498
9435
8996
9931
4561
9224
5038
11708
9701
2162
9300
5321
12387
10928
8335
9693
12443
9213
8554
6272
9250
5854
5046
6086
5047
3735
9573
5686
8349
9969
9968
9967
9966
9965
9964
3368
5053
4594
5299
1302
12848
6741
5056
9757
9751
7379
5192
7622
10055
6413
5445
9963
5551
9539
7458
8783
5063
3646
5153
7474
9842
9173
10124
8516
12650
6540
5068
5144
10219
8511
5070
10115
10111
10094
5072
7226
12415
6765
10089
7189
10560
2979
9154
10084
9915
9914
9913
2530
12824
4541
8567
5404
9723
7499
11765
7586
9388
12248
9739
8847
12503
3390
9136
9822
7631
6596
4819
9788
12759
8142
7417
6215
6898
6110
3516
1669
12115
5010
5094
2702
7709
9879
9878
9877
12641
9578
5098
10114
5429
2337
7896
12996
11607
10074
5102
2026
11737
11628
12304
6228
9102
8451
5377
9079
8938
12002
8514
8446
10679
9094
6521
9850
11472
2044
6108
6817
3431
7766
9294
346
5115
9095
9717
8314
12615
11968
5757
9078
9219
5851
9481
3643
9327
11808
4771
3034
10035
9825
9824
3909
10963
8418
9237
9668
10135
8904
8971
11072
6349
8936
5130
11490
8980
9055
5132
7846
12275
9453
5134
8325
9803
9802
9409
9589
7111
6188
9161
11296
11864
3177
8867
10948
5141
2825
8391
7566
9839
35
9554
1225
10607
9783
11805
6904
6863
9897
11786
3043
8239
10900
8786
2088
7615
8014
9019
10075
7730
1585
7839
1919
9765
9764
9012
5469
4089
9746
12661
2765
5159
8342
12680
6308
8181
11394
5572
8530
6454
4442
8998
9747
9890
1272
8352
6200
10031
5799
5168
6829
10104
8808
5170
4069
8653
8985
8855
10010
9731
6868
9894
10273
11811
7843
6585
9264
8643
3383
12402
9209
10100
6987
6907
3568
9716
9715
4811
7404
11566
5205
12937
11430
7778
10770
5789
9999
7781
9322
7397
7810
10079
6126
12201
6921
9647
9379
10117
3780
11532
2558
10384
12972
12771
12138
5196
10379
12427
8075
7409
2323
10374
3466
8915
9026
9944
10369
5202
6937
6931
5622
10364
12066
11195
7736
8508
6106
10255
9469
8922
9843
8654
5041
9938
5924
9660
9398
8995
5518
7583
1357
10331
9366
10183
7063
12210
7824
5840
12736
5218
12706
8699
7233
5220
2984
9309
9804
6866
2562
12305
5804
10119
2811
8893
1405
11345
3484
7841
708
8571
8766
11404
3986
5451
9624
12786
10009
6997
9303
8395
9917
8993
9027
10163
6981
10906
10449
9602
12892
10229
7862
9679
7358
10480
10479
11447
12864
11085
10475
10474
10473
12053
10471
10470
10469
10468
10467
10466
10465
10464
11802
10462
10461
10460
10459
10458
10457
10131
5476
12745
10136
12274
1940
10292
1992
8209
6134
9415
8838
7703
9044
11411
9571
5341
8833
8505
8419
5262
10493
10170
6305
9836
9549
12438
6748
8701
6320
9299
5565
9971
8126
5009
8188
9533
10347
5271
7029
4743
9009
6127
8392
8439
4706
5274
4878
9541
6025
8616
12600
6732
8174
12379
5075
6021
3520
9532
11670
9710
8268
5287
10297
7398
9609
4755
310
12725
4809
10857
8248
11608
5608
8992
8157
5780
10380
10394
10378
10377
10376
5293
12332
11434
8062
10745
3530
9505
8878
9413
5701
7902
3738
9169
8768
7067
1266
9759
10541
5996
8763
7636
10756
12029
6501
7363
9488
8330
11814
12395
4552
5405
6801
9793
2818
4348
3540
11545
7904
9561
10337
10336
10335
12928
4849
9471
3037
9881
10644
12087
7666
12576
3069
10069
9463
5320
7706
7095
8507
5322
10640
5323
9222
10637
414
8726
10634
9131
3554
12232
3657
10365
10628
12799
10304
10625
8717
12133
9530
8092
6390
6222
6374
9699
4070
11697
3283
8708
12220
9432
7614
9556
6877
8513
58
7501
7121
2423
6652
10256
8700
10278
10277
8695
2276
5671
11982
6819
9314
7791
5945
8165
4910
12851
10352
12306
11148
9031
6644
8682
9627
11923
1498
9474
8058
10027
10254
10253
10639
7692
8868
11642
8336
10652
1179
10403
8049
11022
6824
10861
10522
8045
1257
11921
8231
8048
12678
9381
10233
10232
8350
9203
8037
4495
2138
10249
9641
7573
1259
5295
8031
6613
6257
11565
8028
7167
8644
12370
10037
10213
203
8640
4610
12821
9908
4258
8930
10711
9354
8979
7856
12273
10501
8615
5828
10435
8628
6560
11116
10194
7110
10165
6484
10583
5674
5390
9730
12956
11238
4683
5719
10555
7811
10623
9809
9655
10178
11896
9819
5397
5871
8608
2380
10649
9106
9581
8604
8102
9644
12178
6988
10247
5501
10162
10161
11521
9756
6957
8754
5407
10443
9014
8724
11919
11422
5410
6669
10495
4329
12185
10146
5413
4640
12514
9297
11691
10518
6373
4924
10241
8577
9695
7225
9755
5866
10132
9849
12247
9639
5422
5863
7683
3996
10274
9545
12951
6549
8989
10594
8562
10118
9423
9273
11799
1375
10167
8108
10593
2414
5432
8189
12708
7245
12409
8714
10339
538
7408
8895
4499
9535
7251
9256
10539
5991
3675
2795
9125
8899
10091
7257
9526
12620
10504
3124
12467
5838
9333
7239
10214
5567
8529
10779
5449
6900
4230
5620
8177
3634
11037
6786
4797
3435
9889
7273
10067
6513
8832
10444
11231
1983
6510
9942
10359
10431
10286
9761
4225
10487
7627
9588
10531
6969
10529
3021
9109
7368
11048
10694
8339
10044
10691
5420
8751
9428
4785
2149
10271
4377
7885
7297
10303
8813
10032
9916
8213
1148
3058
10814
9635
3772
12881
11776
11629
10022
8525
6009
8748
10147
6845
7367
12531
9401
11609
10387
12307
10011
7315
10535
5487
9713
11917
3671
11839
9170
5490
8463
10001
8787
7323
9165
10413
8681
10429
6871
9617
9160
8125
9991
8453
9267
7331
10351
8964
7333
5500
1759
10215
9150
9981
10511
10943
8443
12874
10490
5931
7837
11298
8811
7343
10537
8875
7905
10816
7893
7463
9225
8267
8574
8430
9962
5513
5766
9284
4858
9652
2962
11817
8083
12807
1910
8322
10540
9121
1826
12272
10633
10746
10668
9467
5747
9943
8841
11929
1292
10358
7894
8745
6914
10409
4763
9656
6427
9479
9831
5530
10211
8401
8191
9330
9926
8398
2697
6641
6255
7229
4038
9491
4429
12961
10526
10695
6990
8138
12148
5540
4909
12587
5569
10476
10899
10898
10897
10896
11950
10894
1678
8341
12360
12458
1408
10023
9080
10974
8488
10807
5182
10123
11438
9461
5378
12766
10982
9998
3727
12553
8364
9884
7124
8952
10195
10998
3285
12348
8327
5560
9876
4255
7496
5562
10181
9736
9048
10759
2627
9868
8658
10598
10852
10851
12556
5568
7472
6534
9860
7427
5707
7351
10039
10325
1260
12165
9729
12056
8672
8871
12488
10484
10602
9151
8331
9845
4597
5579
8328
4002
7441
7731
10497
9955
623
7711
10700
12484
10817
11019
1155
5845
9830
9010
7722
10717
6358
12119
1345
5590
9823
11177
11024
10198
11174
10047
9446
11171
9816
5682
11168
11000
8955
11165
2507
10688
10790
10789
10788
5600
4666
12676
10619
7702
9521
10187
9052
8967
7473
5025
7184
11461
9795
6337
7842
10578
3886
8975
4879
10415
10792
8173
12550
10764
10763
12791
816
8983
9781
5031
6626
3910
8987
5636
3304
9629
8627
8991
9872
10438
6634
10235
10425
9768
5290
11961
10742
10741
1261
8131
10911
10922
6752
8503
8257
12308
10853
10133
3156
7507
7782
8703
8670
11003
2409
9325
9748
10722
10721
10995
1067
12333
5767
9742
9260
5952
5502
12946
9724
5640
7521
10787
10552
10988
8235
10267
10862
11149
10702
5645
2581
7642
11144
8471
8655
11010
4613
12659
7533
5781
152
7292
10734
7505
6286
10793
11179
11397
5669
9855
7541
5656
8164
10556
9551
8541
10765
10264
295
10433
10451
8728
7700
10669
11044
5663
2587
9569
10547
12507
10086
11733
1198
11226
8882
8198
9196
11087
9547
10057
10653
10719
12128
9247
9681
5673
6318
9574
994
10871
2566
7616
4539
8683
12710
9296
10638
10799
10016
9416
8601
11193
6546
12433
9664
11189
8857
8981
7488
6855
5402
9658
11199
10363
11796
8850
3792
11610
8167
10849
5166
12492
11544
4291
11876
10883
5930
10609
3796
9867
4738
10760
10149
9767
7068
10874
7061
10924
1753
8326
8252
10596
10595
6131
6221
8555
2604
5704
2047
9993
9625
11678
11342
8785
8378
11339
9620
12854
11336
6825
2636
12595
2649
5712
11330
8570
6233
11869
10422
10570
2924
5716
12480
7714
8127
11304
9892
10559
6986
10925
5028
12983
10558
5722
1138
10478
12648
9159
5204
11107
10571
11105
7109
11483
7647
10546
3907
10287
8110
9344
9583
7269
7528
5732
26
11101
10196
11099
2516
9311
10842
3543
10097
12547
7983
8098
941
12632
9932
10524
5538
12907
11754
5371
11157
10769
1804
6893
5256
12818
9558
10513
8086
7663
408
11913
9553
6745
7470
10868
1883
10065
4040
10502
7558
9863
6092
11051
6998
10367
5350
10402
9211
3963
10492
11413
6556
11039
7338
7207
8958
7497
11154
10847
6166
10482
8498
9223
886
5691
11247
10949
12246
8651
10706
5768
10489
10419
8725
10148
9893
10919
9844
10399
3251
9057
7527
10499
9510
3645
10820
11500
8044
11007
6150
9091
3852
12309
10548
9501
146
6607
10703
9874
8747
10603
7901
12989
11367
12727
8246
9737
9259
4614
9306
10750
9487
7925
10434
6742
7721
12171
7450
9654
3570
12231
9200
9478
11244
10970
6751
5714
9770
10969
4851
10778
6983
6811
12562
8051
11356
8497
6567
8969
6723
7401
11820
8473
10309
5805
10506
5806
2524
11252
9456
11933
3872
12888
3210
7747
10206
10527
10624
4882
226
11685
9046
9726
7753
8723
9443
9694
11746
12915
10343
12270
10382
8729
9977
9885
10671
12388
11852
11117
5460
11619
9430
9319
1936
8140
8849
7383
11543
9352
10366
9245
4727
6439
5677
11605
9279
11511
11510
11509
11508
11507
11506
11505
11504
10212
10375
7962
10350
11536
7935
4892
6213
9405
981
11386
4588
10342
7114
10658
11283
10979
3681
10134
10391
9807
6280
7795
3430
9502
8464
9935
7945
5849
10327
6896
8609
10083
7022
11060
9670
8780
7052
8973
6691
5855
11100
7249
9158
10806
6066
10312
8770
12579
11455
11454
11453
11452
2344
10659
7926
12966
10618
11049
3527
5427
7693
9995
12674
8801
4585
8652
7825
6514
11143
11513
257
8947
9134
10590
7517
9077
7958
4339
10323
7231
9130
8483
9484
12903
11012
8245
11418
11417
11416
11415
10455
12738
11164
9774
1680
5883
6477
9869
11217
10805
11467
10263
10616
12867
3652
9814
7891
12639
11066
11308
4762
6392
12754
6624
10088
10945
9318
11249
11387
11681
11385
7881
9772
10783
7695
5898
11722
12219
6826
11591
10463
11067
10589
9450
12932
10823
10338
11970
7873
9155
12200
10515
8624
10549
7877
11133
11360
11359
11361
9292
5337
9606
2993
11690
10217
8870
4980
10984
5042
7770
7855
12977
9098
11297
3351
9864
7851
10169
3946
10204
11337
11420
11335
6375
4609
5923
11185
11533
5366
8888
11236
5926
8690
10192
2226
9555
11791
11911
4030
11977
12496
11011
12544
11315
11314
10878
3208
9905
9232
9065
9191
10349
3724
5769
10383
12310
8602
11759
616
10705
7921
10168
5351
6032
11295
11294
10052
11419
10809
7816
5096
8466
7040
7191
10177
10156
9369
8924
6836
10687
1380
11615
10150
12712
11276
5953
5197
9527
4364
5974
11076
9459
4307
8107
11215
10483
3172
11079
8280
12625
1582
6183
11259
11258
3500
11885
11173
10777
7010
9124
5309
5808
9204
8951
9728
10122
5782
11414
6911
12098
11242
9411
10116
7963
2615
12476
10835
9559
10895
5975
1508
11675
7969
11598
5268
10105
11227
12269
9184
10142
6670
11654
1754
8877
11651
11263
8824
9854
8897
9847
8501
9174
12334
11211
10324
10723
11492
8984
4356
7987
10248
11127
10430
11063
6300
4913
4742
11198
11197
5995
12380
10605
11714
10073
7997
7991
1349
8999
7745
10068
7530
6001
11184
11183
4375
11703
3991
11837
8147
11835
11520
11833
10412
11831
7563
8743
1532
11170
4006
6581
2771
10520
10424
6012
11931
10575
11108
9111
5100
8835
10889
11486
4813
10964
9126
11972
10754
12565
9123
10034
7718
12371
11849
9252
11145
11887
3771
8434
11959
9038
11287
10472
4449
9041
11564
5537
5517
12919
11132
6030
5892
10143
10794
10730
8928
12941
4022
11374
4226
8047
11121
11120
7322
10533
9075
10735
9775
10003
5415
9525
10362
5877
7544
11109
8057
7976
12422
11153
582
10519
11953
12528
9675
6415
6045
11098
11243
6519
7681
11747
2306
12747
5306
9074
11329
9356
9979
11879
8807
9840
4956
9068
4336
9143
8077
10955
1147
10685
7568
11912
6734
10611
9663
11351
7117
10990
6806
9056
8826
6065
11780
11065
10301
6067
9956
10401
6553
11574
4203
6070
4326
10661
11055
6072
9326
9947
4748
10929
6324
12416
4050
10909
9599
12403
1816
7645
10421
12026
7720
11689
2122
6081
9030
12007
11035
10646
10491
9929
8113
3313
10174
10268
5363
6087
11026
6088
8828
11570
9920
6090
8121
9137
5833
6862
6948
11016
6714
6094
2388
11175
5821
12761
10839
9007
9907
11555
9393
12079
12102
8810
6404
3783
12074
9298
4068
11645
3192
12069
3972
12995
11873
12016
11516
8143
2728
10989
8145
11091
7332
10030
7140
11077
9924
12361
2164
10980
5812
8982
9512
6091
10631
10775
9787
6429
10580
10971
9873
9791
8226
12245
8161
11279
11214
8583
9189
10962
5941
11661
6489
10209
5085
10185
9542
10447
10954
8558
7582
12899
4086
8569
2364
12065
8250
10946
11984
6133
0
12059
4269
12857
5520
10087
10801
10937
7421
11878
4818
12111
4648
12166
3957
7597
12149
11571
7990
10655
6499
9832
10121
8055
9385
10921
9828
9105
8933
5619
9421
11789
7547
6061
12396
7805
10674
11426
11512
9047
6927
10453
5938
4581
2002
6156
12164
6157
10508
11541
2464
12109
6842
7845
483
10321
10294
12672
8804
11223
10890
7949
7670
9370
4961
7515
11212
10311
11790
11655
11204
9871
7051
12657
8158
9789
9875
10875
9201
11948
11129
11844
11384
7263
2529
11501
1973
12815
9610
7240
5442
12050
6656
12796
11729
6181
11634
10070
5690
11594
8881
8294
11925
10561
4650
6186
6874
12341
5586
11485
10846
11155
338
12199
12198
12197
12804
12195
12194
12193
12192
9734
5736
12541
9808
6179
10832
6111
10913
8475
8265
11469
9744
10565
10825
11045
7442
6717
7200
12125
6730
10689
8851
11715
8112
8275
11841
10029
9113
10812
2104
6209
1189
8990
8634
10959
10933
11771
6705
7980
4142
11437
6480
11395
5143
11191
12147
12146
12145
12144
12143
7774
11222
8445
11338
9255
10554
10667
11969
7325
10785
9378
2168
12168
4567
9519
11937
12319
3799
6243
9900
6229
1944
6659
3154
12311
11633
10418
7293
4475
6402
6234
10766
9689
12110
12455
12108
12107
12106
11393
4586
11439
10236
12608
12446
7972
10818
6242
3698
9365
8334
10994
5091
12437
11531
7737
12256
10966
10186
11156
3377
12299
4166
9205
7434
9140
12381
12078
12077
12271
5360
6254
8721
10947
11093
10729
12714
12217
8776
10810
8345
10015
11861
8312
11850
6261
11522
6262
9646
12005
9083
12364
2314
9903
12052
12051
12359
6267
9778
7303
258
11399
8072
9293
8022
11423
5740
11865
8755
5737
11138
6872
11318
12028
9626
8532
10934
9373
10850
12551
12027
12159
12548
11990
10416
12545
6285
12153
12778
7889
7395
12539
11603
11224
12536
5697
10677
12533
10223
6288
12530
12209
12006
12527
8730
12375
12524
11686
9600
12521
2341
7214
9597
6295
11307
6296
10660
11333
10568
7447
878
6299
9422
11986
11985
12613
2037
12032
8182
11819
6240
7565
4058
10509
7272
6301
10932
8432
6346
9813
88
12355
2093
11967
11966
9902
7574
11057
11042
11353
12190
12729
12137
6315
9183
6316
12172
8423
9562
8692
7354
9182
11949
12347
9414
9482
12574
10617
3294
9485
5836
12569
11021
10612
7613
11285
12564
11073
2497
12011
11932
12559
4146
8876
8441
8387
2269
8431
10993
5581
4222
11764
2217
11807
8912
6336
11894
11916
11915
6338
3216
6339
9632
6340
10586
8455
12035
6342
2675
6343
10581
6344
6411
11901
11900
12616
10576
12557
6917
10017
8920
10159
11723
7742
1057
6351
12605
6352
10566
11886
11927
11848
11456
6355
11277
10757
7667
12923
8638
6934
3633
11343
1948
4378
11872
11871
3539
9951
6265
8941
7302
8840
8340
9818
11448
6366
9621
10542
9648
11858
11857
12971
11381
12187
7294
11825
10774
5253
9904
11745
11589
12362
9142
11845
12534
9973
9859
11255
7286
7964
10523
10207
5468
10920
3420
12773
12394
11832
12015
6383
8926
5949
12440
9557
11553
7282
6372
12611
6873
12609
12542
12607
4110
12704
8521
10289
8592
8523
9591
11131
10961
11115
8588
8420
12671
8586
5644
6397
6112
6357
9441
10305
12188
6400
9438
10486
12196
11795
6686
11206
6738
8966
9548
6405
4270
4366
12089
6309
12452
11784
11783
11089
2108
11309
5335
10991
10259
12121
5541
6119
4694
11773
11772
9187
10577
12281
11324
6417
11669
11920
6592
8963
4826
11762
11761
12323
5137
9442
5444
11679
4240
8994
7601
10709
10446
11751
11750
12327
827
12076
6618
11459
7144
7198
9394
10155
10477
11740
4288
9567
11321
12814
843
11262
1433
12515
7339
12513
11730
12783
7724
12039
8528
5478
11891
8526
12449
9853
11934
11720
11719
11600
8593
6445
8238
8595
12014
9919
12221
6448
11710
11947
7998
6450
5036
12083
11889
6452
9362
9665
9242
11700
1726
8447
7924
6456
12873
10651
6064
11225
1737
12349
12743
7461
1977
11362
12634
11801
8012
11311
5314
3174
12737
12666
5386
9888
3594
12473
1852
12453
11576
7654
11672
11205
5910
6393
4314
10371
11769
12401
4904
6474
11663
11662
4200
12064
2689
11375
8087
12368
6660
12935
11963
11653
11186
10275
5482
10355
6552
9725
8645
7453
12207
12877
167
7419
5549
12735
11874
3025
9194
7304
11636
6490
8461
12911
8074
12407
3130
6493
1256
9684
11627
12223
10081
12701
10395
12463
11728
11251
11760
11647
