11000
10517
0
10545
8834
7950
108
10328
928
9814
7418
2953
8
1163
2044
7192
6458
6085
4080
2249
15
18
9216
5205
6484
9743
7332
6273
728
219
1540
7430
552
9142
10552
10060
306
10
21
69
1418
1023
9670
31
3928
6832
62
6
7686
10869
44
9553
212
9958
144
7550
198
48
770
6844
58
9763
5686
32
10712
6780
1150
6138
2362
8209
488
105
2016
10575
9798
7128
50
10963
418
8309
64
7293
7218
7800
7792
8870
49
83
7508
75
74
9653
910
56
46
9393
87
8307
606
10753
1520
28
832
2657
9534
94
39
7698
1212
9869
366
525
86
106
77
8937
111
65
170
7224
117
30
92
7213
794
1515
2296
22
340
42
103
41
98
443
2314
125
458
9708
68
4289
134
8730
95
997
4374
9521
37
132
9002
61
124
9358
2692
6697
121
745
10278
2723
580
309
452
9943
140
5612
334
363
82
10501
5266
10319
1072
7341
692
4611
3384
9696
143
423
3650
6366
6360
10355
142
241
2234
73
133
16
179
187
7346
597
171
52
6744
1521
536
67
348
2609
191
8311
33
4417
9994
90
177
10285
4690
5629
188
13
10792
1443
2414
5317
2286
10580
2416
6024
2390
7377
9280
163
544
149
10442
119
8602
115
688
1173
4426
10431
154
10912
966
114
7666
3969
214
1991
6378
3141
8324
216
4258
227
200
10779
992
3253
234
10458
199
8556
8696
55
239
183
8946
47
962
6817
9180
6815
223
5293
247
10269
8682
5345
196
266
1694
208
206
10883
1492
9025
2636
591
269
10657
158
244
194
270
1108
10390
260
10821
265
5731
6384
6293
186
8767
9848
7401
3060
148
7038
233
6862
254
390
26
279
218
9
193
3660
5735
294
7452
85
7606
346
1049
299
130
195
1713
414
315
202
4057
222
3679
3088
8262
248
10627
584
6660
3762
141
324
609
10422
63
339
5525
8554
8988
7922
1273
868
7659
5590
4777
7262
7443
313
274
146
3531
5572
310
341
10331
438
5461
181
5091
350
54
323
10774
184
2905
267
10371
4470
8233
238
8071
328
89
359
180
5942
175
9760
7936
8410
316
5240
7419
329
4793
406
101
271
361
7986
8243
592
284
1262
775
1188
9085
8596
1867
347
6613
379
9443
6432
150
376
297
6618
9053
301
10380
412
7033
404
9896
210
817
211
9723
283
10190
70
10803
399
427
365
8836
684
2101
302
282
10198
337
5520
8503
8108
921
3454
587
327
9496
4986
9654
3942
400
225
410
2984
286
407
251
204
1189
9772
72
8908
8313
405
1863
776
1261
431
10570
1306
5713
2990
9783
2422
10220
6448
9541
638
8473
429
110
240
897
614
6532
296
157
467
9279
5726
173
3862
8723
1224
8697
403
3351
1842
2009
4060
493
2408
961
1894
478
982
168
494
100
455
8681
255
10878
1214
6420
479
120
345
7533
415
10927
434
1601
430
349
262
475
5692
10919
3916
97
510
763
243
523
3058
160
8892
489
822
8573
495
380
1274
6316
4872
10120
8292
1419
507
10888
528
9093
894
504
362
490
549
10742
538
450
5176
96
539
8552
2746
563
3860
9864
509
5753
543
1171
5414
10006
573
2663
6208
9681
162
8605
387
6526
531
8847
381
7918
237
464
471
220
1028
4711
485
9893
435
1851
298
3009
515
9327
7456
1345
519
2667
590
6928
7320
463
4280
8277
3820
10115
2916
633
812
147
411
432
6460
1075
358
9625
4308
174
10762
461
4240
492
566
10316
246
8137
6698
10305
319
3155
513
10213
5768
599
370
317
7624
639
4700
192
7372
10784
10962
1701
2558
795
326
10401
6856
5803
6812
612
634
8043
4026
3021
5934
6151
527
2177
500
6649
6010
426
8046
1127
2644
3201
649
167
3832
517
645
453
659
14
679
10061
615
5716
2108
9019
5242
574
2812
10153
10936
548
608
10947
6760
8809
2210
963
623
10710
2308
8157
1796
2013
627
9317
487
2001
7400
437
4266
428
9186
477
621
626
1080
8467
1792
9930
7448
7636
3286
2741
545
6679
1106
1417
2680
7875
3304
664
8220
622
1422
10457
729
667
529
3633
10834
3647
372
66
4742
2019
6580
3281
732
578
6112
2917
828
9557
1578
625
5846
164
9300
10841
2868
759
8698
6297
3186
10899
685
3525
1688
717
444
761
392
398
1058
8989
8562
474
713
722
9278
8151
2128
4
5928
10414
723
4893
660
731
1824
9036
409
8376
648
9434
687
3511
5186
123
10344
8885
402
620
2426
8959
755
611
7420
559
10104
689
7020
343
419
252
189
9261
6556
469
4972
774
797
221
3462
9251
746
3333
4498
9655
10518
3137
99
5683
6128
8664
5236
9671
835
790
9174
789
809
393
1548
7719
6476
9477
567
325
670
764
654
305
714
497
799
737
855
126
6394
8315
8496
2481
526
335
4672
6737
3268
2367
9934
624
3966
24
2070
6229
783
232
829
6821
831
784
4752
5961
6282
10083
5470
593
9812
6811
7024
276
711
439
344
1729
1840
10585
8580
602
10602
2655
5050
6670
680
2419
10248
1981
446
7463
60
864
7960
778
8550
10824
1200
7555
460
557
518
2675
226
9390
579
5959
899
7688
8488
8593
9144
10905
792
10160
605
758
845
558
2650
695
4384
7812
8450
727
4396
8539
3592
9501
5762
5103
236
675
5326
1227
550
821
859
7491
314
320
9926
7780
2160
10598
5962
6799
229
476
629
7865
486
1561
935
7111
1810
569
9342
900
3972
5817
10252
535
8838
944
740
8859
960
10673
166
10678
673
2577
663
1715
498
924
871
9003
987
5465
293
669
502
632
983
10769
3
10246
7286
819
2376
9012
873
9243
512
9624
968
165
10690
989
1964
785
4860
1673
3220
295
8062
769
959
10351
1029
977
10538
6427
767
185
2806
6115
4438
762
4314
780
242
697
861
10407
524
1193
5958
974
5354
2745
791
2135
1516
719
5126
738
971
5510
3864
10441
1013
1881
1016
10091
1047
10125
7438
6165
547
1031
287
10617
7896
7354
863
1295
965
9301
3434
6742
893
941
5082
8679
999
6361
909
131
2574
2637
10856
9103
975
3689
1022
647
782
10800
1081
546
3628
9277
3692
263
934
8141
988
683
2534
332
1099
8945
1176
6849
895
6387
1109
3125
1056
8460
562
865
2380
10559
43
9225
6770
6652
7750
6218
851
322
4136
10138
5862
5987
771
6088
7124
807
572
827
1007
765
823
7501
5622
10503
1055
1014
1478
668
752
10254
927
950
881
9993
1164
581
847
1079
6822
9915
1052
600
1978
5235
2714
724
677
4655
182
1085
10142
708
1046
1445
9976
10606
1098
3877
923
371
594
1175
7572
7807
289
532
969
818
598
751
2800
9803
939
2361
10244
5667
1138
118
1039
991
674
10098
1618
71
657
9850
6776
9207
811
8564
815
1121
235
128
5286
10271
930
7026
8608
8259
5476
9905
1398
556
1129
1221
1130
9963
1126
2089
3116
10860
1025
10961
10074
10005
5600
10456
1208
9509
2188
1086
1107
6627
6160
9220
1179
5823
1220
10873
1133
1195
630
420
10744
10755
2038
888
742
10110
6980
1146
7336
308
6678
8958
2018
8017
205
10852
1119
5127
9608
3717
5584
1027
642
425
1172
596
1199
8636
3858
8347
1190
860
4692
10313
1253
1169
1026
1234
1248
1134
651
9583
1952
422
1249
6629
1069
1241
1820
6411
1043
10430
1498
2227
753
6949
682
10375
1153
3481
7208
1298
1155
3233
5406
9189
9158
1165
887
932
10660
10893
834
1145
908
7004
840
1178
4838
8737
5244
892
672
1036
109
1044
1324
720
1201
1202
588
9441
1123
788
1210
10062
1682
8211
907
4937
4408
1843
943
980
4680
8399
947
5077
1231
750
10594
1264
9088
917
10292
281
1267
5387
816
1064
3922
830
1187
5381
1131
741
926
1405
1217
9110
10624
2433
1161
7762
734
1077
2776
1235
2480
8548
8700
10565
112
8317
1143
291
1315
867
1407
4627
5442
8326
9732
9938
397
472
7988
2011
1822
1961
1083
9211
10708
136
9952
10297
3166
1377
9302
102
3844
1354
1076
8173
1166
9736
1437
9623
1412
1180
10176
10227
700
6581
330
10546
1035
514
3808
76
726
1066
6968
9831
9276
9460
739
508
8006
1297
1403
10643
1095
9537
3976
9969
1244
2021
3336
650
10134
1362
1343
421
1662
3909
1339
2463
1001
277
1764
603
9458
1351
4282
10242
1191
1277
1421
258
1469
1260
4372
351
1018
5838
1477
10640
8532
7540
9714
9318
1157
1451
6840
5739
9236
985
1385
9791
7056
1436
757
5875
938
10668
1300
9171
7016
6481
6934
10683
1042
6256
2030
10173
5700
10193
1148
9163
7646
1105
1990
9127
1387
1301
9462
1060
1284
8093
964
1094
6262
3985
3012
635
1523
1198
773
8715
903
10697
1439
870
1393
209
1364
1156
953
321
8516
2715
1553
1162
1293
10789
1415
7060
2190
9427
1654
3801
787
1538
1912
378
9690
705
1358
721
2964
9947
3498
1057
5546
6037
1430
10946
1250
7731
10034
1154
1203
10146
798
5505
5396
554
800
1211
3390
1382
869
4197
803
9887
3370
1142
10032
6955
2484
1529
1423
8116
383
8100
1768
10646
1510
7077
1391
1579
113
156
853
1340
5098
1394
1680
10553
1595
1693
948
8500
1367
1054
901
7311
820
1425
2604
1619
1174
9697
5372
9859
1549
1292
6792
1010
8510
786
1586
10031
3988
1378
1832
155
1384
9682
1572
1927
9672
553
825
1427
7398
1112
10036
8527
6406
1479
9328
1547
2696
10504
1574
10337
1449
854
841
986
2206
8353
1265
10519
7736
1512
1644
9835
1499
4273
3668
2151
4290
8228
4606
2595
8052
7186
1135
8575
601
2725
1280
7129
1614
7388
9372
7212
10864
6762
658
9230
666
2449
1599
1051
1475
8816
2434
905
10030
3553
1631
10637
540
1583
1237
10827
1622
1355
4030
8991
1660
1627
2698
3323
5742
8248
1093
6445
1648
10037
1310
1271
1609
433
1313
215
8764
1885
8590
8290
6700
9796
6312
2071
7536
256
2248
1059
3658
1518
2498
8899
1569
8957
945
1196
1533
1348
1773
10455
1015
5409
6608
9571
890
1139
891
10258
8408
93
1638
4619
10848
4441
6242
360
7794
8677
1379
703
7112
1375
6868
9728
1205
7825
8654
1082
1633
833
1471
10935
10610
9376
1685
1294
7854
5688
5056
10926
1312
10029
1559
9123
781
8641
10170
396
3792
1700
1743
7444
1707
1581
1602
10911
1702
1100
1727
9530
885
996
2102
824
5212
331
1091
7657
10038
9153
1511
9479
1674
2373
925
9825
1778
2573
10960
2055
1151
7629
1704
53
1665
806
9454
636
10240
889
933
1560
9740
7948
1646
8903
2784
9810
1649
1089
2418
749
1785
9957
604
1757
9004
5946
1589
9561
1873
9622
3328
931
1011
1772
6824
2913
1567
10287
1240
1687
4448
2323
1584
1363
10182
2647
952
79
929
6659
9250
1763
1433
1720
4554
8113
1722
877
2780
9709
1719
4487
4486
640
7544
1770
10440
1158
6240
1672
5188
5878
1903
8163
696
1484
10028
10206
1709
10004
1494
1587
2678
7677
1892
9908
1357
9336
1460
6729
1754
9146
139
652
1414
1103
643
2603
1913
1657
1714
9837
671
10797
858
511
356
1811
3160
10649
1943
3793
7700
1530
1889
1809
4956
1838
7690
585
1921
9133
990
1730
1045
8371
10918
8156
1490
7989
1789
1383
4108
6095
5614
1766
1496
542
1985
7181
1779
1184
1000
203
8944
9387
1750
1744
8468
1861
1004
8122
710
1402
2084
10530
1967
1696
5338
7749
8546
169
896
1931
1977
1949
9466
998
1910
245
1971
17
1620
1101
9354
1886
4182
5707
1438
843
4756
1457
1020
4485
1386
408
1979
1960
4420
735
10302
1882
1747
10746
1974
3421
264
10063
2027
6134
1647
8212
6362
1681
1919
4007
1032
6598
1738
743
1629
533
1024
9871
1410
2035
1535
10027
1038
1847
7640
6633
1330
5780
2104
1006
3948
1071
1751
10084
1120
1440
5980
793
3514
876
1571
1466
4112
914
1799
10201
1050
5233
4514
1041
2066
3617
4452
702
395
6957
1759
6611
2033
1973
10040
4083
3072
9074
1989
9607
1068
9061
4222
10590
1062
1442
2043
377
2007
1782
1434
836
913
3493
1067
9121
1090
6985
1723
9658
8380
10157
1875
2695
9992
10362
2590
10634
2063
290
9548
8895
1794
7381
1959
1944
2074
1846
3352
8537
1246
2221
2022
7338
2112
10310
1615
10764
8702
2003
577
8145
10576
8461
2056
10837
1088
480
1874
1453
2137
1923
1819
10130
1092
2123
6740
6193
2050
481
1503
2171
303
2100
8676
1876
2162
501
9192
384
1555
5996
1880
4587
4796
2341
3540
5879
1325
736
1263
6267
9304
9452
1741
2179
4762
2106
1078
34
2398
7608
7194
1999
5530
10505
725
10075
1114
2082
9852
10706
1116
7893
10260
1335
1491
307
1791
1576
10026
336
9400
10347
1122
10413
2756
1736
1124
278
1125
1997
1731
1803
2207
768
2638
911
2129
8992
1507
2138
6246
1084
1132
2114
2266
6749
2264
756
1703
10273
1136
1776
1137
2012
2237
10389
2039
1147
1955
2192
9866
3243
10366
10041
2175
1550
1485
7197
1718
506
1742
9417
2015
8956
1914
8429
1652
2182
1737
3381
644
1632
1152
7888
7570
571
253
3677
6238
1541
1185
462
3070
2145
280
2213
3778
1642
1934
9242
1399
2285
6372
1610
1551
10539
2368
2316
1748
5805
2159
10238
2127
6315
2217
8922
2303
7371
1830
9597
4474
7423
2311
801
1760
2330
9380
1594
9942
10211
1784
2173
6086
5826
1628
993
3250
9135
1933
9621
1969
9493
2315
1771
10358
1780
1895
898
5146
2113
3682
1424
2078
9071
4272
3609
5792
468
2351
1269
8266
2164
8622
2344
3132
311
10150
6726
8272
8391
1104
9080
1726
6195
2353
9544
2149
10400
8452
3073
7844
8427
1603
2057
4228
9439
1204
1862
2277
1243
10776
804
2079
122
8928
10429
1209
2410
6416
4593
1817
7247
5662
10581
4118
1040
2363
10025
1590
5767
5506
6958
1623
1849
2262
1946
2299
5791
2034
1884
4974
8256
1222
7246
1835
10185
1527
2407
1225
2133
949
1472
9168
2365
6182
374
10882
10571
4656
1474
9108
8907
7170
541
9498
1645
4998
5521
2059
9343
5794
2324
7652
20
6036
8060
2459
7030
10042
4945
2051
1532
1242
2231
1865
10959
2204
5933
3990
8568
1800
8433
5130
808
2228
1663
6528
9397
2287
10781
2958
10945
7726
8662
2165
10652
2259
2448
2395
10225
1950
10868
1935
9673
1258
7249
2099
1996
2230
2174
9050
2394
6676
8582
4446
6189
1924
3457
1898
1988
8814
5916
1901
8407
2267
2452
2474
2803
5918
8110
5484
2199
1272
1962
2870
1344
2005
7925
1275
2053
80
2189
1987
7901
1168
852
5450
661
2134
3845
1281
2393
10520
5626
1925
9119
8878
1448
5198
2200
5790
9101
10116
10663
1288
5869
2399
2377
1290
2295
2279
2268
1697
10688
2381
1725
2046
5005
4608
2261
9724
2244
7990
6237
2384
2047
2544
8703
2469
2661
5118
6046
884
1525
6602
1801
1304
7172
2486
9091
1605
1486
4386
9821
1308
3649
3482
440
9918
6426
2582
2274
7808
681
2116
10898
2103
2797
2302
10887
849
9801
2132
878
4490
8136
2111
8375
2253
6472
10024
4483
2766
10621
1859
2959
2597
1686
2209
6336
1326
2549
9032
10003
5400
2669
1899
2300
10406
9037
3856
1896
1186
7113
5352
9349
1788
1787
1669
6210
10904
2619
1337
2654
2592
9273
2478
701
2488
1536
1473
1724
8856
5953
2143
1149
2554
1793
4598
145
1795
2155
3612
7387
2828
2062
5232
10043
3400
8125
940
1441
2580
1233
6328
9744
1625
135
2509
8007
1356
586
902
6133
9576
565
1699
9751
7278
7917
1361
2615
8328
8725
4040
7759
8080
9046
1887
10830
2325
1998
2507
2575
1368
5329
8872
7363
1370
2109
2694
5848
1372
436
4360
375
2728
1689
2579
1065
3586
8000
2703
1637
1677
2167
4180
10631
2759
8493
2757
3795
107
2547
2075
10099
1661
1359
5526
9683
2335
2726
2263
369
7200
10614
2218
958
1497
1360
2095
10370
2304
2257
2634
9054
5818
1994
416
2790
2789
5581
3822
10877
3918
3069
2519
1074
2334
1519
7396
2441
2439
754
2378
10439
2198
1664
656
3811
2687
8993
2727
367
8222
8424
2537
8732
2073
1073
4694
10695
2197
637
6826
1845
4172
3237
2660
2501
9364
4041
1534
826
2364
3569
6648
1336
1420
312
2685
10771
7216
7560
6806
5539
1834
7102
1526
8955
442
5650
6850
9137
1428
1905
2599
7947
2649
9620
2119
2482
1432
4465
1911
3899
1005
2508
6248
8587
1915
2749
2333
1917
6492
1856
2559
10560
8800
2793
3714
2054
2831
1255
3642
2246
8738
2064
2298
5945
4284
2587
10236
9691
2891
9068
4800
1735
1450
10453
1643
2489
1452
2583
4328
2140
1604
9781
1455
1444
7940
4257
2340
10547
1458
6114
4678
8943
2490
4073
10420
2861
10748
2751
2807
9083
9556
2081
9488
2094
2444
1624
2201
5991
1270
5469
1113
2594
1470
8653
10934
2792
984
2525
2683
10354
2676
2496
2623
1396
1476
9481
2724
2002
9808
2215
1316
2834
1480
2613
2440
8861
3850
1947
2225
1111
5278
5453
8140
7120
9704
5881
2417
2436
466
2348
7718
6921
2555
84
1546
5247
10282
5281
6126
7859
2521
1976
2823
706
1995
7242
2705
2978
8162
8436
2955
8577
2922
8013
9394
7252
1836
5417
2931
10794
1504
1327
7012
9235
2903
2612
2091
2429
1508
9249
2415
2336
1621
5733
2591
8891
2491
3165
4892
766
3228
9968
1827
2168
5608
7345
5860
3013
1717
2025
2849
5770
8338
8601
10164
2232
353
2397
2031
6719
2805
127
2656
2058
2387
2601
5788
2884
6430
401
2906
257
1972
3153
10676
2282
2929
6846
2885
2882
9540
2406
2879
1502
3360
2598
2775
6187
915
1207
2743
8781
2553
628
9148
7697
1542
3041
2983
285
4042
561
2318
6363
8674
2372
2987
1392
6702
6553
3068
715
3050
2032
2529
3975
8288
2664
9306
709
2894
8193
10786
10111
2897
9861
839
9117
1558
2470
3071
2977
534
2930
10704
874
4482
6482
2855
1517
8102
2758
2456
10925
1102
2716
5460
7735
1568
7086
2359
6651
10958
9660
2783
10991
2991
2097
3760
9819
2799
5936
1575
10992
10814
5797
1577
10990
2172
7164
2369
1721
2795
2191
8194
8646
2810
8065
8190
3025
2761
3163
2927
2963
2115
3099
4188
8851
2852
7309
2808
10993
1030
352
2863
3895
2915
691
2310
10989
2518
1752
4792
4271
1596
618
6782
2918
4888
1956
2926
6745
1600
1219
10188
3168
1831
6772
7600
9219
3179
10045
2511
4243
4364
1238
2813
1259
5952
2996
10586
704
3177
2343
8784
3199
2523
2060
1710
10994
3802
2871
2431
6960
1616
8437
1617
1908
10076
8869
3154
10988
1992
2255
152
7291
3127
7241
2435
7059
2352
6942
6970
8195
10554
2944
3037
1774
5028
9764
3096
3139
2337
1218
9520
8422
3123
2342
3191
6249
2999
445
10126
10671
5554
2674
7956
8717
3035
5806
3161
1287
1640
9933
1641
1544
3680
3252
10566
3134
2960
2193
2949
2278
10324
6056
3089
10995
3756
8604
6882
2904
3616
2935
3221
9258
2203
6786
3189
8044
2909
6993
3242
10987
1656
8805
10892
1279
3107
7934
2859
10725
10808
6568
1160
2659
3104
1252
8570
9384
2219
8757
3135
919
1666
2000
1305
451
2804
3489
2671
1570
2600
1767
3248
3140
2150
1655
1459
10817
7188
2260
8916
6567
2235
3109
2706
2843
3285
2681
856
9182
3143
7708
2899
9843
1431
3184
1668
6399
57
1374
3170
6827
3219
2699
2401
10327
8196
1965
8640
3196
1087
1461
5922
10996
8188
2786
1691
10729
3011
7130
3183
3188
9674
6805
3027
473
1698
10002
2719
9951
7032
7478
8614
10986
1833
354
2271
973
9042
2273
1705
10723
10264
10321
2085
3356
5190
7822
3229
3354
1639
2281
2567
1369
2854
10021
2853
1331
3770
6570
3002
8047
5634
1144
3255
7395
2291
10944
3224
9715
2653
2542
2951
2924
2873
3885
8630
1251
7380
10910
2588
1183
5668
6880
6162
4967
772
2686
6318
424
3167
10917
7134
10521
5090
3350
5388
9596
1734
2898
3530
912
3275
4517
6292
2317
2067
1115
7266
530
1740
2154
2503
6081
3300
1416
3031
1566
2967
3825
2186
10997
9514
3484
1813
1812
2543
10452
3417
8107
10046
7221
8884
9761
3190
1282
2280
9523
3444
9881
1755
1170
1756
1181
2238
10985
7818
8397
2639
8041
2347
3106
3377
10065
9058
3981
676
3113
2887
5833
1765
176
2985
3499
6442
6658
9206
8421
3260
2161
2874
2126
9794
10428
3239
718
3067
10731
3389
3209
3455
1690
1893
3194
4200
2502
3296
10154
3640
5311
3496
3053
3122
10628
4428
9925
3121
10599
2504
9437
3054
5155
3884
3319
3361
4847
3718
2860
3391
6565
3257
2477
7114
482
1775
9570
7356
10721
3230
8673
7568
10603
1266
9176
2665
9307
1897
1464
3149
8027
6886
2301
3232
2288
3151
2358
2254
6019
2195
5512
3267
1429
1806
3459
2943
2585
1808
3596
3379
10998
2014
3585
866
2289
4938
1500
2720
631
7440
9185
3615
9271
1816
7141
6486
2464
4012
2593
2729
8775
1346
2735
10872
6388
1380
2083
8260
10984
8542
9106
3574
3340
3401
810
3487
9241
1841
5257
2561
522
88
3551
10330
7803
2494
3198
3405
10299
5070
59
8278
10223
3005
3644
9412
9420
1593
10289
1839
4135
5698
9661
3376
10805
5298
2411
4536
5439
1844
2139
3537
1230
4574
3269
3431
1658
2945
6322
3349
7786
2572
2539
3294
3288
6296
6961
5248
3311
1854
2473
1883
2618
10438
2026
4492
3303
1858
2658
3494
3214
5068
3605
8390
8128
3698
10412
9898
9937
10820
3522
2487
9956
5302
3485
10020
2774
3203
2125
10318
3052
1870
1456
4824
5687
1872
4765
8186
3580
8088
5141
3215
9895
3387
3781
1465
2753
1878
3716
3571
2360
3343
6572
3378
3549
7162
2565
3539
10999
3691
3079
3393
9430
3144
6156
802
6327
1888
8001
4036
9817
1524
3006
5284
10143
3545
3467
1257
4539
1853
1937
4942
10733
1349
9720
10840
1814
2531
3312
3039
10983
1900
4125
3169
7461
3648
3779
3583
8439
3409
551
78
3727
6878
10957
5428
10343
3789
8149
2421
3552
3548
2787
9588
10855
5786
3292
1401
7301
2297
2224
6410
4143
2049
3244
2739
3385
3231
2442
3743
3817
2541
2626
3809
955
1397
8420
3547
10759
3541
1482
3423
1463
1939
3083
699
2754
2571
6986
1929
9355
1930
447
3786
1021
1932
3794
8942
4699
2969
3723
3535
8323
6584
10093
3419
9605
1938
3563
5756
5743
3175
10750
4954
1786
3101
4345
3833
10859
10350
3638
8726
8827
3362
3020
2404
3509
4422
9202
454
2921
3309
3126
7042
7483
3626
7298
3816
9684
9330
3251
3422
8223
3501
3479
9446
207
3315
10833
3772
2962
3810
1037
7992
9901
3846
3706
1963
27
4702
2845
2948
2621
6654
3147
3443
7333
2147
3635
4610
9618
3722
9737
3450
4927
4646
744
3806
3872
4642
2633
7826
1823
3703
9560
9748
1711
2465
2425
3953
10607
138
2641
2972
3769
3461
456
2815
10161
6828
3761
3664
10982
10204
3896
2006
8031
3812
9758
3579
7473
3293
8185
3568
6743
3241
3100
1993
2998
3590
2141
3867
3371
9974
3195
5890
2992
2306
1954
9892
7702
8008
10508
3695
2402
2956
5778
1651
8831
2004
2673
10666
8995
8866
2878
733
2986
2526
1585
3550
8825
2010
3158
1683
3849
3420
8902
3495
3416
4196
1239
3935
9845
3839
3765
4178
6606
2777
9914
3534
1983
2819
7740
8898
3665
3863
2768
3265
3301
3974
7010
3523
3821
3111
9360
7626
7895
2028
6888
3943
9321
3015
1852
5970
3910
3102
3734
3933
10019
3773
2713
3651
2513
2811
5582
8058
4022
8072
2427
4596
582
4342
5325
2087
1302
8706
2947
3888
10851
2453
5
10618
2844
3915
4029
3733
2940
2146
10933
3674
2702
6842
2848
5316
3283
2052
3870
3949
995
5656
3029
2622
1048
9308
3291
4052
10451
3964
1213
8672
10735
2747
3254
1565
5500
3059
8245
3439
4439
2890
8346
3098
5616
6264
6977
2437
9873
3841
1285
4270
10266
3763
8293
470
1206
2072
8440
3892
2765
5516
3557
9270
3382
2076
10333
10048
1505
7450
10209
4033
3818
2606
6541
3907
10981
2989
3959
5632
10399
5910
484
3051
2184
7178
3600
3914
8330
5296
10693
3753
2535
4079
4241
9990
2744
4670
8718
5748
9257
1732
4091
3798
10717
3683
1404
3087
9141
2098
3365
3599
5567
2881
3996
4047
7150
1692
3226
2629
8733
2778
4098
4103
3728
3310
2809
4181
1678
4106
5924
2196
5563
6288
1592
3995
9495
3970
3587
4067
1805
3947
6962
3173
3926
10802
4179
10686
2229
8200
2942
10106
10791
1825
2611
2294
3784
4025
3657
6990
10419
4198
5610
3738
8833
8184
3204
4087
3869
6790
217
3764
2283
7522
4048
2131
3047
3080
7496
4456
10315
3659
10077
1857
10532
7426
2374
6380
2820
8310
7238
3447
10863
2908
1247
8584
1446
3704
2857
4552
104
2144
10388
4117
5211
10232
10066
4247
10823
5766
8514
4127
7870
3345
8660
4189
6931
3049
2952
8118
694
4279
5902
8306
7687
7494
9581
4149
3572
4114
8352
7528
1342
2269
2226
5644
1829
4150
2614
4045
2180
4292
4291
7872
9150
4160
2838
3130
2564
4139
1435
2169
2893
3172
6562
9904
2867
3131
288
3767
2620
7920
10100
3807
4061
2512
8230
8790
9350
2178
3045
3749
4206
2907
2524
4275
5977
3847
2276
4003
10199
2829
3440
1573
1411
3185
8090
857
10980
3581
2252
3941
4237
231
6105
3007
8887
10522
2499
5586
6259
4201
5568
7498
10943
4055
4101
3014
970
3971
7509
4124
1531
3306
5677
3302
9033
4092
10548
3305
2382
4066
4322
1957
2689
3663
4343
190
441
2208
7924
6272
7756
4333
2779
2527
3824
10018
698
4235
8579
2214
1321
4068
10903
4359
4493
3261
3882
8846
5397
589
3022
2220
2961
5474
3471
4211
7833
4480
1329
4856
2536
3815
1053
6034
4304
4976
3827
3746
4115
3897
1753
4165
2438
3878
3951
2500
2272
3466
10924
3724
8312
2194
2981
5482
10572
4028
9741
2708
4350
2239
3891
4193
1562
5950
6405
6220
1904
2243
3790
3142
7342
2648
3386
3804
1797
2247
2997
8906
5734
3374
4260
2250
4217
5054
10131
3900
3436
10956
10897
6920
7665
4323
9815
4330
570
3715
1761
6066
10304
4259
3287
4017
9490
4016
4224
4277
3017
8810
3881
3774
3472
4355
10737
4229
2914
3023
137
2584
10284
3582
2628
4244
10778
9234
4310
1942
7650
3074
8894
4102
3033
2275
10591
4300
9776
4475
4122
1716
4491
3799
10625
3507
10117
7694
8418
9856
9941
6628
4131
3776
3905
4190
7547
4192
838
4113
3780
3923
3032
4134
4436
5522
4393
4714
4444
2292
4169
2707
6157
4379
2370
4031
4242
153
8286
7312
9500
4234
1670
5432
4450
4365
333
3475
2148
2631
2770
4159
10979
3687
3785
7602
2596
3997
4513
4648
9967
8362
6829
2309
10715
3187
2875
7734
1223
3854
9338
2313
4209
4166
5221
3843
9551
3653
3570
3614
3669
4427
10509
2319
10437
1739
3619
4557
10277
4000
3061
4107
9415
4571
503
2733
9705
6704
10561
2327
8996
4109
10582
4215
3502
4633
10881
3497
4245
4542
3982
4319
9699
2801
2391
3503
10611
1177
9961
4435
3117
3883
613
4607
10847
4373
3470
9508
3930
4586
8798
610
8053
3108
159
4623
10427
5074
2430
3341
8625
4661
9444
3656
8952
3983
2712
4528
4141
4992
7866
3965
6561
4347
2483
2355
9007
2356
8553
9198
3826
3606
9529
7850
2533
3934
7220
5544
4454
5048
4400
3939
1371
4256
4616
4562
4184
3725
10886
7458
7347
5170
5181
3791
3225
4549
1580
2371
4014
4227
2321
9388
1582
4249
2517
4735
2036
1352
4142
4099
10450
4391
10361
4059
6087
2782
1630
4703
10773
2497
4295
3375
7374
5730
1467
2385
3740
564
4203
1413
6527
2388
4681
2389
7017
1009
4510
3887
9223
2392
8508
3246
9725
3192
875
8112
2450
9604
9878
3258
2024
3357
1916
4299
9847
4521
4123
8314
6963
7552
10017
2973
10365
4614
3961
3608
272
4137
4580
3207
2405
4421
2528
4337
2307
4246
4406
3575
3327
388
3217
2413
6939
4819
5645
7362
2326
2957
7393
3223
4437
575
1612
4597
10783
3227
7933
4829
10393
3003
3510
2236
4018
10336
4724
3890
6120
4218
10177
4078
3999
4782
4632
4727
10978
9022
10378
4787
4685
4473
4463
2187
10174
4382
2432
3247
413
3699
2624
4027
1745
1291
4801
4599
8355
4341
1798
8202
4369
3838
4414
4464
6639
3748
8561
2445
2093
6624
4093
3671
10555
4789
9381
4741
4833
5982
4329
8182
6591
10050
4276
3264
4643
937
3273
6300
9543
7746
5822
2457
3426
2458
3837
4659
4502
2691
4375
10752
10221
5538
2635
796
8494
4759
1245
4877
8617
3654
4533
2467
3696
2468
9365
4887
3842
6206
6688
4119
9191
954
4522
4695
2120
8236
2982
6232
8035
9104
10000
4766
1879
4873
8589
10916
6286
3871
2936
4589
4397
1381
2880
1365
10799
4864
848
2485
7558
3917
8417
2645
2835
3438
4183
4964
10541
4398
2037
8528
9907
2974
368
6096
9028
3492
4773
4679
4524
8404
6781
2240
662
1254
2443
7476
10867
10312
1395
1194
8270
7906
4334
4431
5529
4174
8520
7206
4725
5850
10641
4331
3805
4913
9240
6440
4148
3347
7622
4866
4808
4353
5101
4072
10739
6736
7210
2515
3404
5268
3894
4569
4928
4579
9157
4199
9143
3993
4823
10644
2552
4788
25
4859
3752
10826
10180
4628
8267
4878
5560
4095
6013
4745
4458
4894
4843
3912
2821
3797
8863
4186
4071
5468
10357
4582
9685
3395
4082
4960
6130
4934
8131
4905
3836
4317
4755
1695
967
4919
6997
3442
2968
4147
10909
4564
3084
6716
10171
2642
3056
4899
3397
2520
6576
9162
10876
4534
4850
10158
4869
3403
4009
1758
5619
4394
2166
4376
8915
2556
4949
3488
9075
5022
1350
4991
7131
6632
9616
4269
4194
2562
1708
2563
9555
3989
10230
3848
10977
4283
4705
3851
3735
4297
7638
4625
4504
45
3588
8124
4262
4401
1545
8092
8819
1591
7717
4668
619
4883
3092
12
4583
10700
6094
9886
6143
5016
4519
2455
1215
4591
2769
4293
3831
4840
1926
5023
4822
6864
5128
4763
373
10638
1860
4205
4094
1353
4959
3446
10151
4523
2222
4851
1543
5060
10346
5073
10567
6724
4489
3661
7236
3631
1928
5095
4457
5012
6650
4939
3043
5630
1229
4990
3266
4688
5017
10016
920
4795
4469
2607
4370
4368
10674
4175
10955
3432
3558
4973
3904
9676
2241
3920
10411
4301
2771
9310
2265
2616
5174
8708
779
4946
9989
4309
1746
6142
748
3932
1311
8926
7153
6972
8659
5024
6692
3938
3913
4809
389
4233
3330
882
3505
4207
8203
2630
1008
3038
10647
4248
10761
3950
2516
5083
3739
5092
1
10932
8273
6192
8316
3595
7689
3519
10661
2677
8181
4615
2023
9072
7292
5192
5202
5332
10836
5210
4555
2646
2506
3751
10510
5067
3491
3676
2331
6146
976
7054
9423
521
7845
3980
213
5014
4652
2576
5207
10094
4354
3543
10891
3577
5047
7268
9247
4601
3602
4769
5019
5097
716
10078
10679
5926
8997
6930
3449
3428
6365
5151
4325
4076
5262
5036
5231
4916
2545
10194
9813
2672
9401
6802
4261
5239
5986
4013
1333
5309
3212
6468
3065
4797
8629
4303
7878
5137
3156
5042
8443
5059
10942
465
2386
2830
4410
5292
1790
3458
2847
4863
8951
2688
5052
5359
228
2690
2842
5218
7135
4531
6622
2693
7819
8148
4573
4537
4392
8574
5089
4128
7611
9950
1509
7542
1328
2700
4532
9716
4461
5087
844
2532
4963
2704
5025
5288
8300
5646
1804
1366
4460
1941
10449
5148
3613
9428
2608
9804
10976
6100
4736
6596
9792
5297
4044
1426
5583
8498
10533
5057
3129
2718
4920
2107
1598
3627
4932
2721
7953
4834
5121
5011
9779
4999
2495
2736
5053
2946
6938
3967
10183
4024
9664
3639
2832
2817
6693
3747
6855
2732
6260
4651
4886
978
292
5375
3367
4691
936
5438
6843
5760
448
4794
8877
2740
4896
5035
3388
3164
7488
5389
5559
91
9485
10296
5195
6774
4395
5405
10127
2825
6684
4399
5107
5312
6752
5159
2568
2752
10768
5408
5424
4743
3673
2755
7663
8758
5681
4836
5066
5972
8874
4415
9398
2760
2290
4754
7122
2762
10168
5330
8920
4484
1907
3622
10635
3234
5102
4546
6615
4046
2462
2652
6033
8890
9345
7158
2851
4558
1848
4255
4084
4624
5245
4527
10291
3908
3332
5271
850
5175
4100
5356
10587
7116
1815
3282
5466
4476
5425
1777
1850
3105
9081
6178
6577
4515
5234
5269
3652
4922
3415
5114
3865
2788
3742
4305
6892
5475
3771
5579
4733
10436
1096
5575
7887
2796
3729
10418
2157
5138
5394
7392
10843
1855
4952
4202
4306
4575
6433
10480
10741
4069
9752
7810
3741
3019
1390
4757
10691
4019
7585
3876
5004
3026
1128
4786
5249
4880
3433
4287
10481
4503
2602
10478
3646
4381
4164
5496
3944
5226
10669
8068
10015
4758
5300
6374
3880
8028
7977
4861
5689
5324
1712
5171
5088
2826
5314
5049
1588
2375
10788
5639
3280
7280
11
5411
5169
4351
6021
2833
9849
5075
7586
10482
4732
8204
4529
5663
10477
10650
5318
5182
4806
3308
5594
9532
9787
2971
516
2781
9539
6018
23
4268
568
7798
4933
4449
5063
9152
3490
4559
2328
2850
4884
5501
4074
3957
5267
6540
5161
3425
8808
5473
2928
2856
7582
9932
457
2858
9069
5598
3813
8456
5545
6004
7235
4556
3236
4239
10711
5802
4902
2865
5403
5772
1226
3823
10975
4635
10353
7516
5010
5509
3448
10476
4595
4900
4544
5168
10622
5457
5111
10052
9615
2876
8358
4075
3103
3713
9928
5119
5197
5694
1920
5703
7587
5714
8061
8332
9999
7676
8565
6586
8817
1323
6006
5015
5558
5502
1289
7428
3853
4129
35
391
4751
3527
4500
2349
5640
4664
1483
2895
2029
7214
777
5542
9945
2954
9594
5080
496
1236
9797
2901
8395
2902
2185
8538
3284
5228
4130
4358
5995
4844
5467
5343
8523
4281
3702
4849
8056
2910
3931
10484
10923
5360
1495
5679
5654
5564
8613
7036
10475
3055
7678
5831
4120
5829
8444
5827
5246
5825
3279
4981
2750
5585
3898
9910
6439
5628
5896
8940
5034
5503
4683
5495
814
5712
9580
5566
2670
4163
10426
4383
3245
6188
5565
9418
9209
2934
10270
4403
5413
5708
5674
2937
9267
2938
9097
6550
9167
2764
9858
4412
5631
6310
9721
5220
6219
10796
3662
2176
5145
2970
4715
4443
8415
4914
8669
3513
7588
5532
3736
5165
9323
4870
10068
4430
5380
5678
7108
5449
5507
7534
4666
3076
981
5265
10549
5623
5347
5669
3708
7344
2403
5227
2540
4445
846
5854
5555
2965
10485
2966
4294
5391
7707
6428
10309
5147
9395
5893
1980
10474
5799
3963
3755
4807
5287
4327
5800
5651
1608
10954
4316
3120
10101
5480
10398
6172
7815
2980
883
4472
1522
3924
5888
4195
10684
4377
4264
4488
7410
5355
6453
4701
10511
1606
5290
5043
6072
5882
3611
5647
7047
4387
1117
2993
10829
2460
5041
2995
5531
5957
8045
3062
4613
760
7044
5499
10301
4909
2839
5845
4908
4367
5534
4845
9339
5912
201
5009
3240
9870
4820
7880
5577
5353
10249
4815
5574
5561
5071
5649
8782
5763
5774
4520
5705
5724
6908
4978
4021
5150
8998
4023
2332
6768
6276
4831
9255
3634
7310
5402
5641
8246
1506
4535
10871
3629
5759
5606
5870
5621
8932
5659
10251
4805
7944
10228
5741
4507
2020
10486
9936
5867
6902
5919
10974
4854
4965
6025
10247
6027
6026
9478
10473
4056
7589
10632
5676
5842
8950
5732
4867
3042
4050
4231
6919
5144
2510
4568
4686
10014
6325
4063
7187
3048
7557
6620
8217
5310
10448
5340
5820
1322
3732
2711
5493
5203
4689
5920
617
678
9092
3057
4975
3500
2320
5813
4212
1334
8205
3945
3124
5104
7436
9126
2042
7148
6937
7672
5969
3066
4089
5771
5830
5765
5261
4288
7827
5808
6558
2048
3857
2827
3855
1320
8179
5109
7733
5551
7407
4565
2461
7182
3524
5605
4969
5487
3720
4265
7546
4852
5938
3082
5285
4111
5595
3465
10165
7378
8586
6083
5754
4697
4548
2892
3338
4943
9677
4776
10140
10286
7551
4802
10253
3093
9459
4951
3992
5975
10600
9924
6040
3097
5440
6091
40
5299
8167
5758
2822
2791
6009
4065
4612
3879
6469
5666
10053
10902
5162
5635
3954
1454
10487
4518
10245
5810
2242
9492
2412
8284
4901
5093
9966
6054
6389
3114
4153
10472
8883
3889
4344
2156
6074
3118
2163
6050
1514
5955
2080
9734
2994
5861
1537
4543
2153
693
3719
5209
7805
6147
4525
9332
1388
5214
9686
3893
6158
6746
8785
5219
8855
5783
4177
3133
10219
6060
5504
5665
10743
3136
6023
1232
9811
3138
4346
5434
4567
6041
10653
6103
5891
5194
4837
4191
2110
6104
6057
6000
3321
10524
5483
4721
3637
3148
7590
5039
10698
6048
5706
10604
5979
5254
9213
4416
7269
5909
2017
5366
9023
4687
6171
3157
151
9988
3373
4739
6973
3344
3150
5591
10387
3684
2538
10136
2293
5485
449
3956
5253
3960
6180
5327
2610
6051
5775
10542
7173
5900
342
5615
5921
4881
9865
4760
8897
6137
5255
5557
9463
6610
6323
5447
6065
9706
5277
2061
10941
3180
4948
7442
3063
3200
5421
5727
5789
5599
6450
4778
9102
1097
4413
9830
6111
5213
172
5037
2181
5258
4506
5471
1276
4897
5404
3193
9181
5877
6170
10488
5348
9374
9832
2105
6295
7072
6090
2245
9132
5625
4958
6185
7932
3866
8101
5339
10896
5745
3445
3205
5323
10144
7080
9066
1945
3208
6075
5670
10973
5433
9730
4791
2920
10596
8801
3213
5086
9960
8373
5627
7031
4538
6721
2212
5206
5993
6015
1890
6212
10578
3145
6355
5680
3222
4604
8750
10155
5853
10562
5429
5588
8976
1110
5983
10243
6480
2152
6119
922
9312
2322
4918
3016
6221
6234
6418
10931
886
6223
3235
9738
6290
8502
5711
10915
3238
7720
5399
3413
6012
9765
6059
1296
7860
2625
8388
9039
3834
5816
6255
7405
3998
6200
5335
4722
6338
6364
5134
4890
8606
6222
5423
6109
4126
6402
9266
7165
6044
10573
6335
9370
9834
4312
6334
6136
1902
5852
3506
8815
6279
3783
4675
6269
9122
641
3090
8977
4512
7285
6247
555
5081
2569
5718
1563
5603
7612
5911
8633
9768
4734
3271
6409
5454
8237
4910
6135
5349
2939
8650
7415
3276
6444
8668
10858
3278
8289
6231
10435
10556
2040
6016
4645
2933
6132
6235
2475
6204
10013
9586
5633
10854
9522
6503
2096
178
2379
6344
6330
3290
5596
5779
1936
3835
5321
6343
10664
8638
10212
4706
6307
6488
4144
8766
9465
5307
7429
5999
6671
5809
1303
6201
3636
5871
9998
10470
2202
5589
4637
7506
5133
5892
6236
8796
5719
7296
10534
4979
5611
4213
7117
6485
8576
6287
5357
3313
4371
8482
6281
5876
2560
8978
4232
8178
9851
9826
5514
4662
6379
4049
8477
4603
7066
3322
6491
6490
2824
3324
8545
9762
1033
9222
7738
6239
7728
5949
4903
3329
81
6253
3008
7564
2794
3289
6194
6357
6155
4001
5717
5657
2651
5839
5072
3337
1307
4451
10512
3339
5370
4321
6456
1868
4380
2837
5943
6421
3159
3317
4767
4629
2233
10054
6634
6452
6911
3348
4784
4957
1613
4467
1597
5379
8925
9602
10953
5030
6431
6368
4865
6545
7527
6340
9378
5985
7837
4011
4086
3359
3437
5939
10257
9134
4941
4665
5793
5451
10197
3364
2767
6544
9836
3533
10813
5472
520
3368
3610
4250
6883
5270
2451
906
5224
3372
10908
6227
10069
4499
4157
4803
10410
4911
1318
10780
4037
5889
10608
6590
3028
6467
1539
6496
6614
4152
5895
10392
10775
4352
2256
6487
9666
5573
5363
5851
10095
5592
4950
6274
51
7648
8788
6367
5901
6551
10810
5695
5328
4982
2284
6055
10972
3396
7305
6183
9513
5385
6127
3399
7416
8402
3643
6530
8051
9940
9802
10490
10447
5874
5998
3667
2270
3406
3004
3407
9227
3408
10629
6349
5832
3410
1063
3411
4874
3412
7882
7642
10469
3873
4839
1671
29
9502
5814
5655
5723
8348
1986
6459
1338
6709
4034
6661
2737
4563
8296
6415
10839
3424
5796
10342
4511
6555
6397
3211
10885
5333
6326
6159
5390
6673
5334
6005
10123
4630
6283
10862
10816
6029
3516
6511
10113
10272
6144
5156
8083
5661
576
6449
3040
2142
3174
2888
6569
10880
5040
5903
9535
6494
3775
5747
4602
6101
499
5951
4540
6145
10189
9972
6498
4929
1389
8914
6339
5609
6478
8850
7521
1948
6243
1319
10583
7834
4898
6129
4366
5764
10850
4221
9487
3460
8526
6346
7205
1650
4617
3463
3197
6731
4987
4058
9913
8980
5604
6646
2122
2346
3034
4389
10320
6473
2354
6376
6589
4530
7261
6173
9467
3474
6437
6643
6543
3476
8413
3477
6353
3478
1309
6263
6675
2738
9550
4649
10417
6801
7361
5007
6462
6354
2709
6131
994
4220
8893
6063
6413
3307
4814
6552
9525
3681
3565
6653
8351
4989
4657
5264
10329
6969
4085
6592
6950
3561
6964
9546
10793
3603
8394
6835
6391
6470
10592
9694
4669
3919
5342
4671
9254
9726
9897
6381
5940
7684
6099
6407
9187
8806
7324
6434
10745
6617
8886
5548
10807
5929
747
6741
5208
6559
1118
918
7605
6870
6869
7996
5750
4553
259
6847
7576
3745
1951
7744
3380
6226
6992
5129
10491
6809
6929
9838
6191
6587
10425
6866
3112
4432
1975
3529
3081
2717
2710
6515
4904
3532
6524
2136
6573
6999
4713
10468
6294
7894
9017
5364
9147
3538
8004
10656
10226
6203
6560
6761
8536
4723
5682
5315
5201
4253
9613
6309
9048
3546
5804
6548
7049
6947
4478
6779
6301
6419
338
6871
8258
6667
6209
5527
9894
9742
9413
3555
4590
10832
3331
7025
6082
6141
10377
10568
8166
6971
4749
9052
4274
3562
6278
1286
10619
3564
4753
1706
8085
7092
9900
4307
7053
8096
10689
7050
4572
2840
4704
6504
3597
6748
8120
5729
5172
7668
3363
3968
2862
3902
8232
6311
9451
5721
9164
6783
7083
9678
9136
1002
7811
8512
9265
6607
8919
6794
2366
6682
10707
5371
6764
6899
8591
6400
9426
6461
5801
5984
5927
4425
10971
4388
916
3906
10819
7001
7530
5331
3573
6377
5954
2730
6626
3598
6885
6479
10922
6967
3342
6043
4828
6370
4955
9880
10239
3325
7593
6884
8382
4717
2896
7138
951
4811
6198
6915
4813
6738
6989
6535
2889
4868
6830
6876
3886
6747
5164
5887
6186
6289
3394
5624
8657
6720
4825
7063
4455
3620
7276
3621
8667
5378
2065
3623
8609
3624
6408
6635
2772
6509
6769
3256
7215
10756
6657
7081
6712
7390
10785
7231
7230
7244
7556
7227
7226
7225
6923
5251
6285
6513
5819
6777
9568
5187
394
6369
10525
4926
386
5462
6861
5597
7537
6943
8865
7109
9197
3645
1554
4167
2117
6383
7437
7133
6710
9860
2988
10770
5536
7149
6125
6695
2900
6785
9809
5761
5553
10492
3829
6788
6775
364
7651
2773
5446
5489
583
6275
6512
5492
5062
7103
6713
7207
6979
7772
6694
6356
10317
4631
7161
7160
10467
10890
6477
5441
3358
3670
5673
9774
4442
3672
6398
3473
4566
3318
9510
4594
6965
10364
2941
7219
10677
5602
4208
5519
6927
7716
6252
6981
8377
6756
7773
6753
5653
4133
7126
5528
4140
1406
10940
7770
9063
3688
5051
6483
5752
9172
6914
3766
10281
4923
6941
9118
4925
6539
7858
7139
10360
3077
5456
3697
5914
7100
8909
6699
2466
3700
10513
3940
2216
5638
3726
5648
9469
7355
4335
6867
10332
9790
7339
1984
6579
5873
9949
3709
9987
6184
3210
3711
10875
3712
5304
5570
9891
2205
4953
6773
4780
6443
5416
6687
2350
4411
1556
7222
3024
7058
3181
9640
6241
7211
5415
4875
10804
6257
5230
6002
10550
7367
7366
7365
8487
10672
8509
1679
6631
6395
6475
3731
9641
4105
6877
5055
9997
6601
9840
5913
9687
3298
8152
9382
4433
4251
4985
10952
9903
7180
4363
7255
2041
6500
5855
6655
1828
6954
2522
5618
6603
5200
4356
8472
6425
7334
8334
7389
5769
3750
5552
6708
1762
7088
10866
7314
9954
4505
7046
9642
2312
10080
6011
3757
2869
7433
10293
7284
5013
4032
6982
6497
7349
7454
7097
10696
4313
7099
7000
5110
9000
9044
8412
8322
10446
2428
5445
7075
7282
7281
5183
6715
2514
6859
3435
5660
6668
7096
5033
7167
4481
10434
5158
5710
7228
10612
707
7239
7775
6946
5990
880
6271
6983
6386
7256
3091
6791
1982
7091
4090
6935
7184
7169
4693
7156
8729
7413
7409
7768
5587
7511
9643
8458
10102
5373
5435
4968
7234
10846
2586
3353
4654
5696
10970
6625
9357
5699
7905
7559
2305
5702
6254
3218
7806
7290
8983
4434
7567
4882
6784
6800
10070
6663
5116
8158
6894
9636
8123
5981
6533
10466
5274
7439
10261
4324
7198
3814
4947
6359
10403
6245
7394
6991
7482
7485
3625
7575
2546
6727
6258
7526
7525
7524
2548
4936
5746
6017
8025
4462
2550
7015
6123
6507
6681
3828
6858
5744
7331
1864
6714
6705
8016
1675
6816
5835
9449
6489
8746
5479
6058
9756
10368
6463
3641
4885
5751
7487
8583
3840
6313
10930
6831
8208
10298
7023
5125
9232
7480
7479
5494
6039
10822
9438
7352
5131
1197
6474
9601
6680
5601
5135
10217
3852
6270
6028
2925
5139
7902
5301
7816
8054
6314
5143
2697
9190
1489
3859
10543
7019
10237
3861
3567
3392
3326
7573
9635
6795
7325
10056
2158
4676
9245
3991
2578
7313
5444
7653
2471
7251
7297
7071
7767
10128
4731
2605
7424
10626
1684
6839
3875
2785
7259
6647
8401
8268
4097
6207
5173
10108
6523
6351
6211
7743
5177
6352
8499
4223
10397
7402
6619
8294
3721
1807
7732
5547
5973
7189
9820
7277
6153
4447
7265
10682
129
7610
5003
7584
7260
10356
2818
9024
9701
4459
5084
5569
9612
7474
3601
7472
7505
9314
6689
3925
300
3903
9645
7644
4879
9010
5947
7191
6441
6838
9352
4176
8649
5864
9573
5419
6177
6519
10535
5550
9238
5571
5715
6959
6493
2447
4168
2211
3456
7460
5337
7006
7908
7279
6382
5925
7335
2479
7064
4684
6998
7055
904
5965
6890
7693
10747
9264
3984
6686
5237
7321
4576
5894
9965
5691
7202
9634
6874
5243
4238
7118
3591
6396
3518
7308
4225
7619
7034
5906
4588
7271
3819
7571
5863
6755
6966
7445
7154
7295
6896
5915
1409
5113
730
7654
8770
8984
5885
5263
979
6102
7283
6499
6116
5880
4440
10494
7625
4816
1968
9100
7997
6666
5273
3955
4862
6637
4748
6536
7307
3958
116
8712
10288
7904
2640
10588
2454
3962
7985
6936
10314
7539
1283
7270
10465
1228
10192
5455
6342
3929
9944
6916
491
7523
5238
7541
4747
4132
7601
3973
36
7793
2
7791
7724
6190
7288
8938
3086
7784
7832
9646
1256
6597
6350
3800
7484
8666
7656
7635
10274
7504
9888
5978
6978
6644
7973
7972
9471
7970
7969
7968
7967
7966
7965
7964
9585
7962
1140
8578
2662
9842
5108
7730
9116
6851
8857
5849
5276
5828
6865
7119
8247
6564
5935
10152
9722
7545
2668
6863
3334
7892
10901
6008
6853
10914
7874
7412
8265
4008
7748
7039
10705
4010
7529
6546
9633
4151
6020
5351
10969
6320
7649
4015
2979
7778
6014
3678
7820
4848
7514
6728
10335
4020
4708
6032
6435
5824
10205
6035
9906
6324
6595
8506
5556
7500
7447
6520
6905
6833
10801
4772
6917
1400
7886
7885
7884
6030
5620
7679
10659
7664
9362
4035
7370
6810
8448
7771
8165
7195
6797
6118
8571
7799
4821
6393
8018
6735
9777
7563
10667
3694
5393
7727
2130
5537
7462
6531
7052
7104
4682
7199
7849
7848
1564
4318
7379
7643
5643
4053
5776
6771
1877
3259
9867
7090
2679
6766
6471
7061
3589
6901
5122
7842
5720
6605
7864
4062
6656
7455
3128
7821
8036
8368
9208
7469
7209
6575
9647
7201
6578
7699
5382
4070
5079
7583
9507
10010
8722
8077
10514
5704
6554
5755
7175
7408
9746
6303
6732
4855
10345
7919
2617
7809
2251
6122
7596
3001
9416
7995
9679
6429
4620
7517
9931
6718
7499
7777
7776
6750
6003
8238
5179
3521
5844
8121
8690
4405
2731
5365
2557
7253
9668
7467
5898
10224
7002
7758
4626
4210
1488
5944
4043
7185
5784
7617
6754
4081
3710
7983
9959
4104
8091
9632
1373
7741
8357
7267
10263
7171
2338
7580
459
4110
6996
6167
9073
1781
8393
7765
9169
6583
7725
9090
10495
4116
5672
7929
4804
5427
4286
9916
6723
5992
8637
4121
7662
3632
7710
6857
10557
6599
7581
2551
3536
6505
7604
6879
2069
5971
6089
5781
3952
7696
224
10464
7974
6152
5904
8241
10563
6640
7427
8073
10951
3754
4096
7683
1019
4138
9030
8081
8105
8104
8103
6757
5834
7607
10445
7971
9447
10790
1034
7107
2748
4146
5837
7785
1141
5020
10409
7303
5533
6593
7658
5535
6612
6765
4002
6230
7121
4154
3868
4155
9927
4156
4988
5543
3517
4158
7142
8067
8845
7637
6895
10200
7574
7441
9001
7980
10895
5966
6042
6304
2883
9538
3526
7814
7763
7579
2701
9648
6897
4170
7391
5065
5006
8117
7836
4173
8830
10210
7614
6974
6574
7817
10765
10416
1940
7353
5524
7507
7431
9818
5350
7921
3730
4145
6563
6798
9289
8153
3559
4185
7594
7578
8014
4187
9018
4418
6092
6703
10386
7873
9290
7789
7084
10172
10825
4204
9971
6711
4644
5967
7146
6739
6725
4729
7993
8074
6538
6299
6261
5562
8138
6302
2950
6537
5322
8095
10939
5045
8541
4311
6164
3744
8159
5294
8264
8325
4315
7714
5613
8876
5976
7548
10907
7457
7168
6621
6825
4214
8862
8363
6053
4216
7957
8213
7669
4853
7655
4219
9807
8374
7531
7337
1268
5948
9040
7831
10089
7899
2816
7941
2383
6213
6804
8002
3578
9212
9489
7613
7515
4230
8189
8215
8109
7577
5289
7926
6202
8359
7954
8015
5463
10870
8022
7660
842
9402
8339
7959
10968
8139
4419
3369
7999
4592
6600
261
5836
7569
6110
5124
7466
8534
9292
8207
2682
7898
5407
5452
879
8384
5697
7477
10071
6175
6674
7089
3554
7769
2836
8063
9531
7094
862
4781
9315
8343
8342
8474
3277
6495
6542
2476
8381
8097
9753
4263
3152
1557
7183
8832
9611
7027
8082
8438
6609
7861
5675
6404
5693
646
4876
8824
7069
5191
7958
9986
382
8416
10758
7903
5701
8986
6814
8183
10181
8304
8126
8019
4891
4817
946
6412
9877
690
7422
8414
10574
2086
6932
2183
9226
7828
6124
7503
7623
5868
7562
7721
1012
7979
7157
10496
3737
7949
8032
8275
8274
4578
7028
5260
10842
4296
4779
5361
10921
2409
4390
8255
8318
9060
5886
8369
3441
4302
2872
8379
10579
6944
7193
7014
7670
8250
5044
7179
10463
7788
7250
6549
6166
6517
1192
8005
8279
1341
5001
7779
6084
7909
3274
8299
9405
3427
5180
8229
5757
7328
5930
8099
8930
4320
10081
2864
10645
8555
2742
7761
10639
3768
6358
8168
9473
8904
5094
8210
3263
7752
4653
3398
5773
8235
1607
9630
6169
6061
3701
7229
8794
10726
8713
8135
3295
4336
8192
8434
9386
4338
3418
4339
5154
4340
3666
8896
3115
8483
5541
6889
3544
7538
8688
8687
8686
8685
9161
7079
9735
5241
6038
8409
10616
7098
7306
7615
10728
7254
3758
8396
8160
7369
6604
7943
10391
9334
8133
4357
7681
5811
10724
6321
8261
9600
4361
8146
9347
4362
2223
8389
10311
1528
4771
7695
5821
7939
9885
7951
5709
5217
8132
8169
10141
7449
7493
6280
10687
7674
4348
7022
10169
8441
4835
2802
8119
7667
7003
8271
7712
4378
4744
8029
318
8475
5841
7946
2932
7304
8106
6438
10749
8009
7739
7782
9731
8345
8585
9156
9375
7846
3528
8094
8599
8598
8597
7136
9371
1802
5857
6759
10114
8069
10137
7029
7633
5607
6636
7329
273
7801
5865
8689
5968
2530
7223
7519
6174
4402
1869
7620
3777
4404
3075
3685
7553
5199
6064
7713
9862
6683
3512
4064
8560
8559
7632
10730
8447
5883
8632
8050
8612
8144
5196
7359
7289
6940
8372
7196
7595
7855
10694
8754
9105
5185
3584
8075
9923
8066
2763
4423
6501
8030
9200
10722
8529
8154
10798
6641
10777
5738
5905
4429
8020
5907
5511
7755
7879
10058
3483
8174
6696
7609
8011
7565
10623
872
4560
5515
8197
8505
7512
8694
9326
6045
8459
3094
7
5923
6371
8115
7841
8089
7938
8423
10283
6819
7115
7783
7322
7414
10265
8484
8693
8225
38
6677
9011
9396
3046
4453
417
3576
9436
7240
8840
8026
5737
8837
10515
8280
10929
7101
8464
7434
6154
8331
8588
5812
5061
7757
9629
7143
10648
8843
5795
5008
7147
6933
7510
4468
10636
8446
5319
6837
5690
4471
1481
5963
4278
813
8791
4466
4737
7603
10967
5866
6566
4477
10497
8701
483
4479
8033
1611
7237
4940
3946
1728
6571
8495
6701
8624
3316
8039
8594
8567
4783
8973
8972
8971
8970
8969
8968
8967
8966
9244
10597
8963
8962
8961
8400
4494
8936
10462
2008
4496
7144
7068
5997
5725
10884
8979
5021
1513
3000
8386
1769
8768
7890
4577
10551
7057
2566
4326
956
6873
7883
8645
9445
5508
10124
4509
3782
4857
7876
4600
9578
6529
10732
8844
9739
7645
8656
8360
3010
10184
8254
8282
10605
6217
9015
5336
7151
6073
9816
9424
6414
7856
1408
7916
7417
8449
6464
8803
10782
4526
9296
5283
3566
9780
10444
8603
7037
6945
7257
4917
3366
7203
10145
8882
10720
8880
8879
6047
7008
7566
6049
7830
8763
7475
5858
8852
8432
5513
1278
8489
7704
10950
7386
8735
7300
8281
7862
4545
6872
8303
8652
8111
8269
304
6988
7839
7248
4550
7373
4551
9651
5941
1216
7382
8842
8841
9041
9043
7942
9038
3515
6836
9035
5722
3693
7599
7132
5518
3262
10544
7299
8917
6031
6845
10879
8631
9084
8771
5142
7348
6108
8743
5132
8263
8176
8812
8811
4570
1783
2493
5486
7411
6097
6390
6534
8478
3030
8227
8180
7561
8569
10276
7543
3978
6176
8079
9567
8684
5422
4581
8177
8787
6076
8403
1953
6329
6113
4585
3690
8744
7706
6881
6117
9151
9504
9014
10772
3464
6121
7871
4497
8485
357
8218
10584
7351
9138
653
6582
1871
8644
8469
8655
6904
6912
8611
6588
9680
6909
8731
6197
4842
6906
6951
9379
8745
6903
4605
5341
5140
6900
8319
10133
8711
8340
9628
560
8873
7618
8070
8504
5193
3560
7701
8727
9027
9131
7931
10215
9128
4774
6926
3078
4618
7350
8975
10103
8170
6161
6375
10857
4640
8710
4424
2077
10662
6808
7709
6690
4162
7403
3593
9727
9316
8155
8333
9125
7998
8695
9070
10828
2357
6401
5223
8670
7106
6730
9210
8480
4636
8244
6956
1061
4638
8680
4639
616
7691
7243
7166
6298
8501
7729
8900
712
6098
9288
9287
9610
9285
9284
9283
9282
9281
9429
8648
4846
4650
3986
6834
7294
8425
9713
7045
9094
8853
4712
8871
9178
10734
3901
10008
8419
7764
9549
8431
10527
10166
8639
6215
7459
6852
8024
9846
837
6841
7616
5178
6068
10402
9114
8627
1462
8086
6225
7471
2472
3686
10853
7007
8454
5189
6787
8913
8615
4674
6233
10498
8755
6150
1966
6796
9008
8329
8021
9215
8953
9059
10156
8747
3486
7804
6291
6685
8792
10718
9793
2975
7930
8592
8974
9082
5856
8335
10889
2912
5840
5989
6337
9196
9195
9194
9193
7040
10461
7824
5593
7630
6665
4696
5636
8003
10376
4698
10222
9263
9274
7073
8320
7137
8549
7774
7152
9718
10651
8283
7406
9652
1837
2734
8789
8821
6525
6093
10072
9262
10633
8931
8724
9584
8910
9155
9154
7070
7062
7110
3429
9095
9953
8365
6918
8455
9475
4718
7095
4719
8531
4720
8378
7869
10966
8762
5426
1552
7991
6616
8522
6306
7397
230
8234
7682
9545
9124
6722
8337
8513
8327
10938
9948
8864
6717
4726
7889
10675
7639
9224
8287
7085
7634
10861
7975
7082
4738
6071
6319
8981
4740
8828
9099
8364
5000
8479
3607
9591
6924
3297
7867
7486
4746
686
8308
5782
6331
9788
9149
6333
4750
7326
9448
10423
7468
9077
9076
8470
8285
3759
8199
9491
4677
5994
8783
7981
8462
9964
9239
7464
6347
5785
4761
9299
4832
9344
9057
9056
4764
9275
5376
2841
8171
1906
8939
9627
4768
7907
7631
4088
4770
7368
7446
8716
9260
4663
9113
3182
6823
4641
4775
9319
6181
8982
8719
3520
9363
10109
9361
6373
7432
8231
8813
7994
9021
7838
4547
1733
9404
10913
4785
7011
6022
8042
8511
10295
8699
10609
8142
8709
4790
9005
6907
7067
7963
6199
7190
6466
7671
8756
3162
8691
8773
7978
8835
9139
4798
8990
8780
7915
7598
2632
9407
10396
10432
5988
9750
3202
9524
9286
6922
6196
6077
9519
275
3618
8749
4051
9229
6976
4810
6277
7217
8854
4812
6417
7105
7375
8987
8451
9291
5658
6224
5897
8759
6984
8087
8518
8643
8354
8543
6107
8948
5167
2423
7159
6385
7535
9399
7021
5064
9049
4826
7723
4827
9598
7204
8172
8675
2589
4830
9377
9435
3921
9233
6070
6789
2643
10348
1918
6447
10267
8875
5374
7787
2505
6451
4889
9558
161
5664
8912
4841
10736
7481
10680
5843
7853
7751
1299
6007
3979
8383
7330
9631
6557
8037
9985
7274
9433
5344
7591
7781
5412
6163
10516
8889
8175
6069
9086
2814
7078
8076
9566
9565
9564
9563
9562
9464
10187
9205
9253
9177
2722
9089
3504
1909
8647
9173
8868
7074
10308
8927
7952
8098
7489
6308
7753
9252
5392
8858
6423
4871
7795
9569
7797
7399
6522
10290
6751
8055
8848
5956
10716
8671
5078
6516
8253
6250
6514
8535
6758
9518
9517
9516
2886
9503
10874
6508
7273
8242
9098
8829
10097
8929
8621
8521
6502
7823
10670
8321
1970
8820
9214
8387
7715
6763
9406
8187
8226
7343
10090
6345
1317
10082
8221
9016
9484
9483
9482
8618
3830
8802
4931
5120
8405
10460
4038
6887
1634
7358
3270
8793
7851
4907
10231
9115
6216
6001
1003
6547
8130
7453
7233
4912
5275
9456
9455
10900
4621
4915
8776
8012
9246
7376
10795
7675
5807
9552
9333
9582
3994
4921
4252
8366
6995
7385
8642
5464
9912
8457
10443
9431
9179
9295
4385
7737
5458
8752
9822
4930
6228
9755
7891
8445
10408
3453
9729
9067
3272
4935
9494
7647
9411
9410
7076
8736
6585
9775
6465
7685
4285
9351
9259
6987
4799
8239
3355
8739
8301
9579
8370
9045
8721
9391
7961
4673
7048
9609
1070
9970
8714
1891
8772
7357
6079
5671
10341
8918
5383
9533
8760
3119
9373
9747
6179
9745
10949
942
10363
10838
1667
8661
9130
4962
6638
10760
5368
8795
957
5685
9356
4966
5960
9695
10007
6078
7597
8881
3402
4970
8356
4971
1314
7145
8525
7835
5282
9340
5029
5815
7140
1958
7984
9693
10965
10558
8665
8985
4944
4980
9470
8797
8683
9325
8658
4983
10701
4984
6778
9140
3018
10300
9526
7813
5026
6994
8804
9480
9311
9547
8240
9359
7987
8295
6424
9712
8728
4906
9784
4995
5256
4996
9298
9297
8826
9667
9392
1922
7945
9536
8994
8626
6669
5002
1653
4858
8344
9294
5027
9107
10920
9782
9574
8143
9078
8933
10129
8349
8198
5740
9272
9911
10767
9468
7316
7520
5736
9026
4298
8663
10865
7742
9422
9827
249
5018
2798
8519
3346
8297
9876
7532
9962
5117
2090
9733
10359
9617
8302
8651
4667
8901
8010
9217
5580
3675
8059
7802
9237
6707
3469
5031
9329
5032
8572
9228
3937
9009
5964
8084
5498
9857
6664
9096
7340
5038
10654
9614
3977
8558
9637
9984
9983
9982
9981
9980
9979
9978
9977
9577
2329
5046
10630
2258
9204
4895
972
8544
6733
4716
5617
5229
10163
7245
9692
9385
10564
8799
5974
8191
8533
7123
1376
9512
2345
5058
9184
9844
8786
9659
10906
7592
1347
7018
1635
4226
10203
7868
9823
8517
665
3542
6080
9773
7302
3707
7009
10738
1182
6067
9590
6268
3206
5884
9922
9921
9920
9919
3216
9587
10367
5076
8705
1818
3044
7673
7928
9707
9031
9511
8491
6062
2923
5728
4660
9839
8486
4710
7264
6691
6860
10928
8481
9592
7914
5652
9800
9129
8476
8305
10325
9111
9408
9884
9883
10620
4254
9120
6793
9799
8466
5096
7900
197
8078
7404
9112
5099
10208
5100
9665
6454
2400
655
805
10500
4161
9188
8038
6807
5069
5106
7490
9367
9854
9853
9778
9457
6813
8442
6265
10714
8924
5112
9087
6948
8298
9899
9476
3299
9474
10692
9789
9079
2170
8741
8428
4004
10218
7982
9829
9828
3414
9700
6205
10186
10459
6149
8057
10207
9064
2420
9414
10079
8678
4730
7360
10088
1676
9528
10064
5477
3796
5430
9806
9805
10894
9874
5252
7703
7840
5136
8219
8595
7847
8707
2866
8547
9833
7843
9606
268
8557
7177
9034
9786
9785
9946
8999
5306
3430
9389
9619
4818
2666
8129
1468
5149
4709
9145
10537
9935
10049
5152
6521
9767
10589
4005
9013
2339
5578
6875
8251
9369
8492
9421
9006
9599
8361
5160
8849
9453
3171
6244
9749
5163
10831
6506
7796
9183
7013
5166
8774
10812
2846
6891
9855
7754
9305
8807
6803
10047
2068
3320
9218
7760
5303
10326
3594
9527
9221
5291
9409
7766
7383
9331
3452
9248
9717
8634
8341
7163
9554
9051
2045
7451
6139
7258
6913
8960
4267
10528
4584
9703
9702
9313
4349
10121
5931
10119
6251
10147
7554
9231
8947
7923
6925
7272
9689
9688
6623
8941
10044
7263
2396
4609
7745
10191
8935
8742
5216
6734
2976
10383
3468
9879
10815
7912
10323
4409
9710
6436
8923
10149
10372
6168
6140
9662
3064
10035
6818
5384
9499
7513
8276
8610
8911
7722
6953
5215
6403
9649
10685
8905
9442
5847
6642
7829
6106
10395
3480
9432
5798
10057
9795
9159
10809
9917
8257
5225
7705
5637
10167
8888
537
9902
9626
2492
3803
4647
4495
7232
10613
5123
2446
3508
10012
9771
8206
10255
8048
5250
6284
10087
3383
4054
4707
9955
1167
8734
3987
9603
2911
7275
7680
9461
10964
9440
5105
9759
6975
10011
7435
10175
3655
8430
8471
10415
8127
9166
9335
7877
9657
6052
9841
10294
7005
6305
2088
3335
7661
19
8411
7470
5490
9572
595
5259
4508
7176
10845
8769
3146
4977
10178
8453
10107
10334
1332
8497
8823
9973
9029
4634
10937
9020
8818
10454
10374
10112
5523
5642
4561
5272
9486
7910
1749
7384
9542
6148
8822
7035
1626
9047
3705
1493
8367
5279
10023
5280
7041
10424
6767
7043
3036
9055
9346
9939
10229
7881
2684
5540
10433
10385
10384
10405
10382
10381
9515
8398
9309
7937
8765
10250
8778
9711
7790
9766
9506
5295
9593
5684
2118
10135
6706
8964
7065
8214
9497
9909
8164
7711
4077
2581
3927
7955
8134
8064
8252
5305
5777
10096
10262
8839
6214
5308
3936
10259
9882
10340
10665
10338
2124
10086
3874
5313
9472
8949
4171
7087
8740
3095
8507
7976
9669
9719
3451
8524
7093
5320
10352
9203
8224
8581
10421
8563
3249
10039
6672
4516
8426
6848
5153
10307
10306
10073
10001
4541
8350
8291
5549
9975
10489
10339
6662
10818
7549
9505
8336
9337
6893
9890
10369
10059
8704
2121
10740
10523
6457
9425
7327
10280
10279
6854
3176
8161
7125
7051
607
7127
10322
5346
10601
7287
5749
6392
9875
8619
7502
6645
9868
5115
6422
3110
9403
8515
10256
10471
6266
10615
7518
5488
8753
9595
6518
5358
5157
8607
10569
8934
8530
10275
10009
5362
5204
10085
5222
10507
9650
10234
10233
7155
6341
5367
7747
7492
9165
5369
1447
10479
7497
3314
6446
10148
9368
10806
3788
8435
4961
10499
10214
9769
9559
5377
6630
10105
10642
10719
8692
5908
505
10349
9199
9996
2424
8034
1501
9348
8628
10948
10195
5386
10699
10763
6594
9341
8201
8623
8620
8385
10536
9663
10502
8616
4622
10751
7465
10179
10526
5395
250
8147
8635
5437
8600
5398
8049
9322
3085
2877
2627
5401
9639
9065
7692
10162
8406
10202
10241
9698
3178
5184
3604
8150
9324
10216
10159
8114
2919
5410
3911
10577
10529
4501
4039
5872
9995
10373
1821
7628
3556
8921
4924
10303
4993
5418
9675
10132
10766
5420
9293
1866
10379
5932
6317
9863
8566
10787
9824
5859
7421
1636
10118
8023
8392
8965
385
10595
6952
10593
6455
5431
9754
1487
4407
8551
10757
9419
4236
10754
10540
5436
10849
7174
9256
10506
7911
8720
5085
8540
10092
6348
7897
7927
10122
5443
1017
8465
6332
10051
3630
7318
8490
10235
10709
5448
10844
8867
7863
5917
4658
7641
9450
9757
9062
10835
5517
10067
9770
7935
9353
7425
4006
6510
10268
7621
1826
5459
9366
355
10055
7627
9889
10531
6910
7495
5937
8040
9644
9109
9268
10702
10394
9303
7364
2570
4728
8751
5899
9201
1659
9575
8954
6898
10033
9383
10196
8748
8777
2092
9638
4997
10404
8216
4332
5478
10022
9589
1159
9656
6820
5481
8860
7913
9269
10703
5576
9872
10493
4994
9175
7315
8779
10483
7317
10713
9170
7319
8463
10658
7857
5491
10139
7323
5787
10727
10655
7852
9160
10811
9991
9320
9929
5497
10681
8761
3787
8249
