16000
0
12555
2
15609
7138
15230
4356
14473
284
163
118
8
9
1999
12768
12490
1
9533
9984
1365
11
12
5308
8369
2440
13345
758
12558
1744
15075
12486
26
6470
579
25
9473
34
15718
524
24
6
27
1026
4429
2192
111
7960
7277
54
8923
14226
47
6162
14679
1456
10308
596
771
28
1385
36
15648
8786
2949
138
227
3492
357
14858
64
67
14252
1596
139
218
205
65
15983
14704
49
10068
9580
180
41
3700
247
8780
601
11224
61
73
2377
89
159
56
7037
91
90
1244
79
808
13817
62
2089
6758
2707
4
51
5284
95
107
457
4266
12552
406
2673
12678
53
12948
6305
376
14061
10088
3109
312
15487
136
5005
5904
13497
8236
13526
2910
15573
1076
70
5790
101
48
477
14570
15033
133
209
115
8628
4946
4525
15744
14586
10170
8620
137
11544
134
1181
1186
223
1484
15781
15940
12173
280
14080
482
105
1288
146
121
81
1958
2197
84
14284
7120
131
1340
13011
15964
149
4980
13923
722
151
9886
9827
760
167
2774
15631
316
12561
20
96
158
13842
3000
12435
13714
124
236
169
63
13609
3120
102
7720
12085
13594
10813
14506
12661
242
15399
696
14997
202
187
5294
179
7810
287
1698
10209
5576
15813
4986
2225
55
5271
197
173
135
1379
37
160
11646
114
1524
12233
6666
191
153
969
229
11291
1968
1237
15434
199
2508
1037
276
1279
8706
10905
207
395
5938
12985
231
127
19
14117
8382
1971
14366
2341
262
15847
254
141
5798
241
1348
188
6226
212
11954
3633
15276
1235
13140
15154
94
13141
265
1577
270
2443
220
171
186
15767
117
221
164
148
3358
15752
43
12913
14490
183
762
4595
264
661
6604
10861
4798
256
2410
145
6700
211
15216
113
13138
255
299
298
297
9569
2530
13707
2558
10957
10204
11243
279
235
14070
14415
234
282
14392
9913
11694
11521
143
323
314
12909
13808
12211
3072
4481
9154
2143
968
11365
5712
15819
7500
913
11198
13137
4660
12650
426
324
10388
12549
359
14543
10662
14398
6944
321
317
8430
216
12061
14790
613
2350
4187
13144
364
306
12991
206
4229
3960
4371
12820
2305
15574
374
305
1017
378
3379
2052
9113
237
5551
176
249
1506
1835
386
353
8676
190
1948
203
182
5907
13136
308
1162
13862
248
311
14270
5427
10554
9593
326
487
11462
9169
201
2147
10810
12202
213
11911
3900
332
271
245
12108
14976
367
15325
122
10773
356
14946
33
11144
13936
15807
5768
405
17
14227
261
6453
11070
14989
4966
5345
315
228
1364
6073
419
230
346
1149
9248
11731
11412
377
354
422
338
5901
10842
13184
6406
396
380
15663
7194
435
1060
555
1646
12729
157
3767
10188
14625
12890
480
4440
12917
217
14359
2756
423
5226
14897
7
399
333
14875
347
509
424
2835
8246
9057
10788
15207
13146
473
455
10374
3558
491
238
489
345
8400
408
15465
471
11478
174
6543
11512
483
436
1107
15016
502
224
365
449
825
13202
15265
100
537
7200
3423
6026
15676
966
1907
481
512
126
11031
8152
2237
503
526
12968
1333
397
464
13134
369
154
603
3496
9449
1306
10977
361
5077
322
2747
175
12001
260
556
447
551
1396
547
6554
289
258
11531
165
569
608
404
14550
563
5524
294
2780
685
336
15194
726
5845
198
13147
4080
544
371
1195
3290
431
10918
11423
46
493
476
283
11616
7301
12312
14373
9788
9342
7618
15610
13444
8833
13738
15736
474
4469
1666
723
531
437
533
1703
540
10572
6178
427
8268
467
597
8335
9738
11457
170
534
4552
595
614
5383
633
15892
318
624
433
13665
132
15919
546
644
647
587
490
10337
645
15448
14906
11229
2650
15005
339
616
10604
1183
609
1565
360
6459
12740
10708
82
564
4020
2157
453
2251
2148
656
649
2095
13748
655
9574
15936
583
517
14436
12756
11782
521
3268
363
13148
615
2058
13721
626
8889
14536
1611
1516
659
274
694
678
2473
8908
15968
707
9418
13486
559
266
714
514
3507
2588
11293
4776
14386
440
2593
1454
12498
2298
13997
196
366
594
13521
1558
532
1224
651
461
15486
1998
3329
4510
8707
497
370
4258
8663
74
12546
2078
1579
150
11792
1950
5511
7394
13216
10300
668
13132
2749
2360
382
6796
735
9948
8097
6746
8377
185
839
604
1461
702
703
573
766
472
14253
2030
11634
293
14486
734
13945
9224
13876
677
779
337
475
688
791
14728
776
7098
653
718
401
681
12096
12478
903
15788
605
86
2651
355
463
4748
13149
739
713
3798
215
14404
8437
2658
749
10750
6529
2852
7371
166
767
452
15825
7492
12373
4998
12014
430
7357
557
14583
129
12112
724
6451
742
1189
675
14441
1062
679
11894
9045
3180
2177
108
13680
2552
1501
731
795
783
3945
14228
8943
6300
15104
3906
1003
1856
415
505
15030
4140
799
6210
528
15688
854
1366
13431
585
857
390
773
10626
806
13826
13131
747
665
14674
709
593
2293
830
1919
717
4905
6310
9256
720
10608
14052
13315
881
285
5556
8675
877
680
807
12943
886
10976
582
13096
565
7521
982
611
296
823
8330
460
8632
14709
9180
7263
393
895
15576
5315
1426
1153
7298
15709
8616
9506
281
3787
872
5433
239
13607
13150
7093
674
780
442
12313
8082
8860
7226
815
2746
1859
634
931
869
8127
10354
15293
743
1275
9128
827
4026
11543
3642
12405
272
15225
719
627
12418
486
12530
2605
2358
488
820
10080
420
933
654
8084
2200
492
4040
831
896
14735
12270
901
9186
922
989
15362
177
335
887
1677
9132
500
8572
10434
755
12363
3490
14297
566
11155
3686
14773
485
15801
898
13546
602
10425
977
12997
1662
1013
15632
863
11986
13691
5800
5037
866
919
257
13785
98
978
2336
923
1002
6671
6324
994
11336
434
643
1005
417
663
697
443
1040
1187
1608
797
416
10639
1408
11012
4042
873
352
1053
454
12465
441
15649
8482
5275
625
13733
6262
13350
14158
8425
1918
715
15760
14308
14318
7191
619
1075
847
3331
13700
9364
2920
15318
83
1281
8224
9721
794
13185
13380
4839
1079
6213
470
983
313
2097
733
12763
3388
1023
568
947
1048
553
2014
13927
222
7533
741
15699
961
9536
10290
9126
6384
8746
530
960
5820
13384
2786
340
1114
986
15094
790
10142
4833
269
13359
728
2725
785
704
772
1094
875
10651
11666
1061
705
1130
761
991
14642
14721
1043
1103
2346
15409
5090
897
513
8855
3646
840
5602
906
398
14009
1039
8455
8792
757
837
1143
11560
878
781
13129
391
1127
15150
701
11768
14460
50
13991
1021
9094
14336
1947
14116
11828
4074
421
1034
1042
612
12179
450
6637
1120
598
1066
13753
15868
10825
801
902
1093
9803
9520
912
1544
916
637
13256
1018
15577
14888
987
458
1179
484
803
1035
610
13228
10157
8340
504
7430
14628
988
6767
253
1147
1095
1168
8142
617
516
618
12674
1657
1720
15611
13152
11209
3062
1161
1450
1027
632
1085
9626
12817
899
12659
501
6933
14426
1036
11362
1217
12006
14133
12798
10849
110
14285
538
570
14514
10053
1231
590
669
14469
1223
909
745
15287
542
639
13078
567
574
14229
700
14823
1193
7101
14446
2075
1390
15873
358
841
14352
1133
439
1491
14022
10461
6288
650
11032
10893
1259
286
451
1199
6316
9447
561
1270
586
14827
5910
10146
11452
981
3364
13565
195
10138
8078
1218
3516
1487
636
995
836
1119
9010
3593
1208
15987
10276
8953
381
14821
13774
1285
8290
14271
684
12269
1313
672
657
4785
8928
15863
3118
1263
4802
676
1070
1129
208
3343
15464
1239
6370
4955
1087
1350
400
682
660
15485
13558
8067
15932
1343
1138
14751
753
9897
5946
523
787
14981
2656
965
915
10417
1164
11201
12610
14941
9124
1360
11148
1327
1113
15379
4250
1046
277
15433
1145
1099
15972
12451
1339
8609
1157
13203
2648
2521
8544
10697
7272
1371
1016
13153
1956
3245
929
708
12430
1299
2536
13667
1069
1033
7328
1177
6840
15842
87
11013
824
1267
971
14819
1091
979
957
14661
12144
15305
1178
641
8192
6597
1354
5543
1960
1049
1322
12337
2002
1407
14482
721
12092
2577
10768
951
12502
9810
10398
710
11398
9674
9916
732
10002
4357
740
1154
2220
12780
1988
870
10612
14922
843
699
12022
1303
192
7667
1342
10729
494
11907
168
883
1674
893
1406
1286
38
746
1294
910
833
8088
226
14157
1184
259
9136
14254
10378
1344
147
1398
15578
12615
729
13441
1257
2499
706
1136
507
15346
1301
7161
1196
8440
9426
1337
304
889
15128
8197
1248
1499
975
1148
1182
14079
14380
1471
3876
1482
4424
11181
1402
13095
1171
5529
2276
967
7102
12520
15906
15081
1295
1573
3762
1462
621
1166
6336
8805
571
11090
3862
945
1226
12973
9526
782
1220
12925
469
11250
10410
15998
1546
14817
1349
2325
1424
13331
6762
5113
11162
11331
1370
13421
1430
12081
5842
793
1361
8423
1160
14653
10706
2779
956
12412
6172
3775
13154
4465
1134
10761
3418
14529
1766
9963
7090
1357
3484
11635
14036
805
646
13799
1291
1211
1469
1530
6378
1613
5046
810
15878
13489
4348
1083
1500
14580
15664
10567
7332
12246
892
2739
14862
14877
1247
6647
6724
1289
5240
11101
1359
12785
1174
4687
12210
1640
6964
11883
1534
907
9410
15831
992
9610
980
1081
15114
829
8190
10943
3738
10974
9266
12315
4618
10733
303
15447
13336
1251
974
1394
409
1233
3926
9783
13372
9377
845
9625
1440
1447
1649
14833
1888
1265
414
14410
1504
1031
1124
15027
1581
1271
1077
11717
11736
11722
4568
1609
879
851
9600
3403
1137
1503
3804
14915
13126
9592
12268
11974
1444
15398
5398
3175
15728
3301
1167
14060
599
13186
1679
792
140
1655
14742
984
1150
13605
12648
15719
2250
12441
1458
3883
15858
1304
2520
2511
3662
8109
348
2027
1316
5481
9234
1549
349
3725
1246
11241
6358
4893
1210
14815
5394
12042
964
880
1719
15249
2278
882
6678
1572
1420
5435
319
1328
891
14929
9498
12045
93
9753
2294
7473
1624
890
1526
1284
5330
1529
12352
4013
1111
894
1769
1663
1176
2819
3666
11542
5786
13155
1515
1699
600
11187
1201
15013
1690
1763
42
1619
9514
1780
2466
1715
4062
15579
5442
9156
1737
1615
383
12456
1439
1773
667
15677
13326
1165
7518
888
6084
1547
8392
1404
9746
13392
13728
917
1660
10723
12584
9240
7660
10955
307
1820
8892
1819
2158
963
291
1569
5546
1464
1219
11839
519
1623
5978
928
506
4265
1627
12897
1709
9349
1084
15633
692
1317
1307
9991
1845
7841
5578
12201
8942
15612
10150
1745
1258
939
5150
2523
6216
1255
2842
10735
13292
798
10134
15897
2478
1561
10678
12039
4056
1877
15388
14835
2354
8422
1727
13883
8262
1631
5138
952
425
11297
1108
8503
1791
5937
123
12149
13572
856
1397
13125
14760
9317
764
11892
7736
7089
1539
1604
1713
9138
6894
15795
1335
1839
251
1832
1205
5197
1638
1297
10444
1599
14156
12540
1068
6869
1423
13906
3476
858
11496
2015
671
1455
4496
976
1632
1140
3786
1641
652
1794
9336
1525
3640
8574
5512
5167
4362
15281
210
12160
1751
8025
819
15239
954
7233
14786
1770
1347
3353
1697
15915
1683
3529
1470
14813
479
9292
908
10017
1266
14132
832
1323
1232
2881
14
1775
9870
999
1574
1693
350
15484
13248
10555
1647
10125
860
15211
13156
2181
13682
3999
69
11981
1249
3475
7994
1312
1521
14451
8188
859
13910
1012
1309
1658
2584
11055
403
1015
13758
7139
2370
1782
1895
1212
5734
10592
784
1020
1460
3729
1250
14015
18
8952
15254
10081
4300
1970
92
9289
1949
1541
2001
1910
670
1029
12938
13551
4126
4349
958
1032
13902
1957
5802
14631
591
1392
1810
14518
5826
15650
156
9381
515
3381
1849
818
5352
9294
1389
8151
432
2011
5344
1044
1393
1045
9192
1395
814
1047
12718
12267
14994
1931
7488
15745
11852
13341
2034
1509
1805
1801
1860
1687
11808
1935
1008
14899
1409
11905
1536
3191
6204
2107
7536
14115
5668
10721
8010
3151
2012
10350
15580
15173
4110
14692
635
11379
44
13025
12862
1942
13954
4753
389
13407
1597
9769
2123
7587
1468
1073
13636
12231
6818
2051
429
14837
834
8386
2098
1078
1695
10226
2004
13077
2306
10237
7012
14771
1282
5877
1445
3195
1331
1982
1593
13279
2222
1731
1243
12036
3256
11382
4052
1508
4960
13709
1310
12790
2042
10737
6094
11503
9766
10365
4310
15883
1567
11261
1080
7047
1937
11310
6772
1834
2009
15928
2022
15463
330
1900
7104
2079
1418
2190
2982
7799
885
13782
8976
1790
4006
8636
7870
8407
3170
15169
1804
13466
1682
12573
1929
2092
387
11133
1551
4459
13640
5181
2458
15775
2574
15976
6716
511
1194
13669
448
1122
2032
1123
12814
2124
5376
1125
750
8559
14298
11805
2182
14811
6644
1694
2141
1507
10578
11749
14958
13272
3160
13865
193
1686
13632
4045
2096
15689
1987
11757
1010
10785
14272
2189
12600
8557
7206
666
2117
2153
545
2188
13204
3531
1752
15002
5158
13239
592
13368
200
1531
3822
8841
2798
2087
1973
14478
2159
14697
1441
11701
125
1616
6078
2209
1798
2135
1388
1334
1497
6447
11096
1495
11682
11137
3348
2239
9772
1378
1789
10898
1795
1872
1229
15753
1897
14367
1400
12952
11648
10657
3934
8465
934
5767
1917
822
2202
1172
3648
1173
3254
1980
58
2183
2422
1799
1512
13642
543
11415
109
2339
786
2205
1961
1772
2210
2332
1590
15853
2059
14286
1410
9286
2259
13123
2224
2348
3946
1188
914
1097
1566
2069
1432
2187
3956
1415
2295
13898
3274
8247
796
5785
1139
14155
4590
3165
6778
2133
99
2179
1230
937
1779
1802
7392
1202
1991
6493
7214
13630
8710
13321
13872
4399
2299
2113
11958
2045
1152
1209
2279
12843
2054
1817
1939
2037
2246
8542
1734
2024
2056
1823
8980
1216
2186
12506
1808
9297
2204
9001
1882
12120
1324
1221
6552
15181
1517
15097
4314
4155
11862
11172
811
15581
2355
1841
1637
2021
9054
2063
2437
2371
6926
14089
1478
14645
1381
2337
15234
13693
2351
6281
8760
15768
1676
14908
520
15782
13158
7633
14968
10212
2291
14864
2274
15165
3938
12436
1241
2453
12990
1050
8312
10719
1240
15737
689
10278
12266
756
1926
15107
2136
9609
4712
1661
240
2441
66
1254
2828
1473
13396
2198
1421
2071
1652
2129
13590
15613
552
1055
411
940
13438
3743
2668
2369
13644
8443
8308
11477
1321
13017
9206
1431
1158
2330
13974
1315
15710
11667
2364
2331
2896
11373
1762
2495
744
2249
11116
7461
809
1197
15408
1916
15432
1759
13534
2047
9982
14953
2608
9109
6070
2175
2439
1463
6904
1401
12470
11401
1927
14809
1848
2414
1600
1411
640
2897
1865
1290
2013
1755
1571
2519
2573
9858
11204
2404
1375
2551
11326
15259
1902
2586
2585
1874
1451
5185
13628
3091
106
14936
3186
1302
1880
2445
1556
14051
1864
12033
2344
15024
2028
2399
243
8661
2284
2357
817
15700
13122
14682
14232
2019
6910
12461
10954
7591
13052
9865
1725
14890
6822
4593
1757
1318
1886
9065
2362
1479
7370
11541
112
2596
3540
1146
496
15483
13492
8376
9318
1831
2639
4237
944
1771
751
12733
5468
2695
9808
1997
3570
2620
1742
3181
10090
14345
2722
15202
1781
3459
2139
1523
695
11745
2744
7581
7878
8345
2559
8314
10310
2090
1513
15446
15324
10942
2138
3933
763
13835
2309
1272
1203
5803
1702
2429
789
12846
9700
2053
2634
11675
852
3901
14564
508
116
14393
2162
1356
6428
8653
727
1811
15634
2311
8982
11461
1934
14465
2615
1362
11248
4701
2195
2612
11620
2048
1192
14131
2409
2431
996
1443
13858
955
1057
15991
1234
12537
3866
1535
407
4997
428
1374
446
2591
2286
13646
6390
1377
918
9171
2964
15053
2561
1380
15338
14374
1363
12803
1329
2322
15056
2329
1628
1847
558
2689
924
11388
1090
6371
1587
1025
926
8907
13918
2753
2303
1557
4760
2418
15582
15665
2624
2319
8970
11557
2356
2411
7678
14841
12154
2759
1054
2334
1105
11689
2287
2571
2203
2105
4114
2228
1873
2833
2137
14879
562
2682
2715
10161
2696
1586
6630
8457
7606
2743
4822
15837
2569
1673
1580
855
2532
13257
1355
4819
2216
8185
2595
12947
7174
13093
2654
2568
1268
14784
4308
1422
15050
5421
2811
10403
1944
3393
950
1964
8862
15185
2579
1428
15814
3205
1253
2927
12318
2684
2130
2382
2570
11786
11034
1721
2837
15361
2820
15059
2062
9888
13346
8055
1787
2729
2542
997
9532
1170
2834
15353
2772
2165
2366
2719
2498
2168
2023
1446
2809
14337
828
11046
2589
3813
3668
13218
1954
2111
2655
2709
2393
10357
13894
13475
80
2823
3536
9849
1854
15161
2463
8941
1813
3313
9046
13723
9102
2870
7432
10887
7866
8156
302
2636
5246
8781
12978
14807
527
9058
10688
990
1625
2861
864
13771
2180
2483
5272
14726
2218
10717
2231
1474
9246
2213
5038
9934
998
1477
2816
2923
2876
9990
2537
8565
1750
12209
456
1537
2690
2939
10668
2864
3840
2265
5338
1486
2428
2879
2475
1488
6334
7053
14416
3911
2076
14733
6812
5235
4270
11125
11434
12967
1653
10860
2582
14973
2395
2460
2960
1498
800
2549
6598
12828
13160
11370
15888
1502
4666
5257
2256
2407
12178
1436
2491
14749
8316
2638
2967
2301
1510
15808
5480
2836
10882
11732
2324
3008
2112
2270
6864
15275
13648
2607
2966
8419
2765
2720
344
1518
13524
2659
6126
10330
1252
14554
14456
15820
1427
2793
388
1829
9662
1296
1891
4079
1118
1527
13076
2670
5784
2999
812
1617
15462
2680
1912
4067
769
2984
14114
3583
14602
2943
438
2116
15062
10110
8406
2919
9462
2199
2436
12576
2292
2055
5862
2767
4730
2727
5724
2751
14608
1300
9392
2617
1588
14233
2933
15651
2261
2975
2736
2913
849
11169
9968
4635
1672
2925
13996
10057
11426
2333
1341
15678
2526
2049
2077
13671
8742
3067
75
9460
1106
12244
4768
12487
189
2646
14948
1564
9622
8141
2660
15583
6528
2911
10932
6011
13624
2080
10000
14028
2529
11988
3070
3093
9722
1538
334
1889
5268
9202
2101
13579
10798
1505
7002
8551
8204
2839
629
2851
13120
3349
2531
12646
1758
10562
884
10432
1967
1707
15010
15614
2754
12765
835
2723
8184
3016
1630
2621
2121
4729
10588
15761
1101
9282
15924
1913
930
2057
3918
15789
6676
14353
2506
12587
1684
3099
3932
1476
104
2669
2644
13563
2812
3361
1892
2674
2211
8817
6360
14599
7812
2277
8238
2127
2486
2799
2942
1610
292
15229
8968
1612
921
15397
3145
8671
15980
3007
4158
9329
5050
3061
15848
1429
5224
3461
3382
2898
2102
1621
3183
1622
5496
6757
10864
2714
4558
12865
7800
14611
2321
5497
1836
3875
1014
1629
11056
8895
752
6749
1305
927
4790
2450
204
11867
342
12517
9458
3182
867
2456
6858
3085
252
13740
3019
14656
1875
2847
3239
13161
7146
2465
2391
14677
7166
3841
3110
12319
3124
2553
3002
12595
1082
4985
3370
9301
1691
8269
1914
15482
71
5377
15044
2647
1977
8921
8500
2773
9092
11637
9466
12365
300
3250
3146
9078
2470
2215
3114
12483
14068
3135
2388
10397
6052
1665
2221
14059
1861
14405
2253
14805
14474
12057
5610
11343
10522
1671
5498
10605
161
8888
12264
3415
2233
2931
478
1946
2826
2170
10072
3127
2154
14758
3154
10333
1238
14769
737
9731
3184
2643
2741
3299
11556
15902
7620
2734
3167
2381
14866
13478
8094
1689
1448
2010
3122
2255
3199
1692
6050
3493
10224
3163
2831
953
3041
2108
14008
11301
2290
1115
15264
3059
2961
12107
3258
6445
2434
2667
2503
15317
8730
2944
3257
2915
29
13979
12192
2372
3215
2122
2698
9218
2528
9075
8852
4009
3249
1712
11976
2866
3230
2449
3472
3244
1896
15189
6146
10953
2387
13556
2678
15720
1851
2863
8752
11834
3588
7735
2522
3338
5056
3219
3334
2632
3017
15087
3174
3311
2671
1923
14596
1336
1903
15911
351
2565
2790
1664
15142
13601
8602
12495
2313
10186
1843
3392
12882
691
1871
7975
3336
15953
2091
1740
3365
2947
59
14287
3040
14130
15584
10197
949
3317
498
14707
1706
2115
3940
4571
7726
11196
10568
2838
7996
9344
3742
2687
8162
1753
12744
15387
3187
2916
2435
15949
3098
9926
1006
12655
14614
7977
3131
12413
3111
1098
13838
3439
1207
3447
15802
1803
11072
9456
3289
6479
2120
15292
2106
2988
6054
10841
2481
3310
4958
6825
3216
2363
3892
6165
12084
2484
1191
2959
3420
3819
3134
15345
2675
8183
3582
6985
2489
8950
2029
3482
3204
13935
1352
14740
2666
2379
1391
12933
2941
1989
3011
11333
11356
1788
14234
11901
15826
15635
13162
2905
2575
2323
690
14437
2762
8170
3212
3407
2889
3659
1560
3693
9686
15957
3292
11018
2872
1800
2448
13750
3192
2403
588
3471
2160
3409
2619
2708
3097
8599
12722
15117
1215
14845
3398
2005
5096
2072
2046
3539
3574
3366
11796
6541
3058
15021
3179
13990
9116
1816
3050
2423
2517
8302
14924
3532
1011
3034
1986
3547
3404
1822
2604
2735
2268
1606
2433
12916
4288
3044
606
1827
10620
13435
5944
1796
12510
1743
10442
10609
7650
14432
1717
3012
2417
2935
2318
8266
3384
3321
2784
1837
2155
15215
10702
3296
8712
11035
15690
15041
7246
1842
10916
3641
3600
2705
2353
4441
3557
1797
2884
3359
1533
11107
13230
15945
8458
4727
3667
13189
6032
1852
6048
3575
1532
3527
6248
3805
1542
13299
2894
15445
8380
9495
12070
14917
1376
3107
2611
3001
14088
15431
2494
8385
2711
876
5100
2694
3270
7479
862
2635
1601
10941
4264
2731
13652
14257
3354
11502
2792
2769
2320
11257
12354
3561
3024
13588
10280
2084
14782
12165
7252
2989
13118
3639
686
9851
5500
13024
15068
3013
518
14381
4446
3624
5072
3679
813
14901
3020
10533
14978
3281
4816
9500
2785
2572
1648
7209
3027
14803
1276
1893
2926
1930
2447
3591
1030
1993
3629
2103
3052
13495
13944
14442
8030
10318
1403
7829
246
14593
3677
2855
3025
3047
1368
3108
3533
1681
3051
7157
2163
10377
3761
9885
362
12143
128
5869
14152
13851
3324
3783
3373
1952
3344
2782
7468
14491
3581
2109
2613
15615
1938
7433
2480
2468
3636
14310
3075
3453
8070
2885
11776
7971
3781
3209
1489
15585
4676
2497
3537
1862
5146
9042
3266
10903
15100
6149
32
10812
2492
15961
3073
3224
3723
2903
4226
14329
2169
7577
4000
13051
3815
3103
2994
2991
3176
8845
14648
14617
2196
3401
6474
2850
8670
2918
1969
15304
3799
2380
1298
1785
12016
10456
6766
9535
2601
8397
6322
12218
172
1953
13790
3450
2267
8360
3198
13305
15286
4053
7552
9263
2986
3589
3326
3656
560
3818
4656
2856
1332
12972
2795
15461
2873
1204
2427
1345
2296
3351
1909
12613
1358
2900
16
3419
2761
3827
12452
1972
1925
2631
12904
11047
6826
5305
2482
1976
8652
2724
2066
10147
11668
11246
15666
3395
15206
11949
2378
15407
1004
3839
3842
10168
3609
15481
8182
3201
3774
3265
1756
10091
7914
3959
2527
3410
900
2406
2390
9003
9470
2996
2815
13351
8940
1995
2540
13219
4120
2663
2854
2726
5414
6141
384
3305
21
3845
3203
13293
11718
3339
2742
1711
6056
2787
985
14999
3211
5385
12920
8473
3417
2555
631
3756
3162
3452
3863
3077
5656
14113
7244
3796
4872
9542
3814
14427
10116
14881
8640
15941
6024
2625
1346
2282
754
13673
3744
1206
3188
3327
2955
2699
11442
3038
12782
3283
1634
15893
698
2273
7484
14637
8608
3967
3342
2031
15746
3282
3485
9677
3442
2469
3095
3867
6018
14235
4806
13041
2150
14991
2389
2035
7686
4003
14320
1685
3826
3997
3214
3360
9794
14931
6238
8252
5688
14847
3014
3519
14892
13448
630
11112
2733
12777
3592
6809
3884
12060
3671
13273
7108
5903
7140
3768
13280
3228
2649
3821
7350
5463
5444
10681
12442
2843
4726
12229
3464
2763
10158
3943
2043
15652
5276
2065
3481
4016
6150
3915
7670
1760
9664
15701
736
8737
3942
10809
3414
14561
3769
10821
7254
2074
10126
3263
1262
2564
15038
1867
3680
15711
12630
4055
4103
3924
3619
5849
13032
2082
7152
2083
3981
4082
1885
5805
2781
13654
3056
4127
10542
13360
2768
15193
12556
4028
4135
6589
6622
3625
3243
2093
14274
9567
3809
2471
1863
13091
2516
11638
2797
2653
5980
4024
5742
3437
12666
14014
3363
2603
4498
8017
3893
1667
4100
2807
535
3611
3714
12148
341
9701
13164
3164
11156
4735
3913
3871
9198
1979
9620
2415
15586
10523
1943
3495
10782
4579
3594
15110
3730
3585
15224
7501
4130
4010
2998
9304
3830
13755
3602
3979
2050
3824
1416
2125
5350
15071
14590
3039
7862
3261
7954
5333
1866
10897
12262
12133
60
11676
8622
3200
8044
14487
2610
11888
2064
5739
13016
1578
3759
14801
1955
15153
10646
8578
3441
6269
3702
10431
8300
2679
1387
15965
6046
4262
9572
2693
3919
3579
12208
4157
4634
9405
970
15995
3971
499
8988
2152
3501
9188
8926
14077
730
10777
1602
14868
3234
3236
1582
8155
2932
4148
3128
5395
2226
10509
2260
15920
3406
4239
13718
3030
14050
11702
14910
12855
6898
13618
3096
2891
3989
2524
13926
4133
1563
10205
3554
15843
4988
4043
1369
8447
1065
1951
3687
2176
14620
11713
10210
14461
2425
3487
4093
2114
328
11097
4112
8367
4234
7493
3923
9915
3665
2185
3042
15984
4124
3707
4292
4289
6250
15738
3998
4073
3644
3287
9922
15796
7746
6793
4217
5175
2513
13190
3628
12693
3515
11793
2712
13337
1825
10968
2118
8547
2515
5189
1059
9483
2146
4284
2554
6827
13116
11488
14368
15679
8050
3801
11418
2208
3428
4021
2099
4355
1941
11364
1459
13381
3029
2951
3089
2214
1898
3877
4370
3857
3614
3560
4385
2946
3630
3551
466
13861
8256
3332
1777
3935
3340
2917
12550
3559
1472
9278
2700
4191
15636
10593
385
4214
4367
6417
6732
2230
11220
15832
12562
13258
3921
3350
3402
13841
1678
2235
3770
15864
3617
4241
1007
9951
5534
3319
2266
12341
3733
12760
4139
10455
13686
14346
13704
4259
10640
6777
3084
4202
3604
3090
15776
13963
12868
4249
5502
10315
4344
7369
4327
4280
3079
14712
11650
11623
3010
15616
2269
15874
11036
2257
11826
4160
14544
4449
12772
3590
2451
4196
4109
2262
4023
15937
4437
3974
3545
3948
3021
12400
8022
3887
1983
1591
4513
4512
4511
3784
2890
6745
4364
4381
3852
4057
8484
15090
13886
2844
1726
5459
1555
13377
7242
14470
2904
4442
4206
2280
4224
3422
3144
8375
10386
3996
1511
4544
4930
2543
774
8479
7608
4068
4115
2288
11554
3868
14236
2681
539
8669
3828
2560
7046
9100
4458
3755
1915
9382
2867
1963
3675
2297
3623
4421
13984
4199
7836
4377
5202
4526
5622
14767
4334
11020
5782
14571
4862
10105
1644
15587
4549
11860
4222
2308
14338
3695
4359
2310
5066
4419
920
3597
9222
4271
11728
3325
15310
3371
2359
2995
2865
6693
5640
15007
12808
4407
6332
4575
2829
4487
7162
13875
4916
15480
2316
4463
1639
4725
2234
2326
4902
11225
3699
2328
13768
9832
394
12983
3064
15769
3731
15280
5638
3500
3909
2801
2652
3503
57
13577
1869
4318
11282
3355
1274
12242
4436
12091
12322
13816
2000
4520
1434
13813
3125
4405
1038
14422
3457
3303
12590
10686
3992
14747
2860
8041
3133
6687
3431
7109
1754
4524
9902
3912
3688
14780
4037
3741
2003
2538
4005
3929
4186
6735
3860
4679
1598
15035
2119
4411
9262
7575
3142
8528
152
3119
2600
4393
3316
3944
368
5641
7462
4119
1386
12653
2459
15018
9896
12261
1838
3954
10872
1041
5264
15396
35
4697
4483
15444
4106
3043
1490
15360
4996
4534
9830
12531
4888
5249
1314
4298
3177
4651
5086
4451
2026
7813
4600
4591
13266
14537
1966
3328
1592
4078
4144
3510
2840
2094
14300
8593
1651
15248
7774
13287
4478
3880
3708
13819
4272
5637
3197
9055
10408
4649
12376
4717
2576
9004
2327
15783
15460
10252
2060
4254
3101
15377
1449
15859
3851
4193
4734
3722
10294
7557
8012
14551
2217
4795
4438
4681
11962
4543
3627
14983
2661
3908
4682
8854
1562
3143
4145
9277
15074
2419
6502
14067
4755
12177
14756
4719
2373
10700
5232
3879
3721
3832
15352
3621
2912
11926
1618
8571
4293
4049
871
10111
2818
15969
3772
4307
3610
1522
10254
3895
716
4291
5490
2808
4705
4633
1269
11527
4936
3983
8906
15337
8208
10637
1071
4857
10368
4276
13074
14483
5920
13090
4426
15879
4707
4751
10422
4029
3620
13342
4117
13787
4044
10534
15430
7771
4843
4087
2285
4179
13432
3683
4657
3275
1905
4643
8830
2347
3474
3525
6828
12937
4375
4743
3939
14623
2972
4773
4610
11397
4122
13322
2302
12819
3524
4503
3139
8801
7822
3704
11928
5295
1776
4922
7896
8875
3782
9205
1413
15323
103
4263
4604
2777
8898
2477
9838
14058
1180
4799
2073
10248
4696
3357
1654
8832
1222
4607
290
9411
1656
3728
3076
5039
4174
3697
6638
5467
3829
4019
3222
2490
4454
4906
4180
10192
1086
11353
3380
9345
4885
12080
4940
2496
4589
4015
5916
14087
14112
2006
5636
3853
683
3891
1936
4273
5736
8517
15588
4007
3259
9306
3046
2455
1102
12746
5806
13822
3584
12153
1844
15253
9232
4709
7770
11446
11286
8081
1554
2086
12420
14128
4366
4141
4529
7917
13586
13807
11460
13953
1899
4201
1680
4835
2017
6695
628
4741
4987
3433
10758
4343
3458
4692
4347
9577
155
5123
821
2416
10360
3460
3850
10349
13498
2830
4576
3607
1320
4159
4864
3803
14938
14659
2825
13241
3306
4713
14690
10381
4101
14515
4274
4927
4904
2806
2934
4663
9474
4061
1940
5015
3060
15907
1911
4991
2902
11995
14394
15238
2493
15691
3965
5048
2041
4466
6138
4762
14354
10951
4841
2018
2384
2556
4296
3947
4878
4373
13114
4095
3413
2757
1857
3917
4699
4485
7316
4803
6718
5110
6522
11272
15386
12514
12228
4493
4759
6843
14724
9396
1765
15667
11086
13561
11708
5062
3654
4775
6222
7327
1626
11130
711
5043
5526
15721
4261
4506
309
4919
9538
14275
3443
2848
1110
3635
5085
2583
3445
15933
1227
15653
4038
12705
4219
2194
10246
14851
1453
4281
7638
2590
1643
7769
5133
12385
5053
11305
2504
3669
8826
5173
7778
13725
5170
15617
2397
2598
9980
5149
1728
3467
275
12582
4163
5169
3936
14640
5044
11553
4376
9988
1603
15149
5004
2142
4661
4769
2238
4059
10396
8545
4132
12393
2685
12977
468
3207
4801
9723
993
4620
4914
3587
2345
2791
2126
4569
6924
4715
12260
2665
4654
10844
5892
14311
777
4714
6990
3873
4538
11845
4341
8119
3978
13532
1063
11971
1131
4207
4786
4361
11182
13854
1670
10827
10258
4828
12544
9165
9038
14400
2454
4394
2899
2637
3132
13167
2622
12342
4238
9862
2783
2641
12000
4208
3552
5051
5159
8220
7542
5193
1319
14259
14870
14965
2312
3598
3691
4146
12568
14883
7528
4640
2976
9066
15762
2392
8668
12767
10092
4647
4840
5111
11932
12878
2937
3377
15730
4255
11790
4247
4541
4830
5089
2662
3386
3995
12462
3512
11990
13393
4625
15479
184
5220
4923
15637
8884
10372
2368
5142
4874
5176
1974
14388
15898
5221
4580
4814
2706
4721
1595
2676
5144
13825
2703
8087
1741
11517
3573
8260
5241
14149
4984
11185
8872
11037
9804
4559
3169
4455
13568
15103
4084
5095
68
2970
10304
13537
2315
4484
7768
13804
15032
11361
15406
4739
3387
3233
4982
4540
1607
15854
7182
3400
5332
9331
1009
8753
4909
14955
4386
10084
3831
14651
3605
5069
4560
5269
3859
13597
3601
15589
3626
4959
648
4213
5075
13930
3613
15210
5183
11589
3874
4325
9618
6321
14034
5342
278
11092
4836
13905
5054
9770
1287
11455
12966
9033
4619
11590
13356
5163
2745
4616
4189
4085
5041
5231
14738
3193
3898
5237
6738
6865
14020
5401
14584
4047
3568
14667
4855
13909
3278
4256
8038
12885
10634
4584
2335
10966
1650
4929
10440
4014
5836
14903
6004
13422
2868
12241
11340
10244
14700
8061
7082
5375
5644
4971
3752
5781
2983
13113
3196
4121
946
13995
1414
5299
119
15815
2044
3726
4403
4573
4771
7745
5351
4863
7222
2755
1121
15884
942
15258
11210
3155
2683
15077
3980
2691
3681
3812
1104
4297
3092
4125
13844
2764
7068
11592
5461
3580
1696
4746
4499
5017
4965
4431
9386
4887
5301
2771
6190
10342
911
8077
11886
10511
3171
2775
3189
8694
3904
3703
5058
2778
13554
9261
8460
11080
2738
4172
5291
3794
1921
5507
2243
4954
12946
10666
4518
2958
5324
8910
1858
8688
11176
5415
1236
5281
4920
3489
2424
5528
4378
5079
4240
15973
15790
4659
14530
2796
5832
5538
5537
5536
14626
11733
4097
3023
1292
15809
2241
4269
11126
4983
5387
5135
3083
4086
9422
7599
15916
4445
4578
5034
9014
3652
11470
11651
3990
3514
4374
6667
7192
3670
2810
4935
14238
9937
4565
5431
10792
4668
7886
14007
8580
14417
3890
2207
11188
2580
3991
15233
581
14970
5466
9133
2263
9005
2178
3504
10930
5347
842
4805
13168
11773
4994
12087
5242
9824
1675
2832
9890
15702
15988
5102
4921
13882
1890
9414
4708
5567
4895
9201
4890
5608
11290
13442
263
7269
14558
3479
5323
10356
12324
11323
6806
4938
3538
15459
15838
11022
4430
13008
6792
4787
1540
3889
4967
4963
7212
5071
7690
4505
14778
4567
2432
3807
7522
5288
4952
14076
30
3811
5374
5309
1906
3300
1064
15680
1109
7711
3565
2645
673
5156
2501
3405
5597
5141
214
5663
3094
5617
8324
15316
1830
15093
2587
9589
4978
5082
6060
15821
267
4749
2657
4313
5124
14289
2376
2877
5642
9855
9702
5579
1645
5493
5310
11953
4611
3843
2275
2883
12044
4894
2525
3847
3421
14919
12356
13948
2822
5603
2539
4623
5733
3710
11058
11429
15712
14853
1928
2893
15274
15127
7666
6373
14680
10414
5489
3651
5626
11433
12164
4204
78
15443
4780
2901
4514
3426
2365
14568
8782
13192
5160
4058
8590
4521
3488
10162
5462
2908
5542
5575
522
14127
5678
8634
5591
13073
1659
4369
15590
5499
5690
14996
4596
13542
5445
3555
2871
5003
3508
3649
5719
12816
1089
13801
972
14926
7040
12021
3502
9545
5436
5697
3105
4129
7306
4457
12432
3837
11552
14950
4486
4482
2444
5027
14406
4675
5439
3291
2172
10863
5561
3241
4677
4168
2349
8125
5057
12871
1198
5723
3543
4497
13112
6957
5769
12541
4642
5702
9874
15618
2383
14765
9502
10939
5239
5091
4081
5117
5854
5853
14148
9135
3302
3749
8056
10908
5530
2953
5286
5318
8508
9393
6662
12709
3473
7781
4096
5753
4004
4439
4622
5516
4039
5369
3028
12571
816
11596
9688
13300
15172
3844
6970
14519
6982
2067
3113
2968
244
11381
4731
4961
6080
3267
3238
5569
410
4956
11378
15015
4321
12170
1747
4951
8732
2977
5797
5796
2985
5819
14466
4609
5694
15929
2487
9667
7952
3672
5122
5840
1705
7933
6648
13897
3718
5618
10950
12528
6234
5381
2957
14111
5455
11985
12038
5457
392
10876
5766
4791
13742
5777
8178
5921
2300
7297
11526
13522
2616
4999
13612
4195
3376
4108
8296
5180
5589
5707
13784
13978
6426
2614
14382
15999
3608
5503
5908
14795
3347
3009
4432
12651
3486
9869
11316
4507
2008
4875
3456
15478
5010
12805
10262
11809
5864
4603
7830
15747
4757
5184
5265
5737
3448
5065
12662
4065
3806
5991
3369
5829
7276
13677
4870
15803
4324
13713
5492
10195
4645
5081
5684
4329
5632
14049
4851
15168
3663
14301
5830
10525
2420
11597
4606
3036
4859
4339
3764
7871
4230
11661
4527
12861
6021
6020
3864
5841
4547
14260
4425
11697
1545
3252
7022
15429
2144
6031
6029
11812
11384
5355
10698
5732
5384
11160
5549
3123
3780
14705
5959
5263
5687
4116
2272
13259
5094
5341
6266
5585
3586
5099
2740
15291
10220
13917
2758
12797
1901
5361
4382
9123
3692
5783
5186
12628
5934
5969
5661
5957
13294
5393
5846
1589
4372
15029
5494
3284
14276
6049
3159
3449
2981
5382
14988
9844
3905
12377
6062
3078
4105
5279
5605
12755
4002
9274
15180
1821
3618
9797
1159
5629
2240
5121
1732
14239
6044
15201
5596
9925
575
13737
3499
4495
5495
5791
97
4409
6618
7081
5912
8253
3465
5983
1475
4889
3385
10512
4354
11877
15004
6092
5714
3986
725
5939
1466
6002
4137
4849
3247
5979
7858
12642
13306
15849
4871
12325
1840
5717
1883
13221
12142
6017
4877
15654
7388
8013
8938
6977
3549
8811
15638
4099
3251
14912
1992
7141
12488
11487
295
5407
11038
13365
2721
5508
1311
13575
1096
1793
10144
10140
4464
7361
1764
15591
4169
5293
5519
4320
13864
5454
6161
3903
948
8249
6144
4700
10598
4761
3505
15263
6023
6441
5456
15739
8370
5229
8536
4477
11330
5651
3425
15395
14086
13429
5804
13111
2016
5763
3172
9357
5426
6147
4494
6001
5450
6243
15080
12216
4171
12240
7938
5559
5729
3015
2374
12971
2505
12198
5966
3785
712
6095
3952
6175
6174
15145
11266
14347
7204
14872
5417
2713
4662
11840
1264
10851
4489
3615
3897
13088
973
5300
15668
12892
3800
6263
623
3168
10674
3345
5967
15827
1978
6282
6203
12123
5884
12492
9028
8167
6139
8601
5147
14339
2956
4766
4400
15303
1520
6033
2906
3367
6236
3469
2545
4910
3217
6223
15164
5956
1277
3185
4185
15889
10326
10452
5465
4460
77
6291
1884
3190
1435
5191
12106
11938
4104
10401
2386
6254
2412
5592
6302
6347
1278
4302
5557
5940
4151
6199
3968
11787
4673
8604
3026
4492
444
6318
7368
5127
4598
5228
6379
13049
5092
5613
5030
13798
9966
5349
5704
3210
9260
10329
5139
15755
5741
6645
15134
6163
6022
5627
5513
7659
6135
2938
3149
14855
5616
6256
8276
11691
6756
5011
5155
10407
9446
3223
1768
14933
11626
15228
6290
3226
2581
6155
4695
14643
4305
3229
12408
13595
13170
5535
6359
3232
2223
15977
12762
5438
11372
13720
1024
4315
4624
1373
3698
10707
9582
3293
4383
14362
6014
5871
5514
3152
4989
13242
4689
13765
5320
4290
301
7519
14438
3711
2677
5843
6413
7125
6411
5809
6166
14369
2882
6091
10580
5225
5659
6137
1190
5252
5677
14433
1058
11358
6003
4548
1550
6030
2307
12443
1465
5835
5828
11551
2567
2461
8650
10323
15692
8820
1945
15184
1733
15376
3747
6047
10684
13193
4886
10203
5084
13893
6509
6259
4858
6365
10184
5545
2206
6187
1669
10264
2184
4205
5116
4025
2038
5247
12836
15285
5755
5363
5251
3751
11832
4182
7344
14675
5748
5409
13752
13251
5259
4931
4594
3288
7764
6109
8776
7175
12748
10429
4035
6548
5200
14945
5390
10063
15458
8100
2081
15619
4953
6108
10172
7783
4950
9696
6099
11475
7928
6311
12606
12467
4944
6083
6096
7803
4664
14885
3506
5076
6464
5373
3886
13547
4852
3309
6368
3541
9478
14126
6499
7867
12616
3116
6446
3638
3838
6339
6212
4815
5520
6572
5356
14541
12842
6501
12538
6385
5693
11421
12190
11251
6085
3323
5873
9787
5192
5649
3949
15359
5875
5115
4820
4777
5855
14312
6257
9273
5547
6348
3994
4443
5848
10093
7744
5473
4764
10112
22
5675
10352
5006
10332
6614
1283
5009
5482
14475
6051
12386
5914
14793
5943
2701
15592
5574
5827
6228
12176
12784
6343
3227
6153
4253
13934
2717
288
14548
13110
5863
7480
6437
12496
6006
13464
5653
4473
5872
3835
12677
3141
6255
1493
1984
11194
12833
5801
6309
5975
6455
1620
5735
4233
8313
14240
5329
9616
6578
3071
6369
6319
15477
2110
13467
7018
6521
8562
3335
5554
6527
2697
2413
2248
6131
6396
12911
12988
14776
11652
13921
6627
6169
2488
3378
12480
6239
620
6692
5106
11218
5411
15777
580
3383
5255
8326
6585
4319
935
9719
5419
5928
13072
11800
9864
7601
4433
9093
7562
3977
1112
6176
4566
5204
6350
3394
1485
5942
5581
3834
6588
8110
4248
6591
4509
13461
12032
11853
4333
4535
8526
4691
5354
10296
5726
4034
5070
12357
2859
8799
6880
13857
6510
15405
6112
6478
6102
13943
14428
6560
12132
12915
1688
12257
4883
15351
5662
5887
3337
4555
4210
4018
8402
6603
5695
15160
2128
6016
329
3856
5889
4563
11670
6740
12394
9561
5238
15797
5036
7879
12518
6079
5298
6461
7294
15442
5505
3430
5171
15770
2642
5403
4577
5371
10482
11973
4754
9802
7550
5484
5774
12845
3173
15903
11940
4299
4088
15722
6434
12982
4949
13171
13470
6295
10320
9243
2338
2375
2033
14261
4136
2950
6632
6042
10558
8048
3491
6669
6863
6945
2317
14290
11410
13333
10484
15925
402
6623
9162
13209
6069
10585
10480
5764
12010
7617
11390
5061
6621
13352
5674
6712
8762
5131
6734
10726
6691
5198
4621
3466
6839
6607
7080
4323
4882
6245
1959
4627
2750
11641
2314
2518
3271
6754
3295
8946
6929
6556
2716
9809
6684
3138
10732
3931
3235
6524
6628
10485
4586
7989
1260
7463
4448
14662
8994
14523
5541
5972
5977
10479
6769
9960
14110
7763
9184
5971
15106
8701
4089
11369
5587
9181
5965
13312
5654
11087
3086
4231
13878
3653
6171
5087
2804
3057
15026
5899
2672
10938
3087
4597
4669
2171
6915
4671
3304
8905
15336
5999
865
5510
6429
13401
13328
6889
8494
8093
6935
6375
10526
7045
4891
4683
4153
5270
14654
15096
4716
12018
5926
15309
6608
5400
10486
3518
3878
5631
2869
3520
6356
15681
2817
11493
3746
3523
15214
10451
6907
5713
10478
13834
6918
15912
11980
5905
6849
6848
3446
13022
6338
5370
6279
6579
3055
7048
2789
13087
15188
5779
642
11059
4943
5306
6173
5692
3221
12458
6008
5303
3657
12421
5994
3563
4848
5880
10724
6433
5256
4530
3976
3546
3684
3643
2886
6998
1144
14376
4772
3550
1308
14729
1879
13795
6626
14565
3870
4588
5023
7837
4423
13699
4268
15992
3881
6659
13664
6065
3202
6134
1575
6925
6314
6412
413
10833
6055
8595
6686
6107
3322
15731
6776
3567
14322
5643
13338
9588
2100
14331
6267
15784
6129
5954
3576
5582
4765
7017
14500
6563
9048
14026
14896
13473
7054
3779
3225
6801
6950
14980
3715
12789
5731
3451
10266
6719
13690
15083
6742
14496
7021
7020
2702
6121
1749
4379
4550
13566
9340
6782
8212
6815
11848
4102
6727
9272
6278
8851
4793
3595
5609
6896
1438
5418
4797
6770
12114
8042
7456
6093
7076
5412
12226
15703
2020
12621
5399
3740
11550
5406
5378
6444
10628
6943
6699
9425
8176
6819
15322
14763
5001
5397
5218
14905
8818
9945
5982
13781
3673
11296
6189
3616
5787
13361
13030
6167
6476
6956
445
11213
3037
788
12848
5560
2880
11228
5930
7149
14632
6705
10488
15012
4352
6799
12152
10885
4387
3955
9748
6595
6934
3631
3069
3632
6397
6652
4845
6469
3318
4847
2340
15844
4974
8733
10476
6113
5161
7065
4853
7160
3424
15833
7036
15655
2156
7095
13962
11081
6631
3645
15428
12903
2145
14241
5343
2997
9914
5839
1846
3650
7193
12069
8378
5619
2974
15620
10570
12427
7188
7187
343
14504
7006
5486
2845
12327
6993
6013
1151
4861
13172
11893
2088
14555
14448
4879
2442
7843
5152
12525
804
6763
6193
6285
4452
11797
9724
10198
4031
13455
4703
13757
178
5773
4246
7013
4837
7153
3771
6576
5348
13222
7145
14033
2776
11167
6317
6559
6927
5918
14302
12649
5919
6837
6465
4911
1163
3701
13608
3685
5813
15279
10438
14722
14492
14736
693
10132
4962
11325
8638
6655
5274
7115
1245
5669
14874
12955
6612
12476
3478
10489
10736
6277
2227
14791
6859
6694
7205
8680
1668
6755
7159
6418
4937
5555
4779
4939
7091
3705
6271
6739
5931
8717
7762
10363
4945
7154
2895
15713
6851
6855
7049
15205
5812
8726
5165
11685
2476
4644
7070
12827
72
10705
6353
15763
5362
11942
5601
4740
5243
5851
5598
4817
4918
7314
5595
3724
6759
15476
11118
6486
6284
6583
529
5423
3599
6340
5586
4017
3157
6731
6979
13957
9818
5600
10890
6805
4758
6847
5876
15894
6784
5963
5987
11025
15950
3739
4022
7343
7342
15954
3689
6143
11262
6783
5206
6954
4993
6722
759
4235
5995
6558
6068
15981
2405
6249
576
4215
8388
12769
4880
6533
1735
5599
11966
9595
7251
6983
310
9499
5211
3757
6991
15223
1739
3246
5013
11997
31
7302
5718
5948
12378
5645
3106
7027
6978
4532
12976
15669
7260
7064
2258
6681
4829
7249
3727
10811
4698
7359
13476
9643
6673
14462
6158
6041
4581
9480
130
14019
3018
3676
15870
2507
2737
9986
5709
5452
6425
13593
6674
13007
7106
7481
4030
5322
1412
6544
3789
5025
6059
1353
2229
2936
13108
14085
6132
3790
1807
14145
3033
15141
6587
9640
15594
12577
4303
3795
12888
8394
6075
9216
3970
4075
6969
4811
7228
4745
7331
6911
4562
3802
1881
15865
3049
7059
6344
6443
5670
6992
6901
11445
6103
3066
232
7685
142
7399
7286
6217
4574
15946
14670
10753
7094
5179
1774
10236
4912
3816
6689
6882
3272
10907
11784
4915
15958
3273
6039
7412
6810
6873
9518
9645
8794
6374
1708
3178
5101
9639
7177
7567
7124
5469
10720
3544
14508
15343
7511
7510
11366
6064
2710
3833
10762
7163
2954
5107
4257
14389
7224
8665
6823
8703
3660
7167
2512
5810
6980
7428
7578
7210
2914
5765
9524
7414
1809
7050
7221
3846
8550
7621
4342
3140
7136
3849
5960
5145
13048
7471
7014
4842
4316
7502
5929
13343
7009
14262
5282
6972
6994
5911
6526
4309
6808
6561
3308
7435
1351
6387
3734
6953
578
6899
5285
7239
7565
13552
9108
7442
5964
4071
2578
9646
9190
10738
4592
14401
7278
5807
5927
15875
2563
6811
6410
5424
6416
7683
2922
6235
7424
5539
4869
7559
6231
10086
7669
5989
13582
11249
6335
14488
5852
5825
4613
12345
10948
2452
13382
15055
88
15192
13426
10473
5172
7398
5128
5847
6752
3298
10190
10371
7761
10037
7759
7758
7757
11337
13452
7754
10338
15052
12936
7863
13014
3899
3045
2887
6308
4626
6733
11135
7288
6367
14048
14646
748
5858
3081
14194
6884
3907
7363
15123
5205
9420
7504
15247
6180
15394
12640
11835
7950
6771
10038
14195
4147
6567
5655
13275
11628
11957
3958
14191
14774
7615
9552
6653
7718
6342
6275
2550
3716
15058
2547
11875
5233
4933
1559
14471
6283
15001
6881
14196
775
5894
6685
8401
4175
13666
13972
7819
4152
3286
5245
14190
6816
14921
4515
14859
14242
10225
1748
12588
1117
6298
13210
9060
3104
7694
3497
8175
3333
7655
7692
4733
1213
7293
14006
12673
7579
11642
510
14197
15860
7267
11298
12965
5326
9681
7853
7168
4131
14606
5032
6779
5683
5933
7215
15049
3231
3957
10118
10123
1457
7787
4406
6057
7088
6791
15942
3470
2219
15441
5253
7695
7566
9898
9978
8319
6393
7439
6922
5422
1792
6351
8328
10065
10032
8054
7447
7808
14752
6403
10492
15962
5217
9901
13952
7598
6606
6551
6496
6463
13504
8592
418
7785
6218
1116
4336
14887
7195
7775
3961
15693
6407
3985
5761
7218
7864
3987
5317
11515
6867
6649
4990
7318
10040
14109
8118
9515
3791
9312
13850
5222
7728
15116
4582
7560
2664
9648
1828
15791
7656
5153
9570
12118
7949
14609
15252
7946
7945
15921
8032
5339
2039
9697
8502
14199
2191
6679
1325
15061
7721
3719
15748
14693
6550
7173
6419
4012
9936
8858
6097
14575
2474
15621
13282
6512
6427
7337
7478
14187
4685
7377
7887
13195
11698
7513
4826
12463
15640
5532
10094
7727
5140
7319
4690
15595
5565
4027
3542
9581
7499
13512
2686
5007
5130
7703
6251
7629
5447
4033
11944
14688
7882
7881
7486
8704
7922
6507
6802
7965
2692
7574
6503
15315
4794
6015
5389
14313
2930
5391
1483
14200
4928
13770
5744
6209
1855
10041
14928
4048
6852
12433
14340
6781
13708
6937
5214
6947
7847
6066
7564
11535
3397
11026
7713
12717
11240
8241
5727
14186
4639
4947
4252
7832
5195
7935
13252
5316
12658
15046
7237
10937
7957
8745
4941
13606
7820
7865
6076
9603
15086
7654
4051
4070
2800
7611
8282
4072
7418
7662
2343
5932
9152
4615
14278
14789
15816
6111
5437
7408
7797
14348
5924
15130
1868
9649
6034
6804
4637
4365
14144
7180
3435
7995
10030
7704
15880
4142
6201
15740
14914
6952
7776
13405
3150
4091
6534
11260
2728
7405
3432
14527
1100
14512
9928
14715
8104
7467
5898
15810
9790
11208
1767
14612
6940
5080
1962
9807
14962
6668
4670
14185
6400
5364
550
7637
7207
8893
12026
10545
10314
7934
3411
10471
4001
7537
4934
6854
6996
6170
6386
14635
3136
14597
11868
6646
7725
15237
3412
4118
13174
7929
5681
14056
6665
11109
7953
11127
2748
4123
5988
6191
9850
5527
10928
14698
13318
8040
4295
6536
15404
7374
3063
7937
1433
14124
7436
10515
7085
13681
584
15375
13390
8410
12472
7556
4964
6206
7920
14202
6636
8159
6850
4832
8292
15064
8105
15152
2396
11692
11524
7924
6942
10618
7729
7974
3869
7719
2061
11075
11164
4149
1052
2394
1818
8143
6794
6902
13268
4050
273
11747
14418
10677
2770
14184
9412
8548
2813
12945
7647
5583
13540
8069
8068
14985
3825
4162
6399
6939
7248
7839
7636
5267
8163
11759
2888
4167
8956
10836
14484
8219
3916
13525
7625
6853
4107
5563
7118
7425
7589
2385
7734
8255
8039
4783
5945
7185
3872
15656
7072
8007
5573
6553
6195
13449
9690
12015
8177
3773
9442
4184
2509
5151
7874
15682
7216
15938
8016
4188
12854
7303
3362
7619
10206
6081
11060
4192
7585
7235
5780
14203
2992
12205
10
12554
5134
5063
8085
14967
10234
8049
541
3930
4557
6253
5752
14407
2242
4203
15384
7186
15966
7273
3434
15099
15456
10858
8169
7497
7976
10537
6728
8201
1965
4211
7413
4212
8002
6320
10494
15855
6233
8214
5621
11704
13762
7732
7959
15043
6498
6329
938
8189
6817
4221
7403
13357
6504
15257
7241
7489
4553
7627
3902
6074
7524
4227
8090
4228
3
15822
4979
3035
8338
10449
5078
14243
5098
6788
7382
6725
7429
8231
7508
8539
9800
7823
10470
10703
7366
2752
8770
13860
1496
12329
4428
7913
7779
15756
5476
12395
11200
7912
6704
6468
6888
12560
8203
4823
10028
7900
2173
15427
2618
4251
7289
10113
8036
5671
10128
14562
13106
6383
3112
14204
8350
8349
8033
4641
5834
10781
4391
5799
8288
11068
5114
13307
6389
8046
15596
7948
4570
9940
7612
4517
7130
6401
5067
7114
5055
8853
4744
14263
2304
14594
3664
4583
8435
5491
5824
12551
7262
4275
8153
11629
9172
14012
8309
15273
12254
15358
8035
9587
6537
14074
13778
6883
5262
13988
6987
7423
7051
1722
3810
15839
3429
8307
9220
9651
10044
8495
6124
9313
8936
8525
5049
7525
8280
13692
15804
7179
2892
13085
7919
5307
6392
14761
4260
7148
7809
6879
7707
9115
6264
8387
3973
7422
14370
3374
2962
4304
8452
2485
8513
13929
5625
6487
2862
15723
7773
7790
13348
7189
250
6775
11432
8359
2132
5751
12580
5029
5552
12346
4516
7079
14952
12141
10826
5865
6205
8144
7362
6660
7628
7648
8625
15067
9768
8130
15908
14205
2606
6488
3389
15009
6650
8431
8213
14861
5886
10341
13668
10581
5366
11474
5685
3596
13722
8273
10270
14303
1594
4335
4542
7334
8196
12821
379
8740
11720
15985
3797
14323
13482
15109
8284
10755
7323
11413
14824
8379
9530
5935
8179
7451
6955
6043
8027
14181
5754
6959
10776
10495
8333
14826
7677
13496
76
4353
8164
8441
2398
8283
2500
5548
15996
6683
3962
15290
6860
8174
13070
8187
7698
7015
8149
9715
6215
4278
3396
8225
2921
13021
4412
3713
85
8471
6917
4368
10994
8587
7849
6720
6244
10993
15670
7247
3213
7676
9594
14898
4041
7415
3375
15704
7724
13840
5837
11827
9394
8321
4450
8748
14828
8147
6268
15622
7545
9765
10992
9985
5000
8612
8611
8610
7604
6581
2704
8546
6258
9720
11492
4390
4161
7151
7529
8403
2928
10045
10996
5859
14820
7888
8086
14332
6584
6703
7333
14206
8126
4326
4738
5867
2174
7880
2252
5031
6862
7339
7060
7099
8337
3737
1878
15899
8570
8569
15350
4408
13234
8619
3975
4410
8210
13789
7609
7354
4190
4413
8053
4414
9372
15302
15232
4416
7998
4417
6513
10163
5033
8043
4655
4420
2534
15885
8649
4422
3788
8538
1128
14180
8516
7184
2281
14935
7083
4427
11088
6179
14972
8416
905
13211
2283
9924
5909
14830
6664
12146
1990
7024
5913
7663
3577
8771
8512
2472
5917
4402
10990
7103
8131
9613
8581
7202
4046
8591
8395
8685
14084
4444
3808
8207
6472
5658
7708
4447
8491
9035
3341
6009
7750
12987
8467
14618
8124
6709
14516
14818
7096
7183
2546
7978
5941
15474
13908
6893
6506
8735
10998
959
10026
5177
6157
4461
8754
11791
8248
9682
219
8711
7961
8667
7517
13904
5360
6701
6965
8773
12444
8363
3444
4470
2980
4471
4723
5064
5976
11725
13604
8713
7107
11968
2557
14787
11320
7395
5633
14591
15732
7679
11258
5525
1746
14665
6420
5861
4992
8318
2149
15641
14356
8420
9380
13545
8074
8873
1730
13635
15934
11041
3848
7476
4340
6737
8304
6405
8150
8405
6968
8902
10078
7907
8822
7466
10528
8303
15020
13105
6105
10516
2533
4500
14108
4501
3161
15440
3264
8071
13520
8655
1280
8561
14832
15597
4599
8791
6616
14907
7742
8117
10046
5129
7733
15970
8454
4539
9040
8239
5949
8518
8365
12877
6082
4899
8617
8490
5606
13633
13564
8739
5014
8876
3280
8686
15778
4522
4468
9106
3240
8904
8903
8989
10468
11679
13446
8772
6246
5893
2201
8168
3963
7410
6938
6797
8509
8510
1975
7372
15714
8329
5772
6803
7595
15771
8524
4537
4244
7197
12454
8644
7062
8967
5312
12884
7899
8469
5888
7383
9774
8729
14572
8072
8226
8575
3637
14480
6963
8857
8856
7483
4401
14123
162
15070
8297
8948
8415
6071
7443
13641
6633
6833
15828
4556
3823
2446
10802
9631
4973
12981
6514
6625
6973
5648
5474
8696
8277
7986
11000
14208
8825
8824
846
4807
7307
6895
1001
8267
962
11902
11216
10005
11506
12857
6106
12781
8618
13416
5816
15335
15262
8137
13900
5372
5740
8501
607
6682
8798
8396
5997
7131
5199
6872
8929
4504
861
12253
11686
8434
6377
4585
8264
14279
4770
13557
6761
14025
3065
10586
554
3004
8775
8896
3100
7740
5720
8222
6125
14178
4066
8915
1812
13734
8573
8843
9009
7664
2924
12993
15850
5458
1718
15089
8924
4587
3068
9053
4667
14467
13176
7895
8842
12799
6304
8831
7401
9129
15284
9104
4358
8366
2597
8736
10216
6885
5660
6920
6711
14727
2802
6923
3513
8445
5540
4617
8534
6555
7268
7391
11838
8719
11226
6624
4474
14292
331
8839
6878
8624
8166
8480
8765
14947
8444
6941
577
15917
2541
8702
15148
9423
7256
14649
7674
4632
12776
8532
8900
7658
8613
12508
5483
14814
5611
12545
5922
13815
10744
11352
5209
8567
2402
9151
7232
14377
3517
8975
4197
7431
11630
8647
1870
7225
14032
6639
6197
4648
7105
8927
5821
4903
7973
12604
7641
8659
8281
8116
8468
9079
14638
9710
6651
14209
8954
7632
7798
4658
14458
8646
7340
12940
4898
8657
5860
7955
7623
15798
7941
6219
8096
5331
5434
8633
4236
9977
1126
7614
12224
8925
6345
15455
549
12196
6229
15037
8621
8816
14734
4674
13818
7833
2479
13244
9229
9228
9227
12807
9225
9203
7336
4680
10436
14889
3745
9142
9105
8064
13366
7588
2630
8598
3612
14434
14142
15393
3530
14177
3194
8749
2990
8052
4245
14264
1876
7580
7300
7470
8527
13853
7571
6456
3130
9654
12786
12416
3854
9143
6988
9305
7365
12468
8034
5789
8134
4702
8566
14621
9176
9175
8198
4614
4629
14439
7531
6909
5890
9630
15694
7535
10900
12591
4267
5479
8293
6713
5998
5635
9944
8011
5471
13485
3753
8373
9179
5885
2978
12485
14836
15657
9368
4720
1088
9365
9141
5118
15308
13006
5487
12931
2973
13261
8339
13881
9144
11861
1700
13645
14064
9029
11710
11523
4404
3914
6721
7549
11302
8678
8911
9249
3509
8261
9114
14588
3253
4737
13916
8800
5906
8979
2874
5818
6747
5047
7496
14863
7078
7962
8492
14413
7075
15785
7766
9291
12818
4747
8058
12638
13104
7071
6333
15321
15
11189
5759
9408
6337
8475
15598
15623
6354
6846
7840
6352
5708
7505
9209
8193
5097
9069
1135
7117
14812
14314
5125
9399
3982
9397
7329
13627
11948
7459
2948
6355
8451
9303
6357
13821
5108
9050
7613
9437
6361
5506
8171
13571
3836
9183
6743
8449
4867
9359
6475
10179
6824
10281
4098
14708
10048
8157
7748
5429
6058
14750
2688
14047
9170
8371
8421
11873
1894
13896
1736
12721
4774
8705
9015
14176
15764
4789
3483
13013
6844
7311
9158
13507
3820
6007
3569
14977
9452
9195
9000
14531
6729
7349
7622
6807
8206
13197
1022
4800
7639
11889
9383
11463
7389
7400
14998
4804
8237
8009
5715
12294
5425
9311
6200
8931
4301
9027
7390
9691
1072
14429
8372
4812
3208
7220
1242
8024
8556
7028
13398
13329
7030
10538
7944
11203
8957
3603
3793
9521
7834
5795
10946
7143
5386
9044
5996
7691
5571
11238
10498
4926
5143
4827
14720
15073
14878
15473
1904
12295
14018
13224
5002
8932
1714
5337
9082
9259
7980
7257
6227
5432
6449
7348
8327
4838
8920
7259
13982
3951
8123
14245
10870
9511
2909
5607
10984
15227
5018
4810
10288
12870
7792
8079
6494
7543
4724
7788
7956
6467
4287
8897
8470
6186
2131
7280
9043
15403
7856
9219
7320
15683
8554
11061
10466
14838
8291
2929
15426
4860
4166
4706
3054
12296
11458
12388
10622
15342
7100
12236
3855
15930
9551
9550
9549
12065
8274
7791
4434
15171
13806
14444
7795
8819
3248
4873
2352
11767
8357
8785
15890
4876
5900
14990
7287
12771
8257
12481
7284
8075
5936
9837
9485
6575
2036
13037
6989
4884
8836
8122
1814
9275
7290
8553
6868
13843
9508
9507
8827
11377
7586
6063
5664
5346
6861
11880
15974
14175
8230
9503
12252
6961
2438
9733
9089
14785
2628
9519
6214
8306
6012
6535
1853
14520
11672
8355
2535
11211
9477
11256
3732
9687
9062
14810
7631
4908
7073
9328
9576
11383
8788
7367
6549
9315
6540
11846
9964
7322
1019
6480
3494
7172
9754
9831
8743
9829
13824
8814
9021
8777
9740
13933
7875
13767
5756
7385
8766
12891
7804
4925
7624
13786
9683
10173
13942
10102
1642
14341
10196
4750
9427
10049
1920
13443
9008
9607
8165
5558
3498
13353
9182
8588
8160
7406
6582
5691
9077
9309
6438
8783
3260
9407
9406
4942
181
9063
2151
9314
3777
12168
8727
15179
7915
8883
12752
4948
5287
9525
8720
14055
15642
9388
9387
9047
6100
4491
14396
8354
7007
8861
9481
5947
5710
4957
3712
15167
9155
9599
6613
9085
9370
13589
7885
8698
11076
6715
2730
9764
8114
8393
12162
11119
8004
9215
9670
14212
12188
9354
9353
8684
8417
15034
11468
6566
1200
9118
6394
8677
9110
14122
7590
11788
9230
8993
13550
8092
3896
12497
4767
7137
9578
4981
3307
15671
6025
9813
7132
8361
9680
8863
9323
9695
11810
9791
9657
11611
10366
8211
5544
8026
7122
9883
1996
5992
7419
13710
14304
9434
2367
4995
6661
7253
12910
14141
7112
5897
8180
9374
9416
9296
4286
11005
10160
14073
7765
6424
12954
9987
7546
6036
4711
15989
9429
9283
9539
5008
12360
8015
9756
6519
8223
8121
8537
9602
5676
6948
7485
9489
7897
9347
9016
14107
6986
8877
14476
7760
4678
9537
14840
8301
9258
7448
4032
11631
7730
4011
9032
8767
8463
8589
8935
5026
9247
8795
8899
13920
13694
8047
5223
15383
15126
12049
8051
8577
6813
12113
5716
8606
3356
7553
7706
9781
8834
11533
6890
5327
3242
7031
1185
10465
9464
5448
8209
8560
6207
8332
7846
5208
10912
15741
4462
15439
6439
7964
9976
11171
10846
9973
9972
9971
9970
7931
9760
5052
6294
8107
8194
8424
2965
8847
6741
15834
9484
7835
3941
13623
10982
10004
7464
9815
9751
3776
10079
13803
3147
9911
1051
6077
11546
9893
6764
13235
9174
13717
9668
7872
2907
15017
7011
12300
14942
7607
14770
9632
12396
5073
9417
15006
120
11693
14808
11409
9919
9918
9917
8464
1826
14005
8939
8496
5261
14424
6098
9146
7421
14916
3572
14213
1452
5166
5449
2878
6104
9137
9299
5088
8960
11961
7420
10247
6546
10894
6221
12075
3156
8681
7530
6114
13892
11866
9882
9881
9120
10426
9168
8466
5504
8999
9998
7603
12410
8461
2040
8504
14280
12906
11804
14083
2592
15845
6523
9103
7304
7661
3074
7747
4397
8029
6005
15183
9853
14402
4728
5207
8442
12645
11344
9929
7893
9087
12020
9757
13870
8747
7487
14265
14324
8191
10009
5120
5105
8428
6829
5968
6208
6787
9828
14173
8108
5365
4519
14569
6152
8384
9905
9064
1887
10221
10229
15163
2963
15624
12918
5132
9056
9210
11334
7593
10560
9806
9805
5136
9749
7335
1067
11281
15454
5570
8808
6657
8813
10003
6654
12301
9527
8867
8837
13430
7092
9034
9786
9785
2609
9734
5475
11977
5925
9619
13488
6675
7821
8310
2342
11277
7266
15076
1585
9379
14246
15705
9767
8594
7353
9013
12380
9848
3455
9839
4694
10217
13046
9006
8259
8751
6119
5443
4913
13956
9750
10249
6242
10171
8254
10169
7308
12093
7753
10151
7568
8459
5357
10016
6485
8700
8986
10566
9795
5174
1519
8135
12332
7296
2070
12572
8336
14865
12434
9409
4907
8973
3480
15724
15092
5182
5705
9615
3438
13651
8763
7199
5657
9385
8299
8250
10832
11283
12964
4796
9703
5190
7592
10347
8018
9231
1850
10343
14900
10435
7270
14930
9298
15904
9428
10335
10500
6931
1214
13198
7838
10411
4415
15144
8323
8849
4868
14842
7434
9676
13672
6481
10145
14214
15792
15472
10130
10089
10178
10087
6921
9941
4183
9663
8974
5212
8947
9091
6610
15213
8234
12052
1481
15314
4173
4181
8240
9650
12174
8699
1824
7983
765
8951
7324
12815
13296
7450
12654
7516
9995
6599
4781
12519
10131
5227
2599
14333
5778
9413
9122
5230
11970
9241
10257
5040
8057
4686
8901
13703
194
7171
4850
12034
4684
15357
10680
10291
6194
8383
3005
8045
15112
8235
4605
4896
8866
10395
3535
13621
8462
9271
6611
14641
5515
2566
7997
14172
8944
10399
3706
9878
9335
6564
10313
8850
8217
8803
7005
5254
9583
11705
4646
9197
8411
9096
8499
9993
7570
6574
9036
9573
4332
8723
10074
5531
5951
9023
15600
10499
8829
15658
9563
14806
4650
8779
7452
4209
14384
9196
5460
8784
13102
9553
9714
13971
11110
8789
9726
7384
7033
8485
10033
12539
6736
5277
5588
7155
4164
15757
13
12156
7041
5698
9534
7583
10295
5283
3522
10289
3206
9153
10393
10392
10391
10390
10389
10319
1605
9590
14660
4330
8158
10387
9516
4665
9257
9927
3121
9131
14982
9445
7061
5296
9779
6398
8774
7128
6708
9959
7126
9962
8769
8059
3534
5302
5472
11132
8138
5304
9955
10945
589
9490
9070
3885
7077
6696
12766
10383
10346
12303
13800
9295
8724
9866
5986
12745
14140
15133
2853
10181
9119
6538
6380
4398
11416
15031
4138
5319
15926
11505
8112
7982
8515
9083
3003
9871
9705
7634
9457
5325
12902
9892
10504
10312
10311
5328
9822
15913
9337
5336
1552
10415
9242
5396
4178
13533
10104
14215
7113
10441
8639
9847
6404
5266
9989
5902
5722
8543
2945
11053
4232
10285
10284
14783
4917
10223
3562
8019
7066
13685
4792
9419
10384
10443
13578
11195
936
9629
8322
9358
11158
5280
8563
15978
10540
8683
10261
10260
9177
10299
8987
8278
7883
11357
9512
15187
10286
5359
13068
14627
6260
12694
10748
15715
9390
9845
8666
9969
10513
10239
10238
13319
13600
5367
2464
5368
11254
10202
8486
9300
9376
11473
6185
10073
9159
12922
6820
15871
5788
15866
10219
10218
8364
6325
9981
14171
9946
10259
10127
5380
8014
10874
7396
9356
10344
14542
11008
9333
1570
7142
12692
15159
8629
9479
8128
13653
12464
10240
9343
10565
13830
8089
9346
5392
10694
10584
375
10477
10183
10182
7780
15733
10029
10663
13440
10661
4866
14501
9792
15811
9762
6067
6482
14891
15222
13245
10166
5404
3606
14582
5883
15349
9204
10139
6292
15817
14844
14652
5093
6037
7346
13877
10574
7203
5757
5413
8586
7844
5667
10154
10418
8582
9454
8427
6821
7966
13924
13225
10136
5420
1548
4134
7229
15643
9974
11030
4456
7749
9051
5213
13308
14909
7687
10122
7930
10796
7626
14880
5857
5430
5673
3571
6518
15246
9269
10779
7245
12841
10108
8552
9562
5850
8969
8271
4490
15695
7936
9095
10490
12690
2514
10096
10095
12195
9252
10327
14524
9833
5580
10569
4824
5446
9591
10400
5747
10083
15204
10463
7796
15895
5024
5451
13856
11545
10067
7523
8523
9389
10071
10807
9214
14549
10544
10803
1228
11271
325
14357
3528
10159
10709
10059
5749
11687
10464
7317
5501
6313
9842
14493
2732
10548
10214
8265
12700
15392
9208
4528
7891
5470
2627
7295
10619
14691
9494
10027
10036
15425
7848
11752
4143
8488
6490
8216
874
5478
14804
10879
10025
10156
8481
9187
10148
7873
5981
10510
2271
9872
8933
10015
7868
14315
4389
10191
9716
5488
6116
13082
4328
13290
6914
10119
4311
9395
4472
15876
10394
7967
7512
10599
6240
15861
9994
10469
7238
15251
9704
5157
3758
4631
12796
10667
3262
12031
6515
12333
45
14505
6457
9147
7341
9543
8709
10845
3817
9443
8660
9727
10806
14063
4351
10175
10949
3277
9965
15625
7551
14170
11756
10243
850
10433
2849
5517
9956
5518
5234
10847
12526
11721
9459
10582
8835
7816
9947
5523
10256
6629
12688
10437
10632
15601
8642
8251
9938
9505
1256
8294
7739
14668
10926
15684
10924
10923
14696
10921
10920
12863
6422
9493
3690
10282
3416
7375
14106
9931
12944
12832
9497
7387
5572
8063
8654
13101
3255
8315
7814
9468
12250
10715
4976
5428
9509
10759
6164
8949
8744
10211
9101
5550
9072
14266
14686
5168
10340
5553
8992
6182
8985
7407
3894
9887
10997
6748
1382
8828
8362
12361
12586
10868
13420
11716
9024
5562
8356
12702
6542
10583
8353
10647
9671
15805
8514
5203
10766
11785
8347
9435
10730
13262
8344
9949
8429
9037
8341
12473
9856
10649
10880
8139
11748
13379
10419
5577
4094
10317
7644
10831
10830
14472
3720
10563
6620
12887
10307
3678
11083
5584
15402
9975
1225
2548
10889
8381
1384
10448
7723
10061
4508
15823
9826
12089
6710
6391
10960
5593
4243
10985
10801
15438
11069
13465
4809
9161
15672
8995
9812
9799
6511
12203
10543
8844
6224
10774
7355
10271
7789
5604
5216
5794
8983
14959
9798
9967
4154
14217
11205
7475
8286
8483
11015
9820
14748
15453
8718
9623
8498
5614
12636
11192
11091
13797
10164
3861
6136
13976
9777
8272
10406
10752
10751
14964
7240
14031
9942
9471
6656
5793
778
14281
9074
11066
6707
7503
9476
5628
2025
9254
4092
5630
7019
13468
11952
6156
1000
9953
13254
13555
9112
10505
3463
14867
8404
8882
9665
7330
4564
12992
7597
8564
2421
5188
10711
10710
3655
11168
8585
13491
9732
7527
7645
15772
7134
10975
6327
10933
15334
10056
8913
14937
1442
10693
10981
5652
10022
9251
9730
7916
1924
8342
9584
14169
10787
15301
3694
8215
11157
14305
8755
10676
13180
15289
10069
12450
9880
10687
8891
13387
10106
5665
13510
15779
14046
10155
15272
7756
10660
11231
4322
9843
9461
13005
5210
7563
9684
8521
11448
10979
6489
11222
8815
9678
10645
10644
1383
11871
6183
11217
9672
5680
5164
14768
8181
5682
7509
10877
10692
12980
10630
12445
6296
9661
11339
8531
6605
9245
15014
5689
10791
15236
3661
8487
6830
12417
10615
7877
10177
15256
6237
6241
9284
9644
6836
11165
7904
11163
1405
14725
10602
5700
5020
14509
6842
9935
9633
7129
7605
9920
8148
10143
9628
13459
10589
9011
8865
11933
1261
7993
10133
6273
7558
5711
5019
13833
7682
15028
10576
5725
6531
9612
8351
5634
2841
9326
8091
7352
10601
10944
8245
13502
3390
6601
9852
7255
6211
11129
11166
10991
9596
10121
9086
15951
10552
9307
11656
14995
9041
14072
1636
5730
15840
6188
7127
15881
10541
14701
7544
15105
6198
11232
11346
11089
5775
15856
10671
5738
10530
11374
12612
5219
5012
14378
7016
12307
7217
6151
2361
9957
10519
11389
8846
5833
11230
11367
6184
15955
8111
15993
9857
11288
10508
8627
11439
9465
6887
7671
5109
14218
9546
6562
495
13349
10497
3988
9541
5758
14566
11159
6462
5760
10250
8880
6753
11039
8066
8645
12812
9223
9398
14630
9912
9617
7569
4054
12222
10896
7482
9789
7693
5770
14082
14969
9235
11043
8522
12505
5647
9932
6984
3427
6154
5776
2602
11207
9778
10458
4546
10054
3372
15947
10816
8864
10031
10339
7001
10927
13746
11114
10961
10493
10268
14054
9669
10187
13772
9022
10439
10421
8450
13696
11153
10859
11253
5792
8693
8690
15602
11588
11587
11586
11585
11584
11583
11582
11581
11580
11579
11578
14248
11576
11575
11574
11573
11572
11571
11570
11569
14168
11567
11566
11565
11564
11563
13277
144
14781
10520
14556
6118
15095
10834
5811
10524
7426
5353
11525
3766
7279
14342
7825
10756
15659
4653
5817
11447
11085
9441
10454
7987
10929
13100
12754
10959
11711
3578
11295
3882
9319
6916
8738
9846
13045
10988
11279
10790
8438
8721
9424
10165
5509
8937
10193
10362
10577
3888
7023
8334
12455
6087
6159
10712
8759
7004
8756
8626
6900
12334
6905
10274
11504
1528
8635
2594
9403
9814
14120
7386
12706
10824
5823
8028
15959
11484
11483
11482
11481
11480
15922
9391
10873
7801
13456
9363
13598
7942
10324
6072
9367
7515
9773
10917
13764
15140
9453
10866
7811
1293
9375
7472
8519
2193
8965
15382
5868
11161
10055
6870
15765
7460
8637
10302
5866
9904
13946
5334
7921
6641
9759
11896
15003
11437
11436
11568
9355
7258
7309
10506
13657
13736
6835
9597
10115
8714
10823
10734
12783
11538
12617
11322
7087
9148
13474
10685
10970
10085
15373
3922
11539
9400
10058
14848
8658
15982
11405
11404
11403
14644
11190
11593
10137
638
14017
9324
5568
7857
8840
10253
9431
2254
3511
15320
13314
11139
11627
3032
6723
15644
14485
3368
15626
9360
13081
10230
11376
11375
15341
5
8389
8549
7057
5745
15799
10424
10760
9718
10573
10227
13928
2247
15943
5750
10287
11549
11095
3006
6643
8285
9736
7972
11695
11350
11349
7889
10306
11124
10940
1724
8879
10208
13371
2640
10527
9475
9276
10757
13437
8958
15786
7285
12078
3950
5923
7495
11328
11327
8623
13406
8643
11280
14987
1633
10380
9491
10624
9983
7911
10042
15307
10551
9081
2969
14739
11064
5808
11308
11307
3778
15706
6299
8787
7526
9923
10594
15283
9244
10207
13214
10701
10856
9455
6795
15829
13270
15082
11681
11501
11735
11199
3312
5950
8682
11519
9954
5952
10450
9903
5985
9130
10964
5955
10658
12372
9531
11467
11270
14167
9366
5340
11134
9641
8448
10475
13712
9819
9213
8603
7700
7315
14138
10829
5958
11197
11780
11438
11108
10245
5870
11740
14800
5970
11678
10120
7133
8810
11027
5973
11360
13027
11304
11237
11024
10749
3984
11223
11120
15470
13794
11154
9302
8991
7772
14949
9571
10911
4350
11831
11221
10098
9627
10915
10334
8412
9579
7979
2085
5148
9173
7786
4177
14718
11959
11555
11206
11400
525
10718
10082
11444
9666
7494
3792
8398
12130
9160
10446
3760
11193
11807
1056
6000
8001
9002
9467
9308
662
10066
13284
11351
4630
10361
4924
12309
9611
15742
15750
11073
10301
11299
7547
6010
6702
12161
11284
10051
5477
11348
13884
15231
7176
8600
4533
11817
10035
11815
8368
11813
5699
6019
7851
15963
3237
7219
1922
10460
10325
8031
868
11664
10376
11658
5215
11766
11141
11140
6038
6913
10404
9647
12708
10021
12602
11048
3682
9548
7705
11636
11128
6951
1981
14902
4475
10011
9659
5045
6640
8722
3330
10006
11117
10531
2007
11500
7250
6897
12738
8695
12011
10293
9088
6045
11106
11105
9921
11983
9992
12411
10840
11659
4756
9073
11803
11391
14882
11094
9076
6053
932
11003
11516
10597
459
14974
10614
11737
11084
11898
9067
15725
8555
11699
11654
2236
7274
11265
10331
10491
11465
14220
8132
15122
3674
15603
11234
6831
11449
12035
7807
11063
11798
8233
1543
9107
8674
10775
7715
9950
14706
8099
11402
11052
6436
12939
7292
14528
8477
5879
11598
11019
1729
11856
11042
13849
1932
12747
3564
7923
8146
11824
8113
11683
11033
8115
10152
10653
6117
6088
1156
9134
11393
9522
15452
15886
9747
11903
10445
11633
15424
8106
1514
12063
9012
13477
10114
8541
9910
15851
3153
14925
14918
9906
320
8195
11004
6293
11738
11335
3750
10174
548
8998
11917
15909
10995
11417
1155
11930
8145
9775
8242
12516
10789
6303
10986
13705
5313
9566
4897
10189
12866
10683
9658
15939
5771
6089
12362
14166
12894
13981
5984
13576
8161
10969
10269
14435
1985
6471
9868
9145
7393
11275
7714
13719
6101
13780
10814
11601
6600
9194
8962
6130
14676
14249
13330
10373
6814
6133
1141
11869
8728
11939
4090
11236
11179
15208
7457
8919
9351
7211
10345
10935
6115
8374
11999
6276
10405
4736
5686
9835
15900
14893
12291
13335
12289
12288
12287
12286
12285
15437
12283
15151
12281
12280
12279
12278
12277
12276
14282
12274
12282
12104
3166
15025
7958
14850
10904
7548
2400
9239
7178
13731
5162
11138
1417
11537
12680
6477
4384
8021
6331
14397
5962
9635
8930
11306
7097
6168
9796
11259
10233
8227
10881
11191
14440
5103
15696
12151
5201
11673
11729
11965
1738
11998
3622
11509
5624
8505
10590
11123
7540
12801
8615
6181
9891
14391
6981
11594
13676
13395
9451
11273
11269
10648
9624
10852
8878
15115
6785
6287
8506
11287
10642
12533
6594
6192
9758
9556
9279
12212
8868
10838
15716
13873
11858
10355
1175
10665
13494
12185
12184
15356
12182
15129
12180
6202
8530
11879
4969
12930
8885
10517
1553
8275
11829
10817
9287
10616
12622
10763
4380
5059
6148
15685
9939
11456
9961
6765
9725
11859
10804
11495
8838
8453
9207
14316
14430
15673
14004
10884
12121
6220
3858
14633
3352
13903
12139
12138
12137
12136
12135
6225
4150
10784
5187
10891
8821
14221
8305
10839
12181
6230
13182
11755
8934
8080
7123
8311
12131
7555
14468
7794
7305
14459
7453
10765
8317
14655
1326
10815
12326
7806
12311
12103
12102
12523
738
11017
7782
4216
8797
13585
6301
7469
12194
6247
4076
14798
1723
9999
11603
12235
1584
11837
10740
10467
11945
11268
6516
15391
4200
12239
11136
12074
12073
12072
11267
8778
10728
8894
3953
12323
9652
12101
12124
10722
5953
12383
5137
12459
4176
6265
10716
13859
7520
9642
11726
8764
6500
11285
12048
15967
12046
11647
11244
8687
1437
8757
11608
6274
8964
11975
10699
10135
10043
8955
3276
15548
12273
11303
8436
15547
3218
15549
12025
12199
12023
7854
5021
14165
10636
10275
7074
14119
11074
15546
2805
14365
10322
15550
8734
10853
9606
12297
4194
15627
10869
12003
12002
6286
4363
4710
10793
14779
10062
6297
14062
8343
12426
15545
4170
7673
7181
10579
6975
15551
8716
5615
12095
11982
1367
11387
6974
6306
7223
6307
12098
5882
10643
12439
5408
13297
8848
12191
7360
7905
14766
12351
11964
11963
2827
12347
9568
15544
11836
12041
9784
10627
15734
11359
3129
15758
4294
13450
9834
11245
11947
11946
1806
5522
8433
8887
11479
6326
9889
7231
10611
6328
7454
8439
3647
13303
14306
4317
12217
11929
13756
9193
11741
11514
8672
10559
8003
10039
10596
5035
10865
15543
5672
8289
8914
11914
11614
11669
11177
9528
10370
15553
15604
12407
5440
8859
10200
11769
6127
12603
10487
13035
12117
6349
10047
11314
7067
7939
11822
9513
5844
11414
6891
9510
10409
12484
11885
15011
11054
3736
10561
14403
7310
12449
7918
5260
12392
5196
11149
12389
8098
12469
13596
6364
14932
15542
10913
14911
10546
12447
13992
8298
10427
12711
10822
3865
11857
15554
1710
15660
8497
9558
5335
10199
11233
10532
2510
10931
8741
12227
11844
11843
8120
10983
9472
15645
6027
6381
11499
6382
11100
8511
14604
6431
12527
11830
3765
10358
11264
11178
13066
6388
11795
11714
4977
8229
8596
5878
11818
12605
11440
12695
15054
12601
1092
12599
8140
11115
8529
15541
536
15935
13098
5961
8533
8691
11150
8535
11819
13237
9438
9226
4008
15555
11794
9608
8966
10481
2562
12302
9708
6408
8909
15277
15348
9752
11783
4523
10472
12099
11690
12029
2264
10672
12206
15057
9694
15085
11772
11771
5831
12051
10167
12147
10459
15793
11294
6421
10925
14295
11761
11760
14372
7709
10739
11906
6717
10364
6128
9402
11996
10714
11750
8173
14546
13255
225
10919
11536
6432
8984
11051
1330
15540
11739
14268
12172
11931
12256
12431
10185
11781
11897
12513
14358
12511
11842
13201
11534
15556
11045
14081
10420
7213
11252
12012
11719
10416
9876
12647
8520
6448
6557
12169
11057
6450
14852
13941
9598
12581
13960
12368
8605
6454
15918
8607
13560
14164
12791
2623
2987
14425
9979
12881
4306
12424
6615
10769
12689
14071
9586
11311
14610
14746
10794
9698
12453
6466
12869
11680
7751
15226
14250
9321
8136
12932
12340
12247
10673
11671
4821
8631
2814
11950
12923
9713
1933
15835
5623
14010
8630
11779
9841
12914
4435
8881
8641
12271
1074
11653
8474
6483
6680
12594
15060
15557
3735
12474
15098
13417
7010
8651
2467
12934
6635
14755
9310
6491
12929
6492
12140
11763
7158
13505
15048
6495
12686
8399
12919
15986
10741
11657
13044
12959
13932
11425
4892
11619
12494
8507
8823
9755
7147
8446
9290
6505
12704
12293
7380
10767
14598
11319
13434
12578
9330
3548
11602
10655
9280
11712
11395
5974
11816
4396
3553
12367
4064
11152
9404
11899
5612
7325
12409
12713
11591
6520
10297
11956
8005
12429
6545
15538
3408
11599
11624
6525
8472
13839
11562
10689
10023
7817
11607
9444
8413
12128
9253
11430
12193
6532
3088
15558
7313
12331
12062
12127
9996
13291
11274
12608
8576
10633
3566
10899
12953
11703
7793
9689
11547
7404
9236
6160
12593
11934
3031
10909
11540
9717
12338
12731
12921
10857
14796
12727
6908
11532
904
12999
1419
7616
10862
11751
7539
14711
5464
11895
10242
9217
4722
14045
7630
11518
6142
10014
7086
10235
4036
12834
12374
11511
5416
10727
12064
13611
10228
6565
1908
12979
2626
9030
9656
15997
9384
12482
1372
15891
12856
10819
11214
12221
8358
6573
10934
15451
768
15537
8812
9189
7892
6577
13698
12770
4834
15846
6272
14613
372
12243
687
14647
10772
7455
11142
10535
4561
6751
4881
15559
4732
11663
8295
11380
11006
7737
10675
13895
11494
7716
10547
6592
9166
12245
12425
12384
8793
12664
5311
15971
11309
4652
12719
10176
14104
13513
11595
11884
7042
11443
11814
15063
8320
12623
14030
9150
10808
11743
13726
15199
7925
11520
13065
13064
13063
13062
13061
13060
13059
13058
13057
13056
13320
10153
3972
12984
6090
10747
7026
12215
2408
15045
12926
14871
13970
6619
11411
12737
4865
12899
10595
12838
11935
13880
3966
12825
5822
9121
7058
15605
10855
6430
9692
14053
2232
11049
7491
14671
11392
6497
12314
15536
7008
12839
11882
14163
3964
13145
4083
10713
10117
7347
13177
7743
13004
13003
14136
13001
13000
13103
12998
12336
9097
12547
6569
15560
11368
8715
5696
14595
23
15022
9268
6571
12570
11969
5564
9565
12348
6330
11530
9084
5895
8871
9281
6596
13157
10231
6602
13424
5896
9555
10892
15147
6730
8662
13055
12962
12961
13689
13283
12958
462
14553
10076
5703
2161
12220
10745
6593
12109
12290
10070
11855
5838
12759
10606
9529
10273
10007
11491
6672
6966
10010
465
10379
11317
10013
12344
8095
3920
13229
12928
12927
13236
10019
3391
6452
11453
12335
12230
8221
3320
12248
3117
12414
11300
2167
7696
13919
9614
12847
12543
14283
8656
15628
1480
6690
5126
11289
12901
12900
13243
12898
14326
15535
5402
13067
9025
14884
12548
11104
8202
15381
9164
9673
11765
5815
14992
14477
11872
4545
10914
11727
12507
11174
10101
12875
14450
14343
11263
15812
8258
15436
11312
10064
10867
11184
14730
10906
12105
13678
6362
13391
10001
15000
9059
10587
13166
11247
10316
12852
12851
15423
1716
11242
10501
13298
8961
4932
9564
11951
7852
12171
11723
8244
13536
11471
7755
13019
12419
9250
11122
15707
12830
12829
13187
6663
8432
13310
4077
9801
8977
10100
10731
12639
6750
14118
8981
5278
12249
11212
3022
11014
12811
12810
12809
13075
6960
12873
12701
7859
9958
11202
52
6744
15818
5566
622
13233
12186
12263
14616
12793
12792
13324
3521
11146
10564
10971
8102
12924
7968
7417
13034
12158
7951
12339
7227
15931
11924
12213
12775
12774
12773
12479
8750
6760
11173
15773
9930
6886
9017
13852
12698
9019
7947
15372
9840
14854
12758
12757
15066
6768
11645
15468
7378
13097
9339
5639
13418
12609
1425
6773
10978
8129
9338
15562
12741
12013
9908
11062
11145
8679
11472
13109
8768
6780
15170
8101
11424
9900
6871
13183
12726
13523
12908
6363
10828
11131
11764
10631
15042
13484
9007
6789
11609
7416
6790
14573
12739
12710
13250
5590
4825
8912
770
13175
9061
9709
2718
11113
11870
13663
4069
13327
12696
6800
9873
11847
8006
8076
14532
9071
12730
12509
12110
10503
4285
14777
12683
12682
13514
13375
1614
11833
9860
3696
13451
9557
9264
14251
8870
13777
12670
12669
1833
12743
15780
11082
13094
4488
5244
14162
11078
10999
11558
4554
12657
12656
8186
7379
13286
6658
2164
13499
7445
10267
12320
5388
11065
12423
12644
12643
11918
12125
2068
12067
12611
6798
6530
6832
11454
15533
7345
12632
12631
8037
14592
11394
11099
13207
12083
6838
12466
13559
11044
9816
12620
12619
11338
9811
4395
5990
15806
14521
6312
6845
8279
14379
9743
13761
12607
15563
8200
3556
8020
12895
12353
9771
7474
7230
12401
12597
12596
13634
9879
12159
10652
6856
4638
11987
13463
6877
4572
11186
12585
11011
5453
10292
13619
8806
327
13493
1467
13339
13332
7069
12574
6866
15646
10743
11021
9776
6962
13196
3925
11363
3993
14794
12563
9163
12684
11292
7992
13639
13788
9782
6110
6876
13334
12553
9320
14351
1994
11007
11978
13481
7657
13205
5856
7635
13376
12542
13656
11420
8023
13503
7717
14269
13128
13649
10967
14737
12532
15166
5379
10963
3937
11315
8270
9742
12975
13373
8790
12522
5594
11806
9737
15686
848
6841
8978
5083
14904
12879
12512
11677
11876
7701
5521
13133
6892
6903
4602
15300
12503
12071
2462
6906
13950
10936
8761
9211
5194
12437
15212
15532
4900
13247
9450
15697
4608
11655
15606
12446
2821
13584
8456
10075
11067
11529
10348
13378
7940
13567
8579
12475
11937
12043
4752
10878
13724
10385
10910
13891
12824
13425
8796
15564
11865
10263
12068
6928
5814
11967
5891
12457
13079
8062
1635
6932
12788
15661
13730
13975
9544
12448
1132
6196
12764
8103
10888
11613
5993
12491
11775
13683
6697
9255
9711
15726
4628
12627
8807
14225
15766
3928
6642
6946
7908
15340
6919
8697
9265
12883
12422
13089
9660
10629
12359
15867
2803
9605
8804
14317
4636
13367
9653
15824
8348
10109
14016
6958
12406
15905
5028
9139
12375
14694
9293
11604
2633
12398
12397
11143
2875
13716
7943
14764
12076
6967
12390
13569
11606
15288
12391
11709
13212
6971
664
12382
12381
10141
4331
15743
11972
12835
15872
6976
13124
10507
12477
13323
12989
11943
10097
12037
4846
15069
12134
6458
6857
12415
4277
11175
11909
7741
12358
14135
2794
13139
13655
10603
11640
11649
13887
12350
8758
13679
8390
15531
12742
11919
9325
12343
1815
9327
11923
7351
6395
6997
3754
15975
8243
13775
15250
7000
13793
10502
10797
3526
12328
7003
1576
11674
11662
10783
9341
15039
12321
10780
9125
14307
3220
15565
6936
12668
13264
4688
13199
8917
12864
12858
10770
15751
11936
12306
3717
7144
5250
13779
7828
11464
12826
13999
13301
13871
9361
12751
11324
9836
8945
12292
10034
8869
2430
7025
11706
12893
12404
12298
6086
12779
13231
7029
9373
9433
5746
14984
7356
13792
9098
10550
11510
15717
12272
13215
9167
13515
8065
13983
2857
7038
12265
13414
8584
12575
3297
5104
10298
6315
12258
12951
2979
7044
9316
15390
13263
15319
12251
10571
13715
12907
15862
13958
13622
13460
9523
11427
12126
15221
6617
9637
8391
12238
3315
7055
6414
7056
4704
11811
12232
13574
12629
12589
12028
12304
15400
9415
12225
15271
15450
7063
7777
12559
3269
13159
9421
10690
7710
13658
13002
12299
11639
13937
10980
9638
9496
13701
15008
13925
13458
13490
9492
8489
13616
10613
3399
14589
9488
11385
4718
9486
1028
15530
13820
7855
12086
11386
15162
11313
11715
13615
12187
12349
9604
10328
10149
10124
14039
12403
4113
12370
10656
13749
12237
12970
12175
15629
11347
14961
10650
13107
10107
13386
13573
5410
12197
9117
11355
15566
12163
4531
10641
8874
6949
13938
10638
12157
13874
7561
10635
13433
14856
13629
13670
13276
10251
14699
11371
11151
6774
15787
6177
11849
7665
6930
13791
11490
11219
12500
9440
10670
4742
12806
13964
13638
9436
7116
8540
12579
7842
14658
9432
15877
6415
9430
6874
10682
12122
12569
3436
13562
11577
11451
4312
4111
9501
10600
5701
13931
8478
12111
13385
11407
12066
13039
5060
6875
13313
10591
12969
13687
6435
13501
12100
7135
10194
15914
10848
12598
2289
14920
2212
7985
8476
2166
12275
6688
14103
14873
14101
14100
14099
14098
14097
14096
14095
14094
14093
14092
14091
8597
4972
14035
12956
7150
15306
12515
4831
9285
13340
14161
4345
15800
13009
10557
13610
8346
9401
12665
14956
13369
13802
13603
9378
13901
12056
10742
14966
12440
5762
14159
12837
7164
13487
7165
13029
8133
7969
12493
4778
15355
6484
15896
4418
15255
8673
15529
14044
15467
14042
14041
14040
14174
14716
14037
1273
12030
14560
10669
2426
10799
10402
13743
10521
15841
11235
13223
13344
8008
9348
13469
15990
12941
8426
10778
3658
15019
15186
13776
6460
6508
12009
9685
1142
15927
5743
10843
12004
6409
14003
14498
14001
14000
14349
13998
1786
7196
5314
7990
11994
7043
11010
13949
3927
13071
11989
9504
12714
14153
9322
10805
11984
12725
844
9867
10483
15607
13453
13143
5706
7208
6323
11329
12635
13969
13968
15101
13966
13965
4808
12889
9352
14927
4225
13980
14792
11724
13084
12088
6440
11960
7610
11399
9052
10462
3115
11955
8583
6366
3346
10795
1583
12949
12874
13940
13939
14201
14139
7190
4818
7600
13812
8414
14502
8263
10901
14011
12366
12054
13208
10850
4156
7234
13165
12059
14622
7236
13316
10621
2846
10052
13914
13913
13912
13911
4392
11922
6698
11707
15072
7243
10428
14454
13142
11121
6677
15735
11913
10423
9157
13179
14002
14299
11908
15143
11941
13890
13889
13888
3748
12027
268
10871
12676
13599
7039
14267
8708
12995
4502
13480
8325
9679
12583
12960
11890
7261
572
13869
13868
13867
13866
7264
5119
15857
12369
12795
14075
13587
1568
15528
10786
10835
14666
10575
9761
7271
13404
15435
15036
13848
13847
13846
40
7275
14244
12697
12996
11863
10623
9018
8228
14390
4763
9707
15282
6442
4854
7282
11854
13829
13828
13827
4856
11850
12330
14639
14499
5620
10625
15568
9212
14294
4165
12679
11841
7291
5405
13961
13811
13810
13809
12200
6372
14207
658
10353
9729
13447
6634
9200
4338
7299
12402
13915
2104
14189
10518
14387
14065
14222
11820
12794
1704
11239
9741
6580
12912
14363
8997
10336
13289
9267
4220
10553
13413
14375
14559
7312
2544
14371
943
14013
8648
10973
9178
9332
11799
4467
12831
7981
4282
12712
13760
13759
13508
7321
12150
9763
14193
11476
13620
11001
14494
13023
10539
7326
6122
12823
13745
14913
13220
12685
11778
10305
3053
14481
13544
11774
9693
13527
8886
13010
11770
14023
14526
13729
3294
12053
10952
14775
14744
11009
11762
12234
8232
4198
15830
11758
9895
14255
14291
13031
11754
10232
9288
14600
9793
14027
15422
9675
10279
13083
11746
10283
13702
14143
2940
11742
7653
8218
10272
13238
14146
12994
4360
12501
12316
11734
14038
15647
14513
13119
11730
13855
7283
10746
13050
12536
14886
9099
1338
7364
5289
13675
13674
15759
4788
9823
7281
6670
11916
4784
1783
15527
12166
12387
13047
13662
13661
7373
2244
14634
13409
14567
5297
13754
14629
9039
7446
5721
13650
14741
7444
11406
13026
7381
14619
12005
15882
13311
14732
10549
3440
14231
13637
11688
7034
7338
5485
14723
11684
8725
10222
12058
2858
15569
13626
13625
13832
4476
14029
9859
9080
11093
9621
10213
12564
7397
4970
13614
13613
13389
3082
14411
11665
11102
14408
7402
14364
13511
6999
14319
13602
14328
6346
9875
11851
11111
14552
9559
4453
7409
3285
13592
13591
7411
2788
13766
6289
13043
8000
7689
11643
13127
2134
13581
13580
9585
10024
15347
14211
14309
15132
10180
1169
13763
11632
13570
14489
13711
10369
14288
8922
12521
11522
11625
11513
7427
8689
14534
13814
7111
14431
9907
11618
11147
9909
5178
4782
14846
13549
13548
6590
6402
5679
14102
13412
7927
14615
10725
6586
14399
13538
7440
11825
7441
10617
11600
9817
12255
14090
12489
13529
13528
13206
10351
14321
14335
7376
11077
13947
7449
3462
13519
13518
13040
7963
11821
4968
11180
9706
15111
1701
14445
13509
13744
5915
9943
9547
7458
10457
12681
12094
11605
13500
14759
12524
12024
13408
8971
8996
13959
11612
7465
3158
14147
13054
9334
11489
5650
8990
13265
11992
9517
15260
13695
14517
9221
373
6609
13364
15675
5273
13688
11548
15979
13471
15526
11435
13295
13796
14024
12119
12750
2971
14687
13462
14685
13178
14683
8972
14681
9448
14256
14538
13454
14414
13706
1761
8154
11528
14539
5533
7490
7684
13445
12305
13038
10704
8918
12050
11991
12097
13117
12371
13436
4242
5728
9997
15630
12734
15662
6714
10962
13428
13427
11508
11561
9540
11255
15608
12007
9712
13899
13419
7506
13012
11103
412
11498
10060
8409
10496
14503
13410
14198
12019
13659
7784
11559
14802
7514
13403
13402
4844
10050
11485
11276
5321
8083
11696
13831
13394
12534
6120
4218
9026
15708
4063
14605
802
14603
5016
14601
7752
14702
10129
13173
10754
11227
13837
11466
10947
2629
8916
13955
13885
14021
5874
13370
5022
14464
10764
14129
10883
5441
14150
13363
13362
7538
10020
13987
15380
10018
9237
7541
14839
13354
13374
14719
10895
14834
10012
7498
13028
13347
7554
10321
10008
12317
11900
12079
1494
13967
14673
9439
14344
10359
8890
14547
11497
14545
14672
11927
6517
15449
9068
13907
10077
11422
3969
14923
4536
11419
14105
14192
14574
14043
7507
13317
5042
12460
4601
14507
12860
14713
11098
14963
13309
12614
7984
11354
9371
14940
941
10659
13302
7572
15135
11345
2140
14960
3468
12310
14957
7576
6061
14954
9884
15124
14951
14497
13288
15466
11700
13863
14066
7582
13249
15312
15113
7584
12055
6834
4612
15687
14224
12529
13274
9369
8060
15525
11912
9952
9191
9854
13267
10382
11874
5358
14578
7594
15091
13543
13260
7596
12155
13099
10854
14452
233
13399
13253
14457
11016
14455
15852
7602
5068
13823
13246
15040
9933
11408
13278
12223
6035
13240
4672
11023
15209
13697
12957
10771
12880
13727
5074
15571
8493
15200
13773
13684
13227
13226
6423
12207
9140
9238
15191
11332
14237
14421
12259
14419
13994
14799
3048
15182
13213
3910
11660
9149
12950
13783
13530
14731
14714
12040
13617
8802
7201
14986
4346
13200
6028
14975
14664
9825
14979
12667
13194
12724
9894
10696
11878
14182
826
15047
1492
14385
15794
11459
8731
7640
10375
13181
6145
7642
3477
14825
13191
4551
14822
13747
8205
7646
14420
13383
9482
13169
2952
12749
12428
10412
10201
7651
13163
15371
2760
7121
9362
14355
11278
15146
9575
11881
15698
11486
2502
13400
13151
11744
7861
9861
4813
10215
7170
13271
14409
5646
8073
13517
7884
12129
14525
14636
7649
13631
14710
7668
5112
14327
12167
14325
7119
11507
14894
7672
14831
12364
1778
14121
8568
7675
925
13121
7156
12625
12183
10367
4279
13439
13115
7680
10241
6376
9090
12804
6232
14857
4388
15157
14230
7652
12687
9049
15119
14383
4901
7688
14533
14829
11450
13281
10309
10255
11904
14443
7198
13092
1784
15332
13217
14663
14216
3709
13086
7697
11215
14273
10265
7699
4975
15923
6252
13647
10664
7702
6726
14943
4128
14788
11753
14939
8963
15524
13069
9634
10277
10453
14511
12849
14069
14134
12986
12850
12974
14247
7901
14876
3314
13989
3634
11823
11802
13053
14160
11428
11644
12284
15952
13269
14678
7437
6341
14717
12355
7722
13042
13516
9780
13397
11910
14223
13836
13036
12082
10303
11396
14395
11170
14479
39
15572
14522
7731
5154
14762
14078
15125
12399
14944
13751
14535
13020
9199
12379
14453
11318
7738
13015
13415
4479
9185
11621
13033
14669
14557
15078
11615
12626
9270
4223
13769
10536
14334
10430
15079
6140
15374
5290
14179
8664
13479
10474
15367
13732
9744
8614
15948
11920
14849
7084
11079
9350
9739
3102
15084
853
8199
12116
9699
15354
15956
12634
11979
12844
15102
7477
14624
15235
13483
13805
12872
14895
15887
15326
13531
13188
9863
11183
15266
12963
15313
9821
11441
7532
14137
13325
6280
14576
12214
11321
10654
15401
12565
15469
12566
14563
9728
12308
11469
9745
13553
13986
12707
13423
10514
9463
15203
14540
12935
12499
11341
15131
15523
15522
15521
15520
15519
15518
15517
15516
15515
15514
15513
15512
15511
15510
15509
15508
15507
15506
15505
15504
15503
15502
15501
15500
15499
15498
15497
15496
15495
15494
15493
15492
15491
15490
15489
15488
14650
12905
7805
2401
14577
13879
12735
14258
13973
7035
14057
10413
6270
14703
14210
12624
10607
10958
6123
10691
14684
15190
7815
13130
12886
3126
14495
6706
7818
13232
15593
11040
14772
3137
11887
10922
12876
10987
15158
9655
7824
13985
15378
9877
7826
6261
7827
12867
11028
6040
14579
7970
15727
15570
13135
13304
10695
4060
14695
4283
12535
7534
10447
4693
12853
15294
9020
15421
15420
15419
15418
15417
15416
15415
15414
15413
15412
15411
15410
7032
12840
3454
7845
8558
14188
11002
13951
6473
6912
14293
11617
13457
7850
3763
11777
14657
13993
14350
15333
11029
12567
5236
12822
13660
14423
14816
7438
10556
14296
11431
11789
3279
7860
12813
13977
14449
10099
12189
15088
15944
15369
15368
15639
15366
15365
15364
15363
9601
10972
12800
7869
15475
15278
10875
13539
3148
9031
5248
10965
6786
15599
11622
12859
13541
7876
12787
14745
15960
11801
15552
14971
10956
14843
12896
15774
9233
12778
13411
15389
15331
15330
15329
15328
15327
15534
14125
15311
5258
15901
8352
5666
15178
7890
14360
14587
14277
7909
12761
12145
15910
7894
1399
13535
8331
15051
14585
8172
12753
7898
6995
14219
13355
15299
15298
15836
15296
15295
15674
7903
5881
15344
14743
11925
15561
7906
14154
14330
7573
12736
10610
11864
9735
7910
12732
15471
14689
14860
2766
12728
7802
12663
11891
15270
15269
15268
15267
15539
15297
12720
10902
12671
13358
12691
12716
12115
12675
9469
12219
13583
7712
14581
7643
11342
7265
7926
14797
14183
14757
14753
15244
15243
15242
15241
15240
10103
14361
7932
8959
8692
4480
15754
12802
14463
3080
13845
12699
14993
7681
10679
5292
12703
6539
12017
12504
15220
15219
15218
15217
9111
2824
14754
4337
15108
14510
15994
12715
11921
7169
12672
7110
13739
11610
15385
15065
14412
12723
15245
15198
15197
15196
15195
13018
13922
12660
10529
12077
11071
2245
13643
7767
15575
14151
9636
12652
13080
9554
9487
2993
15567
15177
15176
15175
15174
13388
10837
9560
14607
12641
13506
12557
14869
838
12637
12090
11050
15370
12942
12633
11915
12471
15729
15156
15155
10800
8418
8809
6570
15339
13735
10820
9899
6547
10818
15023
15261
14934
12618
7831
12047
15139
15138
15137
15136
8408
9127
12204
13285
2457
7988
7358
13472
7902
15457
10989
7991
15869
8287
10886
15121
15120
15749
15118
11993
12438
13741
12008
14447
7052
6568
12592
7999
