3000
35
450
2073
2516
2887
2010
1841
1
1195
1856
1573
1872
2675
0
5
14
235
174
2861
2076
2503
506
1873
892
83
316
673
1664
2956
126
1361
160
2614
1922
285
1752
1223
18
19
212
10
1978
2849
100
36
2100
21
1884
1283
1186
61
45
2407
198
413
28
49
53
9
1686
2307
616
25
1178
2700
59
2036
1090
1191
236
1597
67
2825
1962
56
338
463
114
1622
65
2857
278
54
41
2003
102
1741
1784
39
43
2081
51
2499
32
1938
196
1307
1542
76
2222
2023
1812
69
95
1813
86
20
89
1007
87
1285
2088
2014
718
33
2856
74
2114
104
109
30
2770
2760
1460
2500
111
2978
124
1993
123
31
119
2669
80
1710
101
1593
1386
2885
97
58
2836
2074
216
2221
136
48
145
1383
502
293
1228
135
1808
1830
1818
2590
1012
105
127
26
158
84
2812
2631
24
60
1822
38
528
1870
139
2709
161
2786
702
1603
2914
2136
156
647
131
2041
686
110
426
103
2776
2485
2002
1501
134
2899
96
2488
171
77
64
1838
538
113
1708
2842
2742
189
630
1393
155
46
202
2408
756
1479
398
2080
1668
467
744
152
2062
2143
2580
219
2970
603
1226
957
2764
88
2040
190
115
2419
125
377
268
1527
137
525
222
82
121
649
211
1912
204
365
1258
1992
2930
153
167
2984
227
865
272
138
1134
281
154
775
1862
2305
239
194
132
841
2324
1881
738
341
270
2731
1778
1645
229
1847
672
92
244
238
71
243
2442
2607
142
237
736
2587
2212
2461
1750
1969
90
2117
70
2643
2204
681
289
2891
140
1864
253
2512
203
1421
1494
2821
1990
192
412
6
269
148
172
2863
260
2250
1306
2728
518
273
2626
2242
2226
217
282
187
1270
280
322
559
2816
885
1900
635
188
2325
2858
91
157
2969
382
1467
315
2625
344
2765
347
246
292
939
2782
1760
266
583
1454
169
2872
2603
180
120
1010
1851
170
893
1380
186
2888
2418
970
1559
205
373
1660
2971
224
195
241
2055
247
300
183
250
1026
1726
2734
1795
201
144
2572
182
2462
191
1420
2321
2034
106
2046
112
353
2329
395
2233
1876
359
1414
248
466
2158
1598
2289
206
2796
311
256
379
368
405
2763
165
2944
2942
1681
397
1865
954
264
1522
8
215
118
371
419
326
234
2428
342
2620
314
1880
2649
732
2855
1758
321
2444
2473
424
701
1692
2254
2696
1837
380
1571
1654
1560
434
383
307
2604
231
255
1490
284
2398
1655
287
313
425
294
2
2738
355
2781
2284
15
471
2227
279
2493
1366
1815
476
416
423
1705
2560
72
418
1199
2302
458
2702
2283
514
1796
399
333
788
1897
335
2420
252
168
1154
1183
494
370
2616
350
303
409
1936
208
443
1950
389
2082
485
29
312
482
1698
66
564
2365
283
479
265
2179
444
1820
511
2697
2920
159
470
2870
339
2449
475
2238
232
1580
2788
807
509
492
1066
2333
276
332
1802
441
2026
480
184
2707
477
98
1570
445
487
2112
2924
558
474
309
213
2965
286
524
2992
415
2806
384
574
1767
290
1109
2460
530
1502
401
654
436
567
1761
1028
2401
560
356
297
589
298
210
385
1235
489
200
301
1911
403
2713
1060
579
304
973
407
2876
306
569
1318
11
55
1145
658
2455
34
789
576
1505
456
257
539
2475
52
562
828
1744
593
817
7
493
2884
596
1022
2611
427
141
608
464
550
491
2470
2627
324
2188
2350
2593
1612
2278
565
2737
1844
402
527
230
561
1545
1076
629
1002
2402
864
659
1596
447
2352
23
336
1281
2610
549
754
1850
541
453
340
2877
664
1871
438
2712
2194
1123
666
1697
1782
572
998
2122
2016
573
2794
1885
689
2835
2448
2993
720
422
1436
636
2844
223
707
473
2042
1786
671
1625
357
2991
2624
94
1480
2381
1678
481
1078
1651
497
2893
2052
2692
122
662
2800
2975
2968
440
651
2425
1554
1616
369
512
577
390
433
108
1842
408
1214
2217
1780
2137
703
2337
1928
632
731
2411
378
648
755
2331
607
566
495
2103
209
758
1954
2251
1018
486
1788
1159
1882
2636
2208
665
2214
614
519
2295
742
2650
2766
1387
2142
13
1320
2647
669
652
751
899
1038
2262
2948
2577
2850
93
639
643
2972
1906
163
2441
619
537
392
726
764
2938
804
688
2202
2721
1608
713
886
2362
1092
225
797
1973
585
809
699
945
2314
2717
414
2376
317
2875
791
2292
604
2953
2454
146
1470
2963
420
2949
1672
1423
833
472
655
177
824
1717
1450
2714
2326
853
831
1890
1098
743
2506
674
529
780
345
2017
432
2937
1824
1863
2020
2518
1720
830
1292
358
872
2801
685
1405
668
429
179
2069
2902
851
2840
2328
964
510
711
849
879
2997
446
1541
535
857
448
226
81
2732
819
741
2090
267
863
79
22
605
2780
826
761
2579
2688
854
1282
1785
1768
2605
16
613
460
2266
615
850
462
516
2762
185
767
706
601
621
2390
2400
683
2933
1276
166
469
1167
2722
1878
884
2131
536
2472
860
729
2698
1345
882
2019
782
2906
483
2907
2612
944
929
2035
730
2484
1268
2125
869
2341
747
1513
1966
151
806
2987
375
584
2282
2218
1552
2405
859
2881
1046
719
947
787
771
2361
753
2175
950
1700
1086
1899
1548
943
748
723
164
346
799
1411
667
650
1128
1623
919
638
503
2955
271
328
2720
2059
1902
965
911
677
2132
501
904
2207
714
2889
991
2947
958
1516
1314
411
47
896
773
2939
2058
866
2196
1551
2784
2426
1000
1888
520
2878
1033
835
522
930
1054
2586
1014
2977
749
2110
2120
762
1043
150
2584
705
995
507
994
2609
1025
1061
914
670
2854
2507
972
2740
937
277
781
774
971
645
1634
361
1063
2630
540
2389
2028
1375
1019
959
1804
1636
2306
274
1942
2999
917
776
1079
388
2994
766
1039
2556
2562
983
130
2913
1102
2385
875
1683
2680
908
1055
2529
556
891
1035
2687
1984
545
2228
1731
989
228
1860
1121
2990
843
1111
752
363
2113
975
2445
1408
221
1064
1059
2182
526
1097
687
570
218
1119
915
386
1115
1105
1082
1188
396
1798
2339
623
455
1508
2403
319
2813
628
2163
790
176
1107
698
2950
777
117
2676
1069
2025
1132
2539
586
1800
1342
2931
873
548
1322
2497
1290
1091
591
1915
832
2421
977
1049
1216
793
2482
1699
1179
765
597
1158
1394
868
599
2936
1104
2769
979
2391
2356
1155
905
1142
2822
4
1968
334
606
2533
1015
700
1624
2985
1196
1771
1742
1341
611
259
612
1953
2644
1735
1024
2521
1143
1459
2672
846
617
2905
568
1117
1023
1866
1034
2908
2752
2815
147
459
1948
50
1732
1127
1048
1510
337
769
708
2235
1137
78
1232
2681
1126
1629
1147
902
1016
661
199
722
1139
263
1244
2459
981
1124
1250
2275
2694
1976
1239
1259
633
457
641
575
2236
867
1261
73
725
2777
1101
2679
1958
1238
1416
2621
1030
1262
1418
724
1146
1208
735
1723
1532
2476
653
2495
1566
1005
1131
1273
1240
1592
1221
1298
1774
461
1114
393
2628
1653
578
1050
1257
1245
2802
2668
2160
912
1301
2832
1217
1067
1001
692
1319
660
712
2502
2558
2874
1151
993
934
1088
1364
381
1274
2006
521
1797
676
1680
1656
2423
678
1295
2798
504
680
1275
1047
1255
682
417
1329
1072
1367
330
877
2431
1702
2021
960
1374
2258
1308
1333
2457
690
2673
2102
318
1077
1832
627
1632
1152
855
1362
2723
696
598
1996
2967
1164
366
2130
933
2152
792
1169
2615
1422
1172
1136
818
1638
1652
909
2053
1312
1404
1277
1372
1347
1396
1415
2671
710
644
421
2883
2118
517
1175
531
1399
953
2372
1509
1738
889
717
2623
815
1401
1419
1363
1229
1325
721
1156
2568
1148
1085
1118
1379
795
1326
2862
927
484
1429
836
2322
291
1219
1657
1442
1378
1369
2651
2068
2701
2374
1377
1252
821
1303
1346
949
2646
1293
2510
2664
1130
739
2161
1037
296
1231
1740
1032
430
1279
861
1042
496
1243
1914
1327
1402
967
997
1594
2973
1722
1198
750
451
2690
2083
1003
2517
840
951
988
1073
1463
1444
320
814
1493
2538
1356
75
2086
1286
760
391
1215
2773
2268
1017
2866
2347
2946
2342
1300
2940
1517
845
1487
1430
768
1921
2546
1406
364
2534
1410
763
772
1846
1160
295
1344
1528
2156
12
1331
646
1166
1354
2834
600
779
2867
894
1041
1485
1558
1536
1171
1427
1272
1412
555
785
2759
786
1309
984
1543
1388
1428
941
2151
2108
362
2566
2921
2190
57
2504
757
1515
1461
1439
1749
796
1389
1511
543
798
532
1249
2923
800
2332
801
1074
802
1565
1205
783
1449
900
805
1725
1075
1462
1297
1385
695
2230
1403
2743
810
1081
2018
1149
812
2613
2344
2007
515
1397
1567
1157
1100
881
99
737
1489
2048
901
546
2828
1577
1595
1409
822
1643
1242
1313
1584
1302
2686
2779
1135
207
827
1129
2146
1263
2508
452
1648
2386
1390
554
2312
1930
1583
2772
1168
1113
1253
1845
1287
2296
1475
2127
1474
360
1635
2531
1507
1649
2180
1278
1433
2432
1696
1125
85
733
1667
2959
1451
1499
1311
2395
848
262
837
1995
1284
133
1591
2660
852
1676
2234
2191
1707
2805
2358
986
1609
2013
1434
1068
858
1336
2240
544
1658
1355
813
1713
2270
128
2440
2843
1161
1986
816
999
2368
454
1518
1181
1413
992
2860
2871
870
727
305
1395
2682
2168
1310
2761
513
308
890
17
1736
1619
1371
2943
2206
439
1539
2995
2210
1633
1637
2951
1733
505
2596
2410
1703
1920
887
2364
996
987
1727
740
1269
1965
1334
1506
2316
631
1337
594
245
2865
2464
2037
1469
2308
1071
1981
1533
2237
897
1197
823
374
1775
2795
2608
2989
1639
1234
1112
1004
1647
602
2960
1330
1358
2935
906
1472
907
2892
1211
1176
2286
1213
910
2829
1523
2710
1810
1546
1251
2545
1709
129
1144
2077
1574
258
1787
2471
918
1225
1296
1500
920
372
1382
2785
624
1478
923
2851
2958
2733
925
1929
302
883
1691
618
928
2592
1535
582
1728
728
931
745
932
1163
2674
1693
1781
116
935
2379
936
874
1791
2416
1564
465
1674
626
940
1140
1569
376
2868
1706
1790
693
1829
811
1753
1690
2378
1659
2392
2810
948
1265
842
251
1869
2338
1765
2595
1879
437
1894
1568
921
1763
955
2467
1855
2281
622
1561
1889
1861
1859
2468
1052
2569
1585
1819
1604
2177
1445
404
1716
1247
1739
2319
1456
2637
1495
431
968
553
1834
1675
1206
1013
2670
1555
1497
1793
1529
1153
1689
2525
1695
1553
746
924
1792
2981
1868
1932
1719
1801
1743
2726
2890
1833
592
716
1895
1110
1575
2382
1576
913
1644
1184
588
1317
1941
27
1925
2735
1466
1806
1919
2853
1685
2597
1665
1826
1887
542
1907
1755
1662
1917
1457
1628
1849
1200
1599
1931
1924
149
1335
2633
42
2917
697
1926
1970
3
1839
2239
1614
1611
1343
637
1008
478
1009
856
1349
1903
1011
1901
1530
1426
1182
2791
2000
1531
1823
2808
2656
406
1526
1357
663
1783
1809
808
1020
2574
1840
2527
1704
1080
1254
1712
1557
1464
1994
2964
1579
2051
1027
1935
1910
2397
1029
1934
2666
2404
1547
1294
1563
2178
1913
288
2980
1816
2548
1381
1036
829
1481
2927
1893
2173
2366
1521
1040
178
1203
2803
1620
2916
2067
2170
1209
1352
1045
1908
679
1006
2093
704
1827
240
2029
2078
1324
2320
1051
1316
1754
2657
1762
2641
691
1776
2087
327
2982
1174
2047
2043
1058
2126
1991
242
2005
534
1989
2897
1062
1177
2634
2436
2123
1299
1065
2797
1701
2054
1779
68
1852
2490
1979
193
1486
2873
1875
2066
2162
770
1789
1534
1977
1985
1053
1189
1376
2101
2116
2790
2092
197
1997
1280
709
1368
1031
2928
1446
2585
2724
1679
2045
1582
2039
2775
1718
2099
1087
1350
490
2600
2826
694
1540
2064
2057
2693
214
1504
2264
557
2009
533
410
2304
1835
2164
2134
1858
1987
2565
2079
2961
1939
2369
1971
734
1967
878
1103
2918
1794
880
2205
275
1940
2553
2115
1477
1108
1267
2446
1448
1817
1538
2111
1892
1805
916
2632
1626
2038
2133
1943
2819
1116
1646
1980
2818
1512
351
966
2186
634
2704
1715
2976
2662
2032
2201
2075
2124
220
1688
2219
1687
1803
2223
2705
1974
1185
1694
2166
1256
2954
2172
2095
1807
862
2024
2926
508
435
2129
331
2119
2199
2380
2267
2334
2422
2195
2957
2030
847
1141
2811
1650
1759
2274
980
2486
2070
2128
2756
1952
2249
2211
2691
2746
2466
2174
2895
969
2901
2830
1886
1945
871
1730
1769
2169
2945
2022
1631
2912
551
1772
2557
2279
387
2261
2109
2063
2716
1581
1332
1162
839
2554
488
1630
2293
2966
1424
1944
2181
1305
2049
2864
2377
2105
2438
1170
2629
2265
1220
2277
571
1503
1606
1905
367
2311
2642
2139
1883
2107
803
2458
2998
2271
1947
1180
400
2315
1891
2027
2001
2252
1956
1218
620
657
2542
1452
2224
2276
2477
2718
2012
2141
895
1587
2413
2932
2273
1192
2309
2359
825
1194
498
1351
1721
2317
2618
1476
2121
2594
233
2367
2846
1998
1601
1201
175
1202
2433
2106
1605
1204
1524
1607
2823
1056
2299
1811
349
2285
348
2298
1613
1525
2225
1615
1677
1212
1617
794
1734
2189
2243
1519
2848
2203
1095
2414
323
1766
2248
2393
1392
1627
888
1315
1514
1222
2159
2383
2915
1224
1120
1441
2979
2044
2986
1227
1988
2814
1964
1877
2751
1230
820
2287
1340
2898
2089
2974
1432
2552
1764
1853
2581
1236
2530
2588
249
656
1556
1983
1610
1745
595
2375
2085
2343
1831
2544
2652
2384
1602
1957
2481
1246
1496
1193
2061
1248
2351
2882
2263
2255
2869
2622
1190
2280
2290
1671
1589
2748
2231
1417
2754
2213
2011
2071
838
922
2685
2658
2479
1260
1959
2253
2185
299
1447
1746
2150
1264
2820
1083
2929
1641
1949
1814
2450
2155
2272
1777
2983
2355
2817
2489
499
1975
1498
2183
1960
2474
1729
2501
2619
1328
2247
2387
2807
1682
903
2520
590
2598
985
2197
2683
1465
1550
2353
2576
640
2435
2515
343
2469
1600
2483
963
1288
394
1289
978
442
2140
2406
942
1714
2617
2513
1237
580
2412
2415
2789
2514
956
2768
2635
1666
2706
2463
1748
1492
2564
2330
1562
2417
1737
1471
1483
1304
2220
2323
2084
1099
2091
1961
468
1491
523
1133
329
1747
2097
352
1874
1918
1150
2492
1572
1916
2363
2443
2880
1084
1590
1854
1757
1848
2456
2952
2318
2335
587
1321
1586
2582
2301
1323
2498
2154
2409
2430
2903
2540
2555
2496
2757
2522
2465
2602
2677
1825
1122
2399
500
2541
2910
2570
2745
2135
1673
1836
581
1909
1400
2639
834
1773
2526
2349
428
2532
1661
2561
2505
1373
2388
2015
625
1549
1391
2996
2919
1425
2260
2511
2793
2730
778
2663
1621
1187
2934
2256
173
2778
2519
1353
2060
2167
1094
2259
2833
2300
2171
2451
2573
2591
2837
2550
2246
1360
784
2269
1359
2551
2429
1440
1537
2245
1348
1365
1821
1233
1640
1896
2345
2145
2661
2659
2925
2138
876
2547
2739
1963
2165
2988
1756
2549
2357
254
1972
2749
1435
2747
2838
1898
2004
1338
2509
2427
2148
2072
552
1843
2536
2719
2241
1384
162
2575
2396
1751
2699
1951
181
1642
1923
1291
926
1711
1770
2725
1684
610
1857
2665
1458
1520
609
2187
2640
898
844
2096
2033
2257
2478
2599
684
1867
1271
1982
2753
107
2758
2703
2437
2327
1106
1370
1096
2736
2886
1407
938
2894
642
2537
2294
2583
1044
2031
2711
2354
1089
1173
2845
143
1210
2654
2567
2729
2708
2695
44
675
2487
2831
946
2232
62
2606
2094
1266
1093
2303
2589
2336
759
2741
2804
2310
2050
2648
2176
1578
952
2799
1724
2348
2453
1431
1669
2962
1544
449
1057
2645
2783
2153
354
2394
2149
1437
2744
1438
2689
2774
1670
2727
1999
2715
1618
2192
325
1443
962
2313
2578
1927
2841
2297
715
2655
1241
2771
2439
2667
2200
2008
2098
261
2157
2373
1937
1453
2750
2809
1946
2859
2209
2922
2144
40
1207
310
2792
2370
1904
2360
2900
2787
974
990
2847
1138
2104
2447
976
2198
2193
1955
2480
2909
2653
1468
547
2684
2767
961
2288
2215
2184
2941
1484
1473
982
2424
1588
2291
2452
2523
1021
2216
63
2147
1799
2879
2678
1933
1828
2340
2371
1482
1165
2571
1398
2852
37
2065
2638
1455
2524
2559
2755
1488
2528
2229
2896
2563
1070
2491
2839
2601
2244
2543
2535
2904
2346
2056
563
2494
2434
2827
1339
2911
1663
2824
