1000
45
50
778
48
716
4
0
422
598
5
943
250
933
416
19
196
17
2
135
74
217
14
1
298
882
842
927
25
23
21
9
28
325
150
359
70
11
362
27
514
317
148
975
962
249
510
973
41
6
554
343
47
917
37
939
970
52
43
693
954
8
800
690
55
39
826
663
33
457
574
395
59
22
650
79
432
44
456
721
134
66
708
26
77
964
16
628
57
233
834
775
68
736
32
705
63
83
170
625
76
40
636
817
866
309
56
851
31
15
65
64
103
473
105
714
540
60
478
875
89
18
61
996
121
49
450
53
95
46
762
723
226
273
36
24
588
945
91
367
104
337
107
926
141
34
606
423
51
281
414
748
358
277
94
968
117
225
106
483
334
998
143
29
151
853
82
805
155
128
992
843
492
785
129
149
115
201
306
576
558
172
676
90
12
905
71
255
872
152
634
893
868
493
96
199
177
13
131
38
794
80
232
891
189
192
662
160
942
190
174
777
348
393
195
539
212
92
108
963
700
940
87
730
112
894
111
803
203
42
434
873
175
746
116
739
207
556
490
653
444
145
562
375
123
974
185
648
243
993
124
763
72
133
126
877
502
500
230
633
464
205
198
752
222
729
400
88
98
890
958
925
254
235
136
941
378
528
908
219
604
200
130
565
215
969
259
731
550
186
704
951
336
612
366
499
279
122
132
20
546
257
229
146
284
629
293
561
420
260
844
184
508
537
224
660
35
761
158
231
354
268
144
935
283
310
788
164
163
533
238
655
165
221
188
659
311
768
168
320
744
756
296
286
171
949
850
783
308
125
710
808
318
349
335
822
213
772
159
977
179
937
345
120
353
884
167
897
692
338
295
990
245
183
812
909
93
330
356
807
339
187
678
702
346
208
289
140
193
62
324
294
191
577
161
899
197
592
392
162
299
857
267
371
782
394
376
821
379
976
984
583
582
737
350
712
240
138
341
396
924
918
210
652
211
390
323
883
355
246
399
986
425
952
498
982
326
153
988
732
854
377
304
767
946
769
263
793
223
237
429
570
720
344
81
405
407
58
616
531
139
781
300
585
351
838
110
791
413
837
914
861
412
461
236
301
433
453
892
675
726
418
415
955
241
920
102
603
247
476
227
695
402
202
776
849
487
342
248
646
114
661
253
182
251
455
252
735
552
865
479
717
119
417
374
839
449
329
688
361
880
67
846
409
830
419
507
915
445
321
672
961
440
780
97
913
860
137
10
991
269
482
408
518
509
749
471
209
410
365
538
618
467
262
276
879
485
948
489
214
517
697
78
113
555
829
980
563
431
547
856
895
519
381
496
886
572
901
608
855
454
605
506
715
180
658
315
947
391
520
534
765
930
632
512
590
446
957
551
965
515
573
472
280
275
258
331
840
569
261
742
683
488
274
271
204
526
228
521
852
944
597
389
427
640
352
312
906
470
673
314
462
181
194
316
959
611
610
463
567
319
910
589
967
3
599
607
373
718
553
864
216
635
386
435
757
292
157
566
983
99
733
333
220
580
989
460
801
698
527
513
560
587
278
147
871
581
176
451
287
645
651
615
426
328
889
600
987
644
369
452
525
542
372
898
543
256
916
288
385
524
722
620
677
403
614
699
750
623
75
459
404
156
885
458
571
347
477
178
638
687
443
360
820
691
960
428
706
707
981
364
995
548
239
639
370
711
505
363
619
591
745
118
682
557
789
584
497
681
642
84
796
770
813
579
809
728
307
523
643
804
54
380
544
575
384
667
727
810
218
994
30
313
305
719
694
387
265
388
327
169
491
816
536
671
627
596
602
966
398
322
684
73
290
297
999
741
504
439
516
734
266
406
127
535
679
532
368
703
303
689
511
753
340
501
564
759
922
541
876
696
142
568
109
480
494
766
887
701
549
870
465
779
713
755
903
475
743
7
529
430
787
657
928
421
154
833
411
795
936
819
666
647
751
609
904
302
774
725
664
773
401
771
978
836
621
272
670
747
802
764
442
709
862
436
919
437
656
438
824
823
724
832
69
441
641
738
424
760
847
814
626
668
950
595
357
888
827
448
383
859
680
503
601
166
740
754
593
900
578
811
545
815
85
244
234
686
669
881
242
799
613
665
332
758
624
630
617
637
786
797
559
654
997
466
979
896
282
468
929
469
173
784
382
825
674
902
586
631
818
474
798
867
100
907
858
206
934
397
790
831
938
792
806
481
522
923
101
622
911
484
86
845
971
486
932
495
270
953
530
869
848
841
931
285
594
956
972
835
291
985
264
863
878
685
828
912
447
649
921
874
