10000
6631
44
697
48
131
2
949
3
831
8158
8192
10
211
3008
1345
5268
8569
1098
45
1646
1267
7722
281
8608
9807
3026
109
88
35
23
8737
7142
7387
82
77
66
2139
98
405
222
95
4944
20
7052
8625
22
269
220
7876
452
81
184
587
9
457
1250
9874
25
7130
76
5043
30
41
9936
9797
1102
69
6930
67
1
68
70
9343
7370
8461
14
39
38
15
6932
3415
4674
7988
4
171
16
1689
160
8643
53
1317
1844
483
396
4325
47
1159
338
3705
79
107
4654
133
3948
8031
136
9524
5820
9862
6410
3897
8542
311
2052
8073
356
8365
72
6638
59
303
36
71
276
371
7828
1309
7676
117
11
7301
1474
2787
6738
6625
6240
9239
166
6517
4966
4363
304
62
748
115
656
97
4918
110
7938
3261
194
141
4260
7046
3130
9406
7340
4161
153
6933
1354
78
6468
363
1278
509
5812
129
5240
2041
1854
165
161
313
578
58
246
75
1722
6181
3374
60
8380
9167
99
8794
4298
2083
94
6902
7614
167
3512
277
146
1139
191
40
9212
9663
100
8417
6006
1515
632
4969
103
7163
197
5310
4338
3291
5202
9716
26
1039
4742
5328
209
28
147
29
536
9592
528
178
164
4803
13
705
144
37
31
8833
890
9915
2860
5297
230
124
3044
4237
121
7385
546
172
123
9981
1320
5652
239
4611
4996
169
6928
9219
6156
248
4748
242
130
9365
251
85
237
210
114
9723
4836
104
5220
8551
173
186
586
61
3762
108
340
32
324
7018
4808
5971
5146
135
279
5272
4670
240
6934
49
195
4093
221
9831
7540
65
1246
411
5744
299
151
9351
283
8041
9676
1387
2836
9186
155
295
154
1281
249
9809
158
142
314
6615
306
8393
1242
140
273
323
5952
5567
319
981
3924
258
1806
2177
329
679
950
861
5088
263
8094
321
302
6745
331
9554
1510
5395
5878
9297
7096
7730
4318
349
752
1099
3832
7533
351
7111
6014
6045
772
6960
252
42
7846
1543
3570
6833
8064
9795
285
224
2766
318
1870
901
1232
253
8308
271
4716
359
7868
9478
193
8252
205
305
367
357
562
315
384
46
7850
8157
394
9140
1564
7041
9578
3147
3438
449
390
229
5106
8965
714
398
4056
355
207
8439
1860
3965
2910
322
9434
2065
1656
9632
413
6948
213
373
3540
112
9430
6232
4278
9930
970
6779
6642
2593
4296
332
428
174
312
8931
7002
6825
439
8050
918
7320
8294
7393
388
389
4300
6399
3922
7473
3556
1475
1404
9670
383
855
8812
448
5986
393
444
7000
7180
9967
808
189
300
317
2466
3725
461
2487
9174
327
241
6790
260
4717
3906
6907
900
7102
4516
8886
467
2905
433
5579
336
268
7710
531
4714
8757
2550
1071
365
8754
0
381
4986
1605
8354
1831
256
5417
504
8334
2030
8520
2488
116
6588
5236
392
464
4422
278
503
727
4802
353
2406
7325
475
427
460
219
418
414
2410
8725
584
5640
511
9902
489
236
525
8115
790
6848
425
128
159
138
533
5249
816
204
8180
441
6318
235
3118
2475
4498
1909
1720
9942
1302
5113
7168
2971
8010
459
559
9195
555
9436
289
440
8274
4473
8978
895
6162
9773
5848
3187
2696
437
5830
83
3886
443
9062
9000
756
9877
515
687
5964
3105
543
377
599
9949
512
434
8136
481
694
7585
495
5997
575
9339
6396
529
557
1363
4098
8418
607
477
591
412
6276
554
615
420
2474
7383
6250
380
564
545
4676
611
5542
7937
330
3297
6926
605
2040
7852
3240
3391
5008
524
6336
642
5278
4437
8222
7299
563
8237
3946
606
641
7833
581
244
593
550
657
445
369
505
9528
73
5990
374
9646
9859
635
9753
2048
6955
12
1301
675
9957
643
4729
3136
1895
233
2317
6998
671
346
600
5556
163
9200
689
456
9227
683
2893
8918
212
1942
6149
539
9811
9898
3093
622
9887
2970
106
453
238
3226
288
3222
7975
7964
4713
1542
375
362
126
2396
521
3138
354
9154
7107
366
636
738
1559
491
698
8632
701
8260
1685
619
8431
399
580
778
7115
8566
573
914
9591
297
8877
2802
6724
1718
670
604
8591
8584
8862
956
401
3000
5984
685
7575
1292
6708
9906
8642
601
6673
8792
746
7242
662
310
9793
9824
728
2800
8603
2032
326
590
2131
631
821
1554
9465
320
677
596
200
530
9238
639
669
8994
8477
181
5737
402
7749
644
9687
3862
497
5922
4147
820
804
4428
730
7642
7701
744
9980
6814
5445
8156
8313
650
92
1692
6585
9470
1141
415
594
1786
291
759
9505
537
3797
3952
9151
6198
565
9438
7493
8446
9084
626
2935
514
1217
827
386
487
6073
216
5399
3030
223
807
691
2070
6753
1410
829
5716
8544
783
8741
764
510
762
7863
9426
6701
4702
623
458
6502
839
9157
755
86
6560
8107
588
7250
1930
1807
7430
1305
455
9843
1480
4501
431
9739
485
840
4122
3867
1934
773
507
845
6538
9313
777
527
734
7805
865
6925
1112
3645
1096
4259
5488
3913
735
479
859
8838
879
649
4286
823
958
292
743
664
8696
736
8088
9568
911
7059
4958
887
6622
542
468
250
583
7395
6090
7469
454
8686
474
5833
3208
9306
2590
350
9512
5629
862
6233
923
5527
7842
9633
877
280
962
7684
835
963
663
8930
7444
7347
4310
5418
838
7769
7752
602
9780
3411
4324
800
7006
7527
5348
910
3052
214
959
812
655
7687
1998
1253
7746
617
660
8181
1818
502
986
176
501
5571
1752
6674
1086
6300
5498
2361
7488
3515
987
608
7158
8023
1662
274
985
113
7518
924
8710
517
7356
6568
3442
424
9838
8341
1009
8511
4810
2017
836
692
245
695
519
595
3672
1577
1019
5805
904
768
348
196
3838
1257
8048
818
4668
843
1007
9399
850
471
2926
5081
5230
4221
91
5425
262
7269
6510
2227
8100
860
535
5723
436
8265
7256
9682
3328
912
899
9355
3674
8080
541
960
1045
8869
1442
725
980
7421
6450
6435
558
870
785
1919
977
156
549
342
873
6530
933
974
560
7549
830
9537
3660
920
1067
1327
188
7753
5470
9733
710
6085
1055
7187
5644
5841
561
7621
1122
8909
1842
9742
1059
905
4456
868
971
1034
922
7729
953
7745
2896
5596
553
2125
585
750
1131
702
2480
382
4972
290
926
6897
609
1119
1111
9362
1872
134
1418
5391
825
1421
995
1103
9190
391
943
8823
8902
96
9394
851
1438
8776
1133
7089
1146
6465
1588
9692
3024
532
1856
6763
139
3569
998
198
282
793
5104
493
795
1353
7196
7381
1426
9656
1079
9813
2054
400
3780
1128
1138
1201
9148
9048
2436
1037
4294
1160
997
3541
3592
9542
484
6433
1174
5541
610
476
1206
6207
612
6337
3558
1191
4356
6772
6924
8457
404
732
1151
93
618
1120
2500
9051
7504
17
4302
745
1155
257
2152
337
2666
416
938
2123
961
994
627
9424
1013
232
1231
9705
841
1040
6480
1022
731
9894
5868
1085
1858
1203
6420
620
909
1114
1077
1149
1223
7261
799
3607
640
4853
1195
8155
968
1214
9160
9791
1211
917
7754
6675
4272
1613
566
9577
6840
4477
538
7441
339
7501
1097
4495
4980
9590
1089
3483
654
1010
5350
6873
1450
1051
6938
5659
5308
341
1259
8881
7994
9325
1047
1154
1121
1234
603
570
3820
379
1220
1270
9560
409
1315
4559
668
6438
9298
8763
5344
3833
1319
1075
672
4069
8518
721
1199
1101
7918
2943
624
5298
1129
1699
9492
1056
1297
8748
6778
9880
681
8272
2842
1280
1351
8487
1314
1104
1287
80
2382
1633
9848
5079
916
1358
7026
417
9966
1289
6030
9761
1343
9489
693
1145
1087
9910
927
6487
696
1239
1118
3779
1379
8026
3080
1397
6594
1341
1367
2931
3458
9709
1143
7907
1268
740
885
5433
706
5960
1027
9979
523
579
1064
1275
864
1165
3266
6663
9766
648
1423
848
5650
9105
9024
6767
9132
1332
767
2619
718
7097
1385
9045
720
1023
4800
7673
1528
3729
4252
7467
3162
9170
5784
6705
187
8218
1449
6599
782
442
9006
486
1376
1238
1303
589
447
9856
763
3635
1364
7282
3164
723
8182
4433
7122
6139
294
1737
1294
9218
9720
874
7450
1429
742
1070
1021
9237
1311
990
1395
9011
1244
819
1360
8979
8466
6388
4446
7611
8364
1389
5460
1434
665
544
1455
7755
1486
137
1322
1427
270
1382
757
8129
1402
1425
1688
6520
760
9701
1456
1219
3686
9634
1388
9205
1478
931
8324
729
1061
6188
1235
9475
1491
1293
2422
3203
9664
582
5152
7743
1058
9453
1461
1454
426
6537
576
7015
1479
5577
2768
2499
316
1256
3472
1337
1033
1082
1277
8420
1457
6214
5370
9730
1504
7925
3198
1078
786
1224
57
9647
965
747
1263
526
2014
8440
1539
1488
7586
1218
1483
9745
1355
613
1193
884
796
3977
3048
6409
1557
1548
3112
9335
1406
2013
2168
6717
7290
8849
368
5247
688
5521
6036
9020
1109
1597
1095
179
597
5668
1307
9211
9404
1523
1507
5231
1368
1324
1331
6646
552
2285
2154
6676
8852
5746
1276
4739
1497
148
8432
6345
3744
2117
2076
1550
822
7165
1535
1066
1081
1183
5038
162
2130
894
9486
361
2060
1184
939
9532
1107
6901
6296
765
7138
8234
1512
719
1502
556
1209
9411
1643
1473
1524
792
2956
8321
4180
1516
9924
1352
358
673
842
7548
1476
1266
844
1721
177
781
6722
1981
847
8484
9442
3405
9226
1511
1586
1147
1788
1264
809
1137
2082
833
6906
881
4094
1582
3670
9137
1325
7029
2990
8721
1514
9935
6994
9028
6652
8085
6358
1255
1631
5097
6052
451
2254
87
1667
7330
3890
9919
1304
1503
1529
7603
1106
2265
4530
3767
1673
932
9422
1340
3972
7826
6316
7815
8546
1484
1526
1578
3778
309
1679
1173
2490
1569
1700
1411
7756
1405
1575
6815
774
6472
976
1378
5568
993
1251
8631
4478
1185
1729
325
8664
869
7368
1189
1614
9833
1637
1655
1534
1591
1755
9815
1787
6372
1321
1197
1710
3161
1349
6367
1748
8665
1028
1073
902
4849
7742
4135
1628
1609
4258
2115
7322
815
1361
5879
1208
789
4102
1496
1335
344
1731
1459
1179
1532
1207
1797
7966
2925
6574
9145
3676
9956
8662
951
871
1558
1400
8781
1760
6961
4518
6747
1135
7784
1759
1117
3476
1416
1697
217
1647
370
8846
751
928
9065
1394
7036
6338
1241
6742
7103
43
9553
7812
1733
1495
2921
3384
9127
1446
2445
614
1603
1775
506
5540
7651
964
7640
5688
1819
7798
9589
1167
215
1144
1642
9082
863
2742
2513
947
9789
364
1265
1125
4283
9262
7416
1868
1269
1252
7409
1430
1885
6956
8661
7128
9263
551
1148
957
8734
628
9261
5706
1583
661
9826
1409
9075
1793
1785
1445
8103
1926
4313
2394
1415
966
450
1094
9042
1928
24
1357
8667
2472
3485
1763
1074
5836
1462
973
18
9948
120
9264
9163
952
1816
5398
1338
8830
771
8730
9713
1634
2353
9260
638
982
9389
1815
1498
1629
1940
3964
6851
9756
8697
1871
3439
190
7593
1847
1279
7778
1820
1350
9677
992
438
1723
6862
6066
1447
7818
90
996
1709
3882
6485
1627
9288
1974
1913
2640
704
1973
3531
7040
1560
6268
741
1607
1091
1976
7678
686
1283
1979
1247
8660
9265
9498
1552
1424
1945
5342
1664
1927
6677
1975
5430
4376
676
6864
1176
4710
897
7898
9978
1538
1587
6060
630
1020
1134
3430
1635
2001
6912
1551
682
1229
1840
2027
7273
1611
1172
1541
7999
8668
5965
5846
828
2694
7757
1901
5077
1032
1863
1205
2435
1724
430
1553
8968
1036
8988
1383
5254
1038
1682
2029
9941
2039
7881
6172
2069
1936
9508
3858
9567
1671
2078
4044
7285
1537
5785
1701
9771
2812
1407
1749
1879
4034
6457
1923
7173
8298
7458
3866
5145
1687
7741
3784
8928
9266
1809
4350
9635
1585
2068
1795
1918
1837
7465
2626
1874
806
9109
8202
1562
3432
3201
8474
1658
3390
7865
2022
54
9258
9778
1069
7227
6846
7693
2009
2105
1680
2033
1431
1735
6860
7176
921
6047
4692
6282
8890
8659
2140
1704
1799
6027
482
1441
1622
9483
2146
9001
1083
5980
1762
569
3706
2008
8330
5502
1827
6419
1088
9181
7838
1453
3124
8766
2045
9375
1789
857
1093
1698
5766
1581
7884
9697
2113
8305
1955
7794
2169
1068
4812
480
2862
6661
2432
6786
1972
9236
1867
1333
6150
8745
6504
6125
1931
1777
9890
7659
1108
9320
2071
3451
1841
2051
2135
1334
6562
2529
1113
2096
1156
2086
3054
2155
4022
3181
1848
9929
7050
2016
6242
1451
3360
2020
5256
5875
1899
8389
1043
9727
2084
7902
6536
1501
2148
1520
1691
1678
9372
1505
1694
1261
1962
1751
1851
4591
9016
9257
1943
1674
1941
3145
7720
8353
2087
2821
5232
9748
1808
6866
1519
1233
1057
1521
1127
1178
465
9444
8270
6883
1917
1736
8244
2120
2108
1499
2112
9359
2037
2089
2044
1533
6834
1306
1853
2149
7010
8574
4200
8516
2239
5637
6206
2228
6112
9965
1105
7339
1158
954
2275
7223
7878
1821
1651
8481
8788
7229
8658
737
7858
1812
1990
469
2307
2757
2846
7809
2003
6777
1834
5373
9344
907
4882
8247
7108
9420
2606
9883
2094
940
1959
2171
1130
2857
8598
9299
9378
9657
2005
1240
1180
2311
1181
3523
1110
4009
936
2059
810
1566
2684
7378
2103
8885
2276
9519
8738
1676
50
8843
1190
5512
3606
2225
1362
2183
9268
1500
6608
4857
666
6095
1994
4701
1796
3619
2808
2010
7758
2057
9914
7317
2345
1989
4218
2074
1482
2189
2248
8142
2143
9523
2403
4785
2175
3479
2386
8617
5216
1142
3094
1439
9256
328
2190
5134
4830
8688
2144
5353
2063
3303
1216
1947
1780
7894
4560
2997
8980
7967
4534
1168
2302
1969
1624
2036
2321
2053
3998
1615
1225
1011
7740
3133
2462
9199
4540
978
2213
5955
1230
2253
2309
9185
1745
157
1574
6610
1949
1565
2303
1295
1236
6678
1237
9194
2064
9853
1983
7222
2554
2170
2375
9817
9032
2090
1243
8263
1493
5341
8114
9588
2444
1995
5490
4359
1248
1636
518
8825
2249
1171
9648
3327
1905
8726
2431
2362
5330
2465
1726
8711
758
6858
8858
2195
4758
1396
2463
6771
1260
898
6390
2423
1728
2374
1711
1966
2668
8657
8184
6982
2481
2124
2447
1843
2790
1769
3580
1693
2197
1951
7422
1584
3526
1050
2443
8571
2294
494
6026
2437
2299
2043
2413
8241
3752
8070
2479
1767
2400
3661
1031
4867
2610
9269
8916
8901
3278
1713
4012
1766
7098
1750
5126
9369
3270
2837
2524
903
5024
2486
2571
8531
2492
2509
2442
6597
4762
3305
2535
2174
4460
21
2359
5969
2222
1356
2319
8671
1300
6308
2417
9787
2281
4149
2516
9255
3126
1282
286
5755
2545
8533
1743
7179
2158
2510
893
9467
7266
3141
347
5707
1339
1005
2408
2383
1666
1753
2337
1791
4960
2200
2011
1563
1318
2599
2519
1271
684
8422
1900
2414
2267
2025
1323
9111
5032
1865
2430
896
709
1592
1054
6299
1771
2495
2587
2330
1330
7977
2367
1598
2541
6478
2551
2050
4050
3993
7984
6660
2533
1509
2333
2520
6698
2298
2411
9977
4114
1570
3302
5403
1954
8969
2633
1967
1344
2681
2018
1877
1346
5713
1347
9559
2758
948
2159
2256
8044
6130
2597
8580
2390
6729
1312
1805
6462
9501
2453
2191
2598
5526
9142
1313
2496
1310
2379
5275
2595
206
2688
2269
2343
9225
2603
9455
6868
125
7074
9636
2561
2289
2703
9289
5468
1572
2629
1262
1370
3001
7116
5925
1372
7073
2543
2263
2649
2357
2591
1790
2751
8602
4888
4099
2329
5258
2334
6735
2080
1730
1381
9515
8656
2272
7700
7131
9688
1187
2639
8548
9270
9340
2081
9381
2291
4593
2522
1489
2690
8441
1855
1670
2728
5250
1393
769
2231
8818
2659
1472
2617
983
9352
832
1398
2632
2638
712
4134
647
1987
1935
2012
3749
2735
3855
7072
2780
1444
8388
2056
2251
2507
770
1408
6098
2161
2727
9254
2350
1764
7727
1970
2549
2605
6483
1414
2355
2095
2631
7410
2644
1417
7739
548
6880
1152
2637
2232
6720
1644
2799
8672
6069
1957
8011
2469
2241
2743
7377
2099
1594
2491
7599
4110
2838
2755
5321
1907
2706
2147
2564
2547
9409
2150
9840
2665
3097
2769
9527
5580
2504
9166
2331
1961
3845
2771
803
8774
2380
8152
1153
2471
6709
6180
1391
2600
2876
6604
2173
6370
3457
2658
2482
2781
2872
2844
9397
2132
5096
2498
8377
1725
1062
2243
9683
2100
6645
6080
2145
9480
5765
2618
7704
5390
2855
1824
9060
149
9717
2852
1702
1140
9472
2607
226
6012
1468
1465
8283
2927
2347
6452
6579
2119
7220
4162
2736
7186
2179
1471
9867
1963
6057
2324
2888
2477
7232
8872
9235
2109
2493
1590
1466
2609
2752
1052
6381
8344
8333
6258
1894
1640
2230
2342
7463
9870
3685
5354
7546
2674
9173
2731
6679
2246
5590
2457
9845
520
1589
9446
9462
3288
1126
2655
6427
1026
858
2721
8231
1982
8037
2897
7017
5518
2412
3306
547
946
2820
2252
1978
2874
2915
8458
9955
2869
625
8134
1002
3422
5233
6966
8639
2635
1912
2871
1006
2468
7836
1025
9901
2918
1008
651
2260
2765
6822
9122
8655
2737
2178
3031
5194
2851
1115
1030
7427
5340
1046
1161
5826
2796
8093
64
8287
8698
9541
2397
9080
9418
8118
2777
8499
1754
1527
2957
2438
1971
9253
3808
2864
1136
2738
2517
2725
9210
8537
2815
3053
9536
2049
2306
5459
3056
2889
7070
1299
7906
1004
6856
8568
1891
2792
2315
1517
7968
1123
9326
2747
1546
2075
4480
2142
8560
5721
678
8555
118
2928
2047
4647
1761
4949
2589
4467
3290
1254
7638
6727
2594
8185
2079
5019
8590
500
2339
5595
2006
8673
2839
9587
333
2464
7670
7435
1377
646
3035
1221
1794
7521
2127
8096
3396
218
8238
387
9864
8300
2831
1886
6752
9204
1573
2326
1875
2602
7078
2555
2998
9905
1825
9724
1044
2969
7806
9575
1284
1399
9828
1308
1001
2165
3079
3207
2914
8032
2901
2671
2552
3345
3908
6519
2967
1536
4426
3146
8840
1060
826
7252
2717
1952
1593
6957
2774
2288
2506
9751
7760
9402
1090
6659
572
2284
5132
2909
1800
7860
1601
2563
2734
9189
462
9007
2567
3041
2627
3156
2733
1412
3014
9873
1608
3033
2883
378
2958
703
3002
3029
3223
508
3221
700
1929
2153
2712
8423
1616
2791
6688
8779
3143
8348
2951
6111
2557
2819
1621
2991
2913
3076
3015
2887
3169
7233
2709
8478
1626
2882
3013
8219
3137
5368
7738
7785
4764
6570
3095
3117
3127
7696
3012
9566
2942
9693
9964
7167
2250
1964
3128
9819
2234
1977
2979
3229
2826
1540
2986
6715
3232
9897
1747
7056
1437
1869
1645
5387
2744
908
2530
5569
3678
979
2199
7537
2523
2542
1828
1200
568
8769
5956
2205
2316
6512
6340
7143
4940
7342
1657
9947
488
2021
2157
3239
3185
6120
3046
2526
3980
2217
2501
811
3005
8970
9252
2221
3406
2754
3025
4159
1668
2384
2833
1798
2705
8742
3071
8583
1904
6528
3006
9976
2344
8268
3049
1915
8880
680
2933
8203
3211
3082
5686
3543
7308
7513
1980
1328
2903
4953
6776
7663
2358
8861
6190
4723
2656
9637
2531
9835
866
3160
3386
3282
1690
2188
2255
6870
9068
3319
2540
1012
3342
9012
4864
8755
5166
2715
3055
6444
9776
2936
4968
8717
9934
2828
5708
8253
2881
7049
6706
1460
2944
3311
3414
9785
4606
1705
1707
2277
1708
2373
3064
2210
2830
2692
2527
3287
5092
3275
2570
802
2449
7445
8674
1419
2625
3040
3598
9129
3419
3096
1811
2293
9384
2816
2884
3249
5118
3077
4708
3348
3196
717
1814
6970
7890
5402
3588
9649
2704
4585
1779
9308
3111
2647
3210
5167
1732
7604
3335
1881
3393
1029
3037
8803
5380
3865
1157
7401
1738
2310
776
3165
3654
8868
8758
3280
352
6426
2106
8151
6640
6365
3347
9073
472
4837
3267
9759
2702
787
2624
1166
2574
9290
2262
6583
7686
2732
2630
3189
3456
1804
3072
5203
2537
5198
1757
5989
4620
3265
5560
2505
5164
3251
945
6621
5638
1433
3401
3403
2823
3009
8434
9672
3440
1017
6990
1939
3392
3057
3332
403
7068
5437
2203
9658
3151
1428
4088
6501
2484
2746
2663
7867
1776
2764
7456
9886
8722
5605
2847
9861
2118
9273
3227
4947
3177
8805
4600
3542
1784
5446
89
3175
3786
3486
3325
9511
3443
1192
3069
7923
5274
2578
8752
5601
3718
7302
3426
2803
3019
6841
3154
1063
2395
5326
3421
8059
2980
2576
2699
7683
7622
1286
343
6636
3518
1639
1803
2004
3066
2989
2407
2793
8996
2409
2779
9940
3416
2584
3942
3605
5260
8021
3017
5727
5168
5736
2560
9923
3277
4777
2723
2767
2685
5422
1817
2325
2906
2558
3247
2650
9504
2085
3506
3114
1822
7310
9336
1365
7080
7761
2945
5496
3534
4561
2566
8799
7588
7625
185
1035
496
8653
5248
1326
7932
3969
4520
5467
7366
856
3482
4207
8606
2204
2121
9909
3628
7545
3494
3271
2097
9356
2508
5941
9876
1198
9678
4511
3320
7978
6650
7713
1846
1845
3519
150
3930
3491
4222
5147
2976
3644
3395
7035
1852
9769
3295
6211
7280
2473
5764
9850
7708
2795
2536
9025
2995
6182
2789
9036
2960
8832
3135
8291
1862
9234
3679
7726
1864
6725
8004
1781
8186
5365
3727
6119
3467
2745
3244
5001
3647
2377
3463
1619
6758
2497
1717
8042
2405
2661
5734
1908
2806
2518
2503
9531
2930
3563
3289
8471
3585
4197
3468
6133
3758
9002
1883
6307
3639
2975
3402
8675
2858
6658
2335
7969
3346
9021
1889
3552
9224
9586
2427
8807
3505
4309
3818
9448
7492
9153
6564
111
5738
3564
3357
2360
4108
3092
8018
3296
4834
3324
3671
9918
1902
4749
2719
8277
3174
674
5844
1273
8820
2963
2861
3115
3771
6817
3677
1196
6534
2233
3615
6273
5718
6101
3410
8638
3063
5797
6004
3102
1916
5520
4688
3817
3816
2320
3455
3474
5234
3800
7872
9702
2224
202
3418
9321
3684
5000
3587
883
5012
9156
1525
9139
2891
2023
5100
3509
3637
6770
5448
3091
3449
1053
1933
9416
84
3317
2683
5065
3851
1549
3857
5169
1938
3600
8376
2433
9274
5680
3627
3107
1765
2196
3791
6481
2582
1518
3737
2220
3321
3853
7916
3743
1948
7028
2461
3459
5908
9477
3871
3123
3653
5269
1953
7500
3888
3887
3355
2794
2677
8565
3559
8889
3761
1290
2939
1620
4354
228
8550
2354
3516
8622
3436
8463
3536
2235
4124
2621
3382
9710
3535
6844
8616
2292
2261
9893
3881
6445
3885
7375
3308
8629
3643
1076
4466
1316
3896
9363
9250
2824
3495
8827
3004
7580
3695
2974
1375
4845
1571
7985
3641
2172
2559
3527
3484
7217
7354
2206
6252
4225
3447
3782
1988
2940
2984
972
2845
5190
2987
9150
3630
7461
1993
7235
2393
2258
8312
1739
2278
3894
7332
711
8900
2237
2999
2440
3827
1015
3431
8971
880
7109
3947
9063
5162
3603
3739
9216
3121
3284
4736
8442
2596
9457
3215
2389
7834
1116
3953
3748
8652
3120
145
766
2804
1477
3959
2308
8712
3496
935
8690
3813
2184
3687
9975
2664
9638
3899
2266
3891
8386
4001
372
408
8925
7194
7897
4236
8541
3951
9999
2028
3926
3982
7283
7680
9928
8336
4887
3861
3070
8352
1202
2034
3539
3562
2643
2981
6016
2476
3893
2778
3132
1413
5947
3610
7120
3062
8731
9558
3918
7628
652
7246
813
4003
3104
2313
8706
3583
5939
3545
406
1663
2988
1623
3356
4055
3283
3214
3566
2448
1898
3424
784
7312
3010
3365
9737
4087
1272
1903
3738
3621
6023
3050
119
3663
1965
2720
9029
3803
2242
8150
3067
9574
3193
1494
3714
2067
3170
3561
4030
4070
3837
4754
6681
264
1487
8676
8008
7762
2810
2314
2870
3632
4073
3751
5052
8488
8699
3937
1436
6490
6417
6264
2351
3469
1714
3344
1829
3125
9821
3840
2966
3873
5658
4170
4169
4168
9159
4166
4165
2419
7157
7474
3900
5500
3914
4172
3084
3075
2134
4488
7665
3237
2994
3492
2092
9998
2797
6196
2378
3149
1783
9858
2886
6718
7451
1937
9954
2194
5685
2104
3854
1890
5286
5078
6118
6042
7439
5170
1876
6158
2813
2110
5957
3741
3790
7736
794
3625
9275
3257
34
7862
6067
3065
2072
1880
2026
4137
3941
3591
7847
4184
52
9198
2211
410
7530
4139
1882
3399
3701
1285
9963
3150
4881
3723
7849
2515
8837
2129
5005
9734
4241
6142
4081
3910
8133
3879
6387
3659
1654
4045
8293
6600
1665
2137
8027
824
8586
3209
2646
3379
7476
2141
6835
4061
8884
5200
1684
3860
2451
6072
9721
4067
3594
2863
9291
6476
1432
4039
2782
9666
2978
2151
2483
5356
9249
3230
6552
3155
4158
4111
9017
2156
629
4281
5884
3612
616
8302
9783
6494
4080
3242
5537
2162
4789
9052
3366
9078
1469
5314
1703
2166
3824
4311
9754
2133
105
7082
5548
846
4299
2895
3475
6352
4004
3473
1579
9046
5550
6944
9387
2176
3656
4113
5209
4766
9997
2209
4213
3634
4048
2181
6810
3568
3555
4047
513
3334
3936
8784
1746
8362
6997
2187
9879
3171
8140
4014
8275
3163
8485
3231
7931
7536
3285
4227
8187
3789
296
3911
6823
6626
7813
5338
1258
3742
7816
5396
3917
779
7253
4261
9193
3517
7216
4320
6703
4262
3579
9698
2941
7692
8521
8982
2946
3007
2968
2934
8651
2947
33
4344
8127
3413
7544
3689
7851
3698
1298
3589
4091
2216
1773
9650
9147
2218
3921
3884
3423
6746
2961
4140
5051
4103
1049
3823
6775
5656
5621
5622
5547
4028
4289
5788
7199
2835
4276
2865
1296
4173
2878
4097
6571
2841
9585
1545
3378
4441
8113
3697
7093
9180
9565
4187
1968
4033
4002
3807
8475
4398
284
4407
4264
3702
8597
4355
3351
4239
4193
2814
2675
4185
4409
7470
7509
2983
1226
4049
4105
8864
3675
3377
9830
5296
637
4297
4515
2556
2502
8764
3032
653
8425
3400
429
6958
6238
7338
6373
4416
7672
4352
2185
5620
7129
3703
9233
4514
1274
3256
3021
4305
8368
3968
3577
2268
4271
3963
6328
2270
4388
4117
8851
9996
9209
4175
1681
4059
8677
8914
6527
8266
4546
7478
9469
4543
1744
2279
8035
1740
4445
2827
3651
2282
8454
3576
3045
4380
8320
4444
4303
7172
5185
2287
4178
3721
4096
4167
5763
8224
891
4527
7263
1177
6765
3958
2470
4334
9913
9714
8811
2038
7065
4642
2042
4179
6058
4254
1823
8494
5697
9276
634
4458
7893
3707
8848
4342
4292
5506
9488
4475
2645
3461
3489
2955
4483
4031
2202
8204
3380
7048
3775
3437
8512
7432
3085
4419
5006
3087
1906
9802
5913
5440
9731
4245
9345
4551
6580
4430
7922
4385
6097
419
9184
2834
6895
4900
4054
9464
5307
4497
930
5428
6424
3835
6565
3735
4026
4328
1175
3981
1950
1374
4640
4615
5265
4659
1556
6204
8637
1830
934
4007
9804
2338
7365
5466
5775
7718
4013
2341
7763
3666
4032
9248
1228
4656
9800
3620
1435
3537
3129
4932
3842
2348
3235
4189
2873
9450
3498
4367
2439
4343
4229
9946
8972
4484
1329
4618
9055
2356
8385
6882
5916
3369
3236
4011
8197
4962
7581
255
4364
4623
3740
4463
4815
5458
4084
4657
4375
3573
4544
4902
9639
9612
2601
2369
3533
2370
1580
2565
9611
2748
3776
3847
1712
2948
7880
4553
3394
2376
2046
4233
9995
4523
1669
4479
6091
1576
2219
5872
1630
1946
9684
3279
7735
3709
7321
5804
4686
4432
3624
6022
2809
9610
2654
4519
8906
3341
4650
2391
2295
2402
7117
6400
422
2441
739
9414
9203
3195
3828
3051
4447
1944
3428
3999
4720
9614
1600
2401
5897
6226
8149
9842
7185
3262
780
8746
9507
9518
4386
598
8459
4379
1124
9806
1606
875
4538
4019
5031
3153
3176
5020
5050
4806
5877
4351
7827
6852
5597
4773
9609
7516
4835
4597
3793
4832
2786
4151
4829
2641
1288
9798
4653
2424
3233
6312
9395
2426
2724
4183
4191
5412
2066
4499
2160
2651
8793
4223
9223
3511
5070
1162
2460
3895
1458
4745
9615
2898
4224
9400
2301
5730
5392
4269
6043
3699
2208
3995
5778
4528
4706
3522
9327
4726
2698
3657
4490
4587
7520
4643
2323
5570
4827
6522
5890
4673
3551
5618
5773
2452
3975
4331
5838
8482
9540
4507
2532
4661
3184
4767
5226
4247
4925
4427
3018
9608
4603
3692
3724
1638
5694
4619
4186
4436
2749
4246
5587
1194
3618
4542
4423
4532
3142
1884
1380
4588
1403
8040
5700
1204
853
2138
8845
261
5553
7562
3301
2885
5213
4365
5649
2478
1652
3967
9485
4625
3796
5182
4633
4010
4242
4751
2297
9616
3313
3186
817
4144
4809
3731
3554
4635
1531
4564
4470
4451
4085
4725
9551
3878
9889
9008
4847
5188
4911
9994
1596
4982
6306
3746
2366
4899
4533
4584
7480
6342
1084
5742
4509
143
9277
4321
9497
9360
1810
7564
3898
3915
4719
4863
4755
2577
3584
2077
4807
4931
8245
3453
4574
3757
5654
7
3806
2259
4985
3859
9607
4391
4027
4042
5109
3892
8562
4927
5497
9746
4550
2521
5513
3363
4666
4489
4878
4609
6173
2713
3974
3316
4569
4660
8949
4868
3362
7560
5110
4943
9808
3586
9855
2581
9837
4963
3255
6
4395
4895
3970
4734
4639
4793
1188
2538
3826
8628
2511
3387
1384
4866
3202
3903
7886
4123
726
3939
4163
2446
9617
2546
8220
4991
9247
2548
5357
9526
9433
8950
4760
4967
9796
4438
9933
8030
3934
3246
5091
4898
8718
2917
3794
3836
9131
4709
9292
4645
4425
3448
4577
4879
5772
2562
7869
2773
9573
3819
4397
9474
8317
4831
1617
4805
4202
1719
3425
3849
6256
7930
4586
4578
4700
2572
9144
3110
2982
3501
7641
4415
4570
6828
3626
2714
8449
3582
7712
5049
9823
8012
6348
4287
3376
4892
2775
8576
9847
9606
5910
272
7950
4974
5205
4885
9939
6228
3788
4439
8242
4457
8813
5710
3354
4086
3938
4327
3991
3113
3769
5014
6015
4345
7436
4562
5950
3916
5337
5074
4153
4589
6177
1170
9435
5958
8552
4838
6447
1024
4373
4563
8573
4539
5144
5626
9429
2608
7952
4929
5112
7084
4556
1602
7915
3159
4469
4905
4066
4886
3532
2615
2274
2679
7605
5224
51
5021
4393
9728
7855
9618
4322
5235
8857
4977
5865
9762
3798
3499
9993
5108
5046
3830
4203
9136
8871
9962
3785
8232
3604
7764
4157
3759
7971
991
3434
4071
478
2420
4266
4023
152
4616
8497
9188
4040
5199
7948
5039
254
8952
4695
1914
8621
5284
6109
5282
5281
9882
5825
4535
2388
4051
6598
9316
3003
2648
7953
4120
3148
867
4622
4263
4549
4816
9514
2114
658
4917
225
6164
5511
3373
9353
4872
4429
4705
9013
5175
9215
3547
5128
3992
6832
3956
6953
4735
9781
5004
9373
5083
9605
4571
4690
7558
7404
5022
4339
4954
9376
2670
2000
3172
2964
5264
3682
5067
6891
3774
3804
7734
6171
5041
1485
7038
1555
592
9232
4823
9066
9058
6116
4921
4204
2489
4901
5085
27
4481
1215
6690
4775
2686
5073
5267
2372
3631
5386
2689
7707
5363
3984
4037
7341
5068
9694
247
7947
5312
4526
2695
4058
4948
4315
6498
9003
3708
1677
5562
3420
4624
6136
2701
4323
9810
7009
6152
5111
3668
2954
5246
5160
1774
2676
1715
9767
2708
919
4064
3613
5452
2180
4871
4804
4383
2612
9040
9953
5229
5026
7296
8047
2716
3260
4870
9427
9278
5228
4759
9651
4125
8973
5191
4234
2722
6209
5377
8983
4854
2923
4687
3034
5393
4154
2682
9640
2785
2364
6100
7512
9794
5493
4727
4371
4675
3119
2667
7822
4794
929
5407
5283
5389
6861
3245
8339
4979
4384
4109
6751
5155
3375
5054
4524
4865
127
4990
8615
3293
2352
4126
8923
1369
5331
9172
9973
7466
1832
5299
9557
6294
2058
4987
2296
2908
9322
5388
5431
9390
7353
5243
8791
2707
5364
5818
6189
4065
1896
8148
2894
9604
4557
5303
6781
4604
7654
2763
9900
4936
3058
5159
5029
9992
4919
4843
8829
490
4774
4431
1675
5814
5702
5416
5415
4703
8605
2700
9482
5474
1742
8570
4935
4665
7181
4583
463
8132
3928
8436
3464
9904
6865
5381
8842
473
9370
6360
989
4455
5066
5457
7955
4021
5524
9302
5522
2788
9405
3719
8782
8954
5122
6916
1163
5616
8713
2399
8913
5279
621
5519
3269
4568
9165
4743
9379
4072
6993
9922
5036
1672
6721
5591
6262
7652
5588
4906
2710
5585
5300
8834
5015
4811
7358
6532
5473
9620
4290
1838
9500
4216
1422
5566
791
5545
7781
814
5615
5614
5613
7524
5611
5610
5609
7568
8304
2818
3139
2652
5193
5207
5378
5320
4414
4704
4417
3529
5011
1887
3602
4961
1985
4335
182
5211
9718
5115
4171
2829
8251
4711
7613
4856
4284
4608
7254
4731
170
5594
5242
3544
6903
3681
5449
5589
5979
3811
1892
5669
1373
3988
5419
4465
3848
4025
3167
4265
754
8468
4472
6088
2280
5600
3433
5255
5485
9126
5546
5634
8505
5617
301
5487
5951
5507
9564
8888
9757
4567
5071
4983
4889
2856
5333
7110
5678
5677
5676
5675
9667
259
9452
3815
5266
3038
5657
3225
466
5516
2693
7364
5095
4699
7085
4301
9603
2868
3597
5494
4981
5335
7921
5539
6003
5667
1641
4529
1778
5174
5679
3831
4855
5625
3460
2877
5186
2286
7016
4319
7137
6010
5241
9100
9425
2859
7956
4737
8095
3412
8198
5719
8692
3923
5699
4206
8955
5695
227
7556
8005
6514
1186
5143
287
4201
5510
8092
8297
4400
4938
5317
5456
733
4797
5563
4408
8648
5195
6366
8991
4517
5048
6062
1920
2902
9749
5771
3504
3513
5795
4358
5873
5792
8001
3385
8367
5505
2283
5334
5
1758
9412
5732
3960
4146
1014
4370
4784
5499
4164
5623
6655
2916
1859
4075
5276
5711
5413
5016
9991
2920
3315
5225
9621
4698
5010
5705
9812
2592
3560
5774
5130
5329
4884
5123
4101
5480
5857
5856
8361
6732
5853
5852
5851
5850
5849
7800
633
4629
5072
4403
3572
1048
5733
6648
5642
6288
9530
3919
7857
9104
5105
4412
4707
4904
5514
9896
7047
6700
8121
3927
4232
4521
3929
5581
9917
7590
5204
5374
2528
4374
5217
5583
4730
3122
8464
4219
8867
5712
4740
4617
9927
3089
4722
5219
7114
5906
9792
5807
4392
5582
8205
3557
1443
2962
3268
5628
6448
5549
2907
8374
8427
7446
5782
6842
7929
1992
4596
3875
5483
6464
3961
5181
8271
9832
8893
3530
6730
5864
5409
4074
540
4250
1984
2977
1653
8680
5009
8582
3973
5653
2569
5750
3578
5148
5082
5963
9293
3979
2691
2985
5180
3652
9022
9222
5698
9602
4214
4920
6077
3016
4052
8510
3989
5944
9908
5165
3389
5089
7213
3633
3781
5831
9660
4602
4115
4825
9245
4799
7443
8956
5741
4212
3487
5641
8314
3765
8860
3957
2880
4508
1464
5237
6850
4382
7900
267
5869
7166
4682
7248
3581
3574
4068
5632
4304
5385
7596
5359
1210
9026
6115
5607
2634
5271
2340
3825
5972
5743
2055
5034
2107
3253
7405
3022
3103
3023
9367
5484
4504
9208
1659
4035
5086
1041
5720
3028
9197
5531
1734
7634
5306
6002
7555
7972
1849
3996
6051
5421
9725
6063
7053
3036
4859
5703
6819
8076
5645
8098
9310
7674
5529
5927
4814
3042
7992
3043
4663
5858
275
4346
4285
3323
5384
3047
4890
9622
9382
5874
2673
5084
5252
4795
5919
5503
5463
7896
5959
9096
4724
307
2932
3446
9141
2398
2035
5949
5973
4079
7623
3060
9945
4592
3429
4083
4781
3829
7278
5729
1801
5996
6297
6986
5758
5843
9707
168
876
7148
5606
4846
4181
3397
6108
6107
6106
6105
6104
9852
1686
9572
8383
5347
3364
5993
6474
5201
2953
5543
2273
5450
243
6620
9441
3358
5285
3300
4992
5648
7150
9990
5896
4288
3704
8216
5324
3310
5717
2669
2711
7124
4121
3864
8567
5495
3601
5745
5441
5156
1835
5847
9703
5876
4424
5827
74
4131
645
7570
9423
3100
9641
5839
4357
3098
8974
6046
7943
334
5525
567
4141
3106
2485
9772
9231
5056
101
6199
8405
5881
6382
9510
7323
6223
9869
6221
8883
6219
6218
8824
2167
8406
5909
3264
5917
1768
5662
6148
8455
8732
2111
3567
9601
5855
4471
8500
4576
5554
892
4176
9825
5935
5749
7648
8957
5810
8922
5779
9972
6796
4381
6071
7011
4078
7101
5102
8168
6117
4788
5823
8211
7660
9866
4145
8169
1336
6257
5709
8407
5903
1547
4984
3770
5790
9961
5663
2091
4402
2312
6239
6378
5244
4715
7086
8403
2019
3596
4199
6795
5753
7626
6146
4646
2854
7264
3083
4205
5047
8756
5619
9357
5862
5434
3157
7121
5345
984
6836
8647
5757
5936
6736
6558
3294
7669
5423
2628
5696
6135
498
5747
3503
4024
6159
6114
3168
3764
6798
3131
6166
5410
5099
6780
5343
8009
4231
788
3809
4598
4763
6915
6065
6019
3565
6161
1986
1452
6041
9192
8408
9037
6291
5292
2730
5689
3183
4637
3821
1873
3783
2385
2750
5574
6151
9623
4251
6898
3508
5464
3190
1897
9280
5107
8402
2128
4347
889
9018
2244
9814
5871
6254
5366
5575
308
5025
5687
3199
9872
5819
2718
6050
5860
6406
8753
5777
7095
3204
2136
5515
3868
3206
6241
5465
4999
5127
5670
4279
6034
6083
2116
5895
9885
4130
9466
3213
6092
4500
3480
6029
4243
3216
6317
3217
9779
5042
376
5767
8335
3220
6521
6236
5481
798
6210
4192
7997
6059
8236
6005
8736
915
4841
6186
9094
7440
5811
6324
8165
4307
1625
9108
3349
5992
9202
6459
3950
5319
3997
9652
9503
6200
1440
9790
8409
3238
5889
6389
999
6061
5007
3241
3259
8112
4104
7830
9711
5443
8681
9244
6341
6153
3755
6031
8759
6440
2697
6339
7837
2365
1857
5801
6991
2327
7804
4880
8401
6362
2680
8984
4341
4852
3502
5946
8172
3258
6281
5215
8547
4926
4844
5987
6176
6274
9989
4548
6132
6235
4353
5408
5471
4655
8728
7766
2245
9600
7457
5885
6269
8958
4267
5725
9863
8998
298
6271
4955
5239
6548
6547
6546
6545
6544
6543
7499
6541
6540
6144
9030
4464
7433
4922
2843
1420
837
2186
805
8190
2586
3994
6301
6876
3944
5479
7959
6500
6191
5263
4016
3191
9550
2182
8025
3292
8444
6323
5208
4612
5576
7914
4443
5692
6280
4946
8164
3298
8225
3299
9471
6167
4401
3521
2583
708
4913
6253
1249
1080
7212
6079
7702
7030
6509
3307
2805
5918
2783
6968
6760
8554
4476
5435
8437
8410
6654
4970
1042
6134
6469
5842
6244
4893
3664
6556
3219
7732
9892
6259
3234
7144
6096
1878
6629
3322
1568
6093
2937
8596
9685
7344
1401
4435
5492
8912
9699
5154
2973
8460
2573
8450
4916
3331
9398
8400
5197
8770
8173
5509
7061
6068
397
3336
9952
3337
7859
5564
6201
5800
7723
9624
5124
4874
2098
5988
6290
5631
8693
4459
9168
1481
8428
3777
6385
6587
7519
5121
1956
6279
9443
3350
6978
5027
9303
3352
9674
6511
707
5184
5369
5867
3716
9328
3909
3795
6311
6165
2101
6335
8101
7184
2240
1960
7691
1182
5424
5045
3904
6792
5287
6170
5854
6606
8817
5572
6227
3368
878
5940
6813
3912
1839
5176
9421
3372
6054
5313
5673
6074
6664
5453
1513
6665
5816
4503
8299
7866
8116
5394
9938
6649
4933
7508
5131
3538
7337
3383
8163
9690
4513
5815
132
4746
6566
2007
9364
3388
5062
6685
5429
6683
6761
6147
8750
7698
2467
5898
4525
4752
8600
5555
6154
4914
3140
56
9875
6577
5829
9752
3312
4312
6539
9912
6489
5726
4537
4599
8411
5945
6298
5251
6611
6278
9317
8086
6612
1893
4493
6137
6573
6263
3745
6286
5866
5769
7646
6680
7363
6516
6821
6404
3194
3617
1150
9932
3949
4747
5861
6812
1610
3086
5781
5661
5475
6354
9844
6496
4565
8532
8708
9454
2416
6740
6739
5141
9839
4209
2613
6607
4340
5401
201
8476
2214
3599
5921
5822
1910
4813
6243
5153
7617
5891
6249
8646
3286
9152
5756
6863
7920
4217
3667
3441
8530
2226
4152
6040
6224
6624
5504
1782
4818
6113
6455
5171
5870
6697
9281
6782
2729
3450
4601
5362
7973
9988
1792
5023
6222
3408
5793
5759
9393
8780
6449
4017
5411
1695
6302
9092
5598
7782
9461
5351
9333
3462
4772
6668
9110
6719
716
7572
3188
3466
1386
6671
8269
3763
6686
6787
7307
9556
6418
5163
3655
8898
8534
6467
2929
6393
6619
6082
7135
5794
6799
7260
2318
3478
3011
6839
2363
9410
4641
9346
9563
6578
2911
6330
8221
7452
3281
6635
6890
6889
9642
6887
9069
3925
6768
6630
4796
7414
7328
6811
3754
6523
2264
3493
4819
5603
5206
1392
6733
4580
944
6518
4768
407
9121
6549
8975
6473
7981
5983
6989
3500
1000
6847
8373
3417
2336
2761
9625
6376
6094
5261
5316
6379
2061
6329
6922
1169
4681
6145
3314
8412
1164
5840
8592
3514
2996
6326
3834
5888
9816
2849
9860
6531
4029
4399
2346
6670
3099
5948
7606
5682
4697
4378
9971
3524
2093
8528
2822
8146
8921
8682
9004
6807
5791
5647
6075
3520
6055
4930
5414
5573
6918
6877
1770
6614
2879
8614
5786
5894
4244
6785
6712
5142
6284
6784
8175
9534
3525
6899
7817
667
5508
7706
8071
5671
5293
7192
6919
9158
6879
4198
9403
3548
2429
5040
6590
4177
9521
5327
7069
7083
6797
3553
4566
5924
8286
8564
4741
2512
9221
5336
2575
1618
6515
4894
2912
2604
2328
6187
3090
7023
7022
7021
2514
9722
4753
6355
9788
6437
4316
6644
7309
4937
1100
7105
8355
6595
6726
8322
5534
6351
6684
5360
6380
6973
8492
6651
5967
6131
6884
4536
9149
4771
888
6710
6451
395
6408
5372
4136
9668
7425
8740
1604
5257
6442
9680
3059
6976
9342
8536
1911
4226
4691
6039
834
4757
6193
6309
8787
5223
5064
7462
6793
6682
5075
6843
9350
6321
7134
5961
6032
5627
6572
925
9571
9598
5977
1492
9128
6945
2553
6255
6140
6439
715
7037
761
1996
7094
6995
6657
7081
5942
7200
8161
6122
7940
3611
6157
4317
9765
5420
8043
3614
6921
9074
7767
3616
9050
2840
5532
5722
3955
6334
8831
7211
7210
7209
7208
7207
7206
7205
9715
7203
4833
7716
6900
3361
2616
7496
2418
6875
9661
8206
3477
3985
6443
5901
7523
5535
7584
7175
5787
4361
4626
6983
6303
4651
6110
6954
9517
6064
7027
6495
3338
5438
849
5462
6261
3642
4448
7013
9047
6734
4452
6723
4861
3646
4360
6687
6584
3648
7019
3649
5214
3650
5482
7171
7437
5454
8874
1861
9987
8288
5476
5133
4840
7140
7139
7191
6774
3658
6078
6831
6310
6397
4000
5624
5859
4883
2539
6185
5931
5863
1696
8724
3662
6969
6845
7882
6830
6773
6980
9960
9138
3945
7293
6965
9445
942
4928
3673
3590
7314
8526
6432
9525
8280
3309
7257
4248
7255
4491
6463
7573
6497
9738
3435
4605
2950
8904
7486
8191
9626
2456
6411
9187
8328
5899
6453
7079
3688
1065
8262
5367
8360
6853
3691
5907
4923
7389
3693
3690
4182
6801
6929
4275
3696
5915
6246
9419
6013
7251
7057
6762
3700
4971
5552
5923
5245
7154
6791
913
6174
1850
7123
7286
6353
9878
6591
3445
5397
4945
6859
7835
3710
1924
6783
7316
5739
7351
7350
7349
7348
3488
4644
9735
360
5349
3717
4155
5192
7020
1359
3228
9282
5651
203
9827
3722
4461
4255
4965
6704
2642
9064
6561
4240
6713
7004
9849
753
6441
7454
6272
6313
9581
4975
7449
3732
4765
3733
7237
3734
2247
7455
8508
3736
4142
7088
8125
4118
4545
6804
6175
7008
4190
7295
7294
8850
9834
7055
4582
6754
6128
2620
3609
4995
5995
4684
8319
7267
9090
6542
8160
3750
6764
6943
6364
122
5714
5630
3381
9112
5886
6482
8013
3756
6949
4951
2801
7262
1544
7284
9741
3760
4989
6613
5612
7423
7032
6937
9695
6484
6952
7517
7397
3766
3935
6593
8538
3768
6102
7396
3250
5116
6748
2678
7236
3772
8078
6178
722
7434
6711
4671
6935
3081
6794
6001
5643
7063
5103
7459
4997
9944
8233
6695
9506
7271
6416
7259
2817
6959
8257
6947
9597
6017
6914
8058
8961
4630
7149
7219
5053
6741
2636
6415
9207
3792
5900
7195
9161
7428
3254
8870
7415
4721
9921
7298
1727
4791
4912
3799
8137
7239
6319
3801
8985
3353
9044
7343
6314
3978
7352
3805
5295
5137
1522
8120
8892
4502
7507
7506
7505
3810
5444
7161
8836
3812
8826
6056
7861
7174
6018
7215
5728
8396
5991
6805
8694
7177
4492
7146
8847
3180
574
7487
9777
3822
6829
7231
8290
7224
6557
6037
8683
6405
7132
7336
6044
5469
6245
6127
3078
4750
3608
5751
2919
3197
7460
7559
7119
8702
3152
5093
516
7635
7024
7633
3638
9490
7398
7629
5044
7514
7993
3841
3073
6422
4006
3843
7281
6375
6507
8104
2662
9146
7637
7567
8819
6414
5803
7589
6816
3850
2421
7007
6163
3852
5998
5780
4150
4210
2102
6436
5432
3856
8765
5783
5586
5633
6974
4824
7510
6913
2392
8438
6179
7403
8381
5151
7962
6183
9732
5060
3318
4020
4667
9986
3272
6412
5748
3869
3166
8054
7788
7380
6304
3872
5346
7382
7666
3874
9857
7715
9627
3876
4934
3877
882
7201
432
8350
6168
3880
2073
3747
3507
7413
6596
4821
7311
6215
7361
4555
9643
7497
9770
7127
4822
9818
6524
3889
4410
9888
6197
7475
5189
7012
9926
7688
4842
8246
6942
6967
5404
6927
6529
7003
7658
975
2126
6854
5033
7386
7649
7329
4337
3902
1999
5376
6714
6247
7703
7272
2900
2938
6430
3907
8159
3339
5584
7699
7644
6398
5905
7550
8976
9338
5902
5262
5290
7594
3243
7668
7667
6666
7300
2381
8469
5173
5426
7419
9388
5227
5114
5776
6344
4043
4638
3726
7287
6699
5666
713
5098
7819
4712
5400
7532
2585
2207
5752
9970
9354
7274
3931
9487
3932
1826
8006
2622
2455
7630
7679
1921
8802
9513
7531
6931
7565
2192
2031
8920
3940
6999
7810
5904
3713
7169
7771
7060
9786
3712
6617
2454
6086
6315
7848
5375
7402
2798
7602
7601
9196
2257
7793
293
7791
9744
6035
7106
4062
7031
6535
7789
5325
5061
6322
2434
6633
9056
7391
4257
4138
8445
7218
7578
3962
577
8588
5544
6343
5664
7043
3101
3966
7244
4959
5218
6803
7632
6553
749
1463
7331
7787
9951
7198
7557
5183
8456
5701
2741
7832
5301
4541
7864
3367
8331
2867
1003
6964
8395
6849
6475
5691
8800
7539
4060
5975
8178
9596
5318
4454
6000
7087
7529
3987
7058
5681
8200
7853
7796
8962
6208
7522
4790
5323
5928
7711
7913
7912
7911
7910
9903
7908
7744
7153
1925
5536
7156
5999
7619
8062
6402
8856
1508
2660
6295
7160
8575
4038
180
6008
9916
6192
7657
6011
9229
6513
3039
7583
9755
7448
5604
9496
6084
3933
9529
6689
7811
8540
4089
4015
1922
7682
4820
7291
7808
4018
5970
6431
4607
5974
5361
4372
9171
7464
8052
4689
7854
7979
6216
6368
4332
5055
3870
6359
9899
6827
3787
7234
4628
5003
6526
8806
1612
7843
5447
6403
8267
6471
1212
8844
5966
4036
8049
7627
1595
6346
6121
7359
6756
8644
7076
6024
8074
5035
3407
7799
9456
8069
7829
7783
5355
6744
4786
4486
9447
4362
7062
6749
534
3665
5929
7090
5379
7489
4756
4053
7406
7595
6731
7903
7792
6885
7526
4057
1756
7677
5101
8372
5439
7042
2892
6428
6374
3905
6320
8292
5911
7045
7801
6089
4077
5809
3990
7770
1132
3863
9241
7954
6977
7376
6413
7125
7844
6824
6081
7958
5358
7189
8572
5835
2368
7490
5824
5557
9417
6265
5770
4133
8578
9628
7357
5270
6025
4487
3711
7639
9201
906
6391
6581
7429
6421
7871
7591
7731
7939
2415
8798
2726
4090
937
8007
4924
4092
9985
5161
9041
7874
4817
2762
6981
9088
6662
7091
7025
1348
5076
8174
9023
7202
6940
7324
2428
4506
9549
8111
9408
8240
8084
5802
8083
7133
7346
8276
9123
6076
1213
7306
1018
4964
2740
7587
2290
4826
8207
8110
8109
8108
1716
7995
3333
8416
5489
7525
6628
7477
7790
7724
4909
7924
4696
4505
5140
2811
7333
7327
9562
5914
3550
5150
5501
5491
9881
7607
9729
5517
5817
7839
6984
6425
6641
7230
7569
4132
4547
5954
7645
5690
2756
6203
4683
6656
4474
9570
9580
8061
8060
8141
3728
9220
2614
6212
6750
7071
801
4143
7075
4973
8473
9484
4129
941
4976
7563
1016
1661
2122
5125
5533
7695
3839
7265
6643
6886
7610
7503
5934
9468
8029
8028
2494
4156
8430
7875
6466
1599
2772
5063
9907
8394
3571
4891
4994
7420
4274
6939
5715
8210
2776
6757
9675
6266
6667
4907
4366
8003
8002
4873
7579
9164
5602
6555
9191
7747
3248
5090
5565
7681
6401
8264
3680
6251
2784
5882
7807
6248
6429
4839
7388
9318
4268
8285
8866
8130
8282
5789
9937
8090
8778
8345
7965
6234
2965
8117
9027
4188
6826
7624
492
1390
7960
5798
8139
7786
8744
6985
8
4273
5593
6361
9595
4196
4160
7541
6592
8176
8498
8199
6456
7942
7268
8167
7502
4314
3116
6305
9555
3471
6800
7515
6838
6893
7820
5253
9959
4208
7926
6202
7618
7709
345
4211
8087
4404
7949
8126
6260
5832
8733
9374
4148
4450
8993
7991
4779
6499
5371
7384
2201
4220
7113
6332
7318
5976
2002
7483
5892
5129
3330
854
4440
7044
1802
5608
1660
4228
6920
5639
3329
4230
8183
6347
8897
3370
1448
7092
5599
7360
7481
4235
4005
4875
3954
8215
6707
5912
2807
8259
7275
7453
6486
7776
8327
8326
8325
7426
9143
8162
4851
8051
6460
7856
2300
6099
9019
2387
3398
4249
6728
8020
8491
5013
7934
988
8144
4253
5740
7399
4531
7447
9895
8480
4614
4558
7547
5472
8796
7951
9747
7418
3510
6392
9377
8369
6808
8363
8284
7221
8131
7821
6575
6702
3068
7759
9463
5210
4127
7319
7226
4270
55
7883
5406
5273
2848
6691
9662
7694
7258
7392
8426
5731
2739
4277
9499
6225
8255
8254
9686
9396
3454
6759
4063
4282
9704
4100
8281
6855
2972
8123
2949
7373
6124
1072
3359
4828
2534
8384
7367
4903
4915
4291
9371
8229
7005
8135
9931
2305
8106
4295
4685
6988
7355
7888
9644
7164
2850
7574
335
8329
8077
5735
775
5288
1836
8208
19
8399
3404
9654
8337
9708
6395
2458
8695
4308
8124
7417
9820
8443
3212
8223
8349
7390
3720
5828
8188
5177
8082
8563
8720
1997
7279
9010
9669
7725
3205
6911
6950
7315
5761
7511
7289
7597
6129
8170
6230
6874
3575
6488
6616
4326
7304
5187
9059
6992
1991
4329
5136
9984
6028
8587
8154
8046
5028
4333
1366
7802
4468
8623
8630
7485
5538
6506
8859
4106
8977
7774
3528
8138
6551
3276
7675
8599
9854
7976
3371
6951
6910
8375
2611
2922
8177
4496
9969
4348
2866
4349
7986
6869
6155
7768
8903
7136
199
8679
9538
7773
7408
8227
2238
4387
7552
8613
8612
8611
8610
8609
872
7653
9401
6971
4306
8097
8258
8986
7825
6554
1342
6550
8404
183
6987
8063
9829
4368
4082
8601
4095
7873
3179
9240
2215
7228
9841
2544
8075
8810
5427
4732
9473
7484
5149
4377
7620
7033
1741
6407
4896
8424
4119
8490
2753
8278
6126
8356
3753
5478
5259
8558
8557
8556
2924
8171
470
8739
8841
8340
6434
4390
8821
7823
7780
7214
8525
5030
5796
8038
8641
7535
4406
3920
4405
7803
852
7001
6384
7039
4778
7182
6491
6602
8217
6289
7643
8523
9691
6492
7335
3061
9312
8248
7051
8351
4394
6605
5238
1245
5920
435
8295
7891
9135
5883
5660
9130
6802
7946
1490
5120
7737
7998
7656
8496
8495
4418
266
8635
7608
9594
4769
4421
7303
6963
8666
7927
2832
6194
7288
4494
6582
8549
8777
7379
9072
4195
2952
1683
8472
6962
5212
9380
7970
8462
5018
4664
3263
4434
7664
6769
2459
7394
7961
8273
8315
7313
6007
8910
5880
8964
8451
6220
3546
4442
2875
8483
2853
8000
4658
8226
9067
7944
8102
7647
9509
6169
6623
8707
4256
8433
7936
3481
423
7685
9324
8057
8153
7721
8579
7797
3683
6267
5304
7772
9334
8553
6936
1467
8415
6639
3252
4652
8854
4462
6892
9700
1567
7989
8501
5683
8452
7885
446
4662
8342
8719
7904
8045
63
7889
7424
8879
6394
8519
5834
7159
7064
8947
8946
8945
9775
8943
8942
8941
9449
8939
9481
8937
8936
8935
8934
8933
8932
4482
8201
8790
8370
8529
9358
4485
5981
8332
2223
234
8212
7100
2992
7183
2349
8387
7600
9368
6363
9846
7636
8371
724
8786
8435
6743
8486
7824
3340
4848
659
8343
6327
8249
6672
8358
7277
3173
9086
8768
6350
6755
8678
8585
9726
7840
1648
3273
8413
8595
886
8015
7152
9116
8493
4510
7733
8882
9943
4512
5799
3200
175
8809
6567
3802
4112
6331
9038
6996
8307
6292
8414
8895
9911
7326
8855
8924
8853
4522
9305
4336
8296
6049
6694
6788
2890
8747
7243
8772
8465
9630
4595
2579
8527
8033
3020
7795
8604
5760
4733
3452
9712
8489
8929
8951
7655
7155
5559
6806
7945
8091
2164
5017
9391
2332
8816
8815
7777
7468
7249
8235
7751
8989
5932
7887
5985
4554
9182
8716
6070
4552
7765
8119
6946
8213
6283
9099
5672
9097
1222
9095
5887
9093
3730
9091
8878
9089
8785
9087
9579
9085
7748
9083
5655
9081
5724
9079
9533
8891
1291
9836
8346
5477
5442
7609
955
2229
9113
6217
9763
8390
8397
8761
6647
9106
8250
797
5486
9206
3846
9178
4862
5893
3844
4575
7118
8357
5704
8959
5962
8193
8306
4579
9983
3595
9043
4581
6692
5221
6896
7407
4453
8749
7276
5294
5087
7077
6972
8311
9162
4941
4573
9009
2236
4590
8839
9155
3976
6123
6881
6867
2062
4594
6878
8808
8166
5938
8594
8359
5057
8905
6872
8509
4718
8773
8701
7905
6048
5436
8607
8056
5837
6446
4680
8917
7982
5953
7371
6143
8507
5665
8143
8685
8684
1092
5311
6917
8024
6589
571
4613
8938
7491
8992
6505
4669
8990
5002
8128
8669
8967
9950
7919
7650
1561
9034
5037
5968
7957
4877
7054
5646
9124
3623
7442
8654
7270
8214
6941
2304
7714
8318
7870
8378
7577
5808
4631
5994
4632
3088
8640
8670
4634
4798
7990
5978
4636
2825
8502
7616
5178
2450
9119
4787
6696
8626
5058
6458
102
7362
8771
2653
7431
8801
8079
4116
6195
7941
8911
6493
4648
7598
4649
8514
4782
5523
5332
6470
499
8066
8995
6205
9176
2899
3470
4396
7369
8504
7411
9884
7892
7980
7471
6213
8053
8589
9175
5937
7576
3108
8691
6479
9502
8896
4950
8822
7305
3640
6923
3343
9076
7188
9319
2024
9332
6975
8715
9314
4672
5222
8700
9177
9309
9323
7895
2759
4293
9304
4677
6237
8022
5821
4679
9891
8338
9750
7126
8016
6020
7162
7542
8767
7495
8545
8230
7538
2404
4215
8835
9569
7974
1833
7034
7528
8535
5813
7241
4128
9294
8987
4693
8243
4694
4369
6053
9134
9133
5636
4008
4413
5845
7987
8379
3622
2371
5806
8515
3134
5382
8179
8735
4572
6586
7814
8687
4238
8506
3593
9031
6277
7750
2687
8634
3109
4046
7498
6231
9103
9102
2088
7494
6285
7543
5094
7877
4897
9768
3144
8347
192
8953
421
8479
8391
3983
5530
3409
6693
4988
9645
8619
2525
8940
7996
9077
9337
8470
5138
8927
1530
4728
3158
9437
1371
8382
7933
6356
3636
8751
3444
7147
8105
9758
9118
4194
8453
8072
5684
9054
9053
4738
6669
8019
2163
9228
8636
7112
6275
9341
9520
8301
6325
4744
7631
8727
2588
6871
8228
6837
7479
9033
7438
8147
6333
7661
699
7775
2993
6789
6454
9868
8421
8814
5455
8467
5768
8145
8649
8705
9015
9958
5528
7615
1632
9230
8543
4761
6349
5551
5059
7145
6634
265
9098
7099
1506
8894
8398
8997
3178
9035
7662
9179
9117
4770
9440
8944
9803
9459
3224
8865
3182
9114
9801
7561
8981
4776
6369
6293
9968
6371
9561
9039
5982
4076
5693
9822
6609
9301
6377
4783
8966
3814
7845
4389
5578
7841
5754
6383
6038
6270
3192
5451
8709
8645
8620
7372
9071
4792
4041
7190
1813
8014
8624
8392
7963
9347
6087
6103
7689
3465
8960
9183
5926
8627
4801
9439
5762
8067
5172
7247
9871
690
4780
9522
6576
9920
6184
2657
3549
8875
2760
9545
7482
3773
3715
9479
7534
9243
5158
9295
9865
8729
6979
8714
9125
5305
9070
8310
9217
8926
9805
8593
8899
6857
6888
5943
9629
6766
6138
8039
4610
7719
3326
7238
6894
8887
9284
9383
9799
8577
8915
9613
5558
5592
2198
8703
1932
8876
6904
5383
5157
7193
6820
9547
8907
6909
2271
8561
9548
9671
9546
9619
9544
9543
8419
9982
9925
3694
5196
8303
1888
9659
7928
8522
6461
6141
8309
9653
9696
9307
8256
9214
8195
4850
7067
9782
9329
8017
8448
8089
7551
5674
8797
5561
5930
7728
6632
7204
6477
4858
8239
8963
4942
4860
3986
7292
7779
8517
8559
8447
7566
7014
9495
9494
9493
9330
2015
9311
9386
7901
6525
4869
7066
8503
7705
9491
8804
5315
8948
231
6160
8189
7697
7245
6603
4876
8795
9213
5352
2959
7374
8539
3218
7690
2623
5135
9392
6569
9460
9679
9458
8196
6229
9057
5179
9413
9689
9681
967
6618
7225
7334
969
6423
1650
8323
9005
9552
6716
7917
8366
7831
6287
9287
4411
8760
3490
9432
9431
9655
8650
9101
6533
4678
3971
9631
8065
8261
7412
8581
2904
8828
3497
5322
8743
6033
7554
8663
7197
4908
8036
8209
4449
9407
8762
4621
3274
6357
1772
9476
2425
8919
9743
6559
5339
8194
8429
8279
9120
4107
1470
9599
3027
9784
7178
9736
9851
6905
5069
2193
5302
7879
5080
9385
3074
7170
9296
9535
8704
9361
8122
8873
208
7612
5635
7571
9366
8316
9061
7400
1649
6908
2672
6818
8775
8689
7899
9539
9706
9428
5461
4939
7297
8513
5280
9348
9593
5139
8099
7592
8524
5289
9576
4174
7240
7141
6009
1706
5119
9764
6386
8999
7582
9331
6601
7909
6508
4952
385
1958
8081
6809
5405
5309
5291
4956
3304
4957
9283
9279
9315
7935
9349
7104
5277
9251
8068
4420
7345
9583
2212
9267
3901
7671
3427
9673
9300
9107
522
8633
7553
9584
8055
6627
8783
9415
9242
5117
4280
8289
2568
9286
9285
7717
9582
8723
9049
9271
6637
4978
9014
9719
3669
8789
3629
7472
9272
8908
8034
9451
4627
8618
6737
8863
5933
6021
9774
9115
3883
7151
9259
7983
6653
9516
9665
1227
4330
1866
6503
9760
6563
2770
2322
4993
9246
2580
4910
9974
3943
4998
9740
9169
