4000
101
642
2962
3696
1089
660
3167
606
225
974
27
60
3278
330
39
242
85
1308
2907
12
145
17
207
178
3689
8
267
1710
2133
14
2731
23
37
1142
2734
1702
1373
1068
223
3462
34
40
2945
35
2044
30
20
3256
3470
3820
2067
2970
97
5
3179
24
2406
25
891
1504
10
3486
2007
47
229
63
3422
49
841
134
2431
65
2012
2680
3561
45
625
46
13
59
433
3290
2853
11
3404
492
943
3938
525
1404
1235
68
91
218
3079
87
2888
0
2086
3162
90
50
2923
51
89
3706
163
53
3877
2994
1911
55
7
1416
2609
38
1573
2642
591
105
2902
6
3261
1450
19
122
3908
3970
71
64
32
732
1277
1402
1599
128
2022
123
56
1078
48
113
247
202
1409
2536
2205
76
31
67
3527
418
3990
3076
29
708
2921
96
2097
224
3550
106
3700
952
120
2516
3922
1366
109
3364
2971
230
885
144
3441
143
3216
88
2470
3466
139
21
2941
69
2374
137
2843
3586
3525
2728
3507
610
2737
3420
1219
188
41
191
3881
244
33
596
1083
2032
3977
448
3675
1298
75
204
93
158
3417
3338
174
1228
26
108
1131
153
125
256
3923
111
2752
3840
3915
468
1
1516
3055
2242
1173
220
3954
1128
118
129
3195
364
78
772
1515
74
159
209
82
498
3772
189
44
215
2462
241
3889
3110
185
203
971
1594
179
1100
2361
197
3489
132
3921
3230
131
2908
3607
570
925
2990
3052
192
265
164
2893
284
94
2452
200
3328
2676
1268
245
3862
237
1716
3217
1830
183
251
3679
718
3718
2750
272
115
214
255
2775
3662
2421
592
138
279
337
1874
1711
1588
3941
156
286
297
142
2202
3802
484
213
252
1827
221
194
162
290
1190
2593
694
3435
326
2956
222
3619
828
1253
205
299
2834
1701
331
3243
2382
3309
243
3363
1468
2465
1194
340
788
181
350
283
149
3
270
133
774
3912
285
190
352
211
182
28
2806
2905
3776
1123
275
2270
353
3229
292
1381
2256
3803
2334
126
3758
2632
301
449
371
1195
2686
2101
1564
3993
502
236
2336
334
2472
2761
198
3787
1544
2565
367
3387
329
2580
298
332
343
3558
804
2061
2900
493
401
3809
381
1357
79
127
349
61
276
278
2822
3801
3756
563
157
402
3004
3447
391
103
216
3924
387
3273
15
3171
384
431
428
1347
826
1469
333
3783
77
102
307
393
3366
383
1226
1279
435
3446
228
3660
3066
1953
389
695
415
458
3668
305
313
3057
281
438
806
315
446
539
2028
370
2248
3831
459
419
444
302
461
3724
323
671
467
1405
2104
571
2928
42
1512
2289
2740
322
455
70
3598
2113
3112
1647
440
3461
556
238
443
1225
494
1223
452
327
478
3843
407
3197
258
506
3202
2725
434
3920
291
2460
262
509
1408
250
3384
526
3868
187
266
3299
1372
2985
3272
907
249
535
886
2547
3578
217
588
424
273
487
3814
2401
2398
317
398
1659
2118
1593
530
1703
3274
557
2972
2478
356
3764
282
2110
1550
358
524
2965
107
362
1906
2706
527
260
288
1971
521
1401
2136
3902
523
3709
375
104
503
3592
584
562
3296
296
589
779
473
167
135
2295
994
354
558
551
511
3804
1776
3448
1806
451
3164
175
441
3246
306
3759
1328
2436
411
1547
319
1725
3476
3013
548
2648
312
2512
499
733
2968
482
2238
304
3128
3294
529
3218
385
425
2828
3030
320
52
257
3214
2168
3535
253
593
1734
691
842
568
581
3591
81
437
616
554
1234
2
2020
2215
1376
1969
2926
3965
445
1777
602
365
1108
99
98
632
2316
1705
802
1823
664
1393
2088
1707
663
3445
538
903
2016
212
669
3536
3726
921
346
2319
206
3800
348
208
677
2200
681
3755
575
3697
363
630
567
3593
1696
3583
3228
2025
397
3467
541
2233
417
2917
689
495
702
594
649
3969
692
3005
636
620
572
2037
3688
172
390
2520
3362
582
2800
2995
894
246
1948
2173
3232
3645
627
1995
1590
2668
547
3795
573
569
1522
2529
808
316
378
728
3424
729
739
3812
870
714
3858
2455
646
2405
615
719
1916
116
409
959
746
517
388
512
2284
372
628
2532
755
2829
231
100
590
287
661
3087
703
731
1152
3534
508
342
553
3581
1920
711
552
3925
3402
2909
766
2017
3356
587
1374
321
1956
809
595
114
3262
666
408
706
2934
2320
1062
813
3978
2929
635
168
803
293
507
2545
675
622
2916
899
338
3982
643
2557
1914
811
420
3123
750
414
16
3735
1398
758
3020
781
707
3116
1480
1039
427
170
1510
18
709
737
3878
3271
800
3664
585
701
619
1101
579
753
775
871
835
3105
421
555
470
475
3204
58
3676
3333
831
3529
2918
3855
761
621
481
848
667
2857
2170
3017
3736
3430
2870
2371
1212
3193
1648
3391
2360
723
767
3590
505
896
793
3367
496
537
3250
2059
464
650
1668
3042
2794
1305
483
780
846
745
462
3537
763
749
917
865
465
3652
725
3999
792
720
453
2046
1384
768
877
2721
2038
566
472
843
893
1301
3084
3567
3906
3892
3118
604
1536
3505
1436
679
344
867
668
2856
912
889
837
3062
963
3493
3884
814
485
2052
2098
324
935
1105
651
355
929
872
1568
580
1350
3886
3948
328
1646
816
2094
3947
807
603
678
3819
980
3816
2586
3523
979
80
3108
989
501
1677
634
2647
2782
2172
1344
1611
873
578
645
3864
887
618
3760
687
2340
3650
522
1002
905
3517
987
497
957
2301
574
3775
815
3500
516
1004
895
2308
259
423
752
1037
927
2116
869
2444
1021
2346
583
2622
3546
982
3930
3358
1022
3960
791
112
2776
3742
2674
2337
1053
3767
951
1013
532
868
1980
148
534
914
1478
998
3376
874
715
652
3180
844
762
926
1071
1006
1075
2584
937
152
1626
3093
544
357
1052
4
1236
3487
3200
2577
975
1028
879
366
1618
2341
1081
2717
386
2137
648
54
2134
1040
876
476
410
3444
1386
3737
3222
743
2878
3516
1104
3518
561
847
2756
3397
3132
3281
3784
3408
1926
310
1091
3998
1077
910
805
614
680
3418
488
2310
1113
915
713
177
2712
765
3946
3097
1067
318
3210
345
1019
533
771
3653
3606
3601
1050
2325
995
2486
2076
2781
1047
2080
3460
1643
798
3156
3790
960
1007
3473
1139
2193
3184
447
1125
730
1186
1177
1718
1035
640
845
1063
3325
2552
2521
1187
1979
597
1133
1080
3703
1099
2912
1057
801
2942
2416
1103
2707
2770
1169
169
1443
991
654
3238
3667
607
3046
1136
3236
609
2278
1820
3063
611
3165
612
3213
1836
3625
2830
2915
1183
821
3962
2998
1986
2741
515
536
2714
1094
3088
2953
1135
1240
1496
988
1143
22
2826
968
938
1238
626
3935
1247
965
850
2107
1060
1517
2802
3792
823
3733
289
2123
950
422
1109
3987
1059
3125
727
920
985
818
638
3227
639
1036
2102
359
748
3149
1209
3642
2670
110
3006
1093
1189
2685
1976
3559
1151
146
1286
432
1514
1295
1498
3335
3682
1043
1672
3955
1163
186
2124
665
3140
1525
656
1213
1127
941
658
1051
1644
657
550
1175
892
741
1297
3926
967
439
3658
1165
311
1289
1149
3649
1001
3361
3640
514
2626
3168
670
1383
1217
3589
1141
2955
673
3481
3154
3395
1087
1181
2390
3538
1129
1201
993
1061
1329
254
2638
2201
1327
2257
2282
3148
1307
3373
684
3585
2948
479
686
2339
1031
653
2090
3867
1894
1841
690
3471
430
2949
1088
608
693
1120
819
795
1343
3482
696
3339
1203
3940
716
794
1371
3837
700
66
2892
280
721
3385
1231
395
704
3515
3270
1098
3440
3903
851
9
1154
683
3914
840
2506
1309
1300
1332
1157
57
396
2660
1788
2031
1073
3432
1397
1499
717
513
3950
1413
1379
3985
1427
1179
3542
3564
1578
3631
1299
2296
3468
2922
1385
2757
1425
969
1610
1442
1111
1303
1082
973
1375
3945
1097
659
1417
277
1908
1242
734
121
1860
981
3968
751
1890
2488
3276
3327
1269
1605
1403
3573
1441
3997
742
3708
3958
930
1612
1294
3992
412
1367
3933
1483
698
1283
875
1229
3617
3832
3918
1314
2614
1254
3595
1041
1005
3738
2280
1322
832
756
904
3632
2896
1237
3572
1359
1024
760
520
1479
2441
908
1216
1507
833
3562
3705
232
1821
3096
2733
1293
3842
1260
1481
2842
1439
1095
3747
699
2389
1437
2212
773
295
1500
2323
782
2697
1368
3806
2140
1110
3170
559
3630
1330
3292
797
1241
3654
1072
3701
1399
2760
1491
1603
2526
2220
2592
2901
1352
1493
1732
776
1549
1533
3698
3771
1055
3745
1463
890
916
155
1271
3882
1193
1580
796
3979
1538
688
1281
2515
3254
1571
1990
1490
1292
1124
1248
226
1540
3080
1422
3825
336
744
740
3687
1487
1495
373
193
2784
2890
810
3427
2910
1287
1354
2627
1407
2517
1011
931
1461
1494
1579
3937
3888
264
1595
2748
1311
117
2190
1146
140
2384
1627
2535
1263
787
3348
3826
1438
859
1455
789
1622
2228
674
2307
829
1462
830
1326
1034
2109
1616
3532
1620
1985
1325
1255
637
413
2950
1014
1482
2085
919
631
1449
3680
1420
1673
3848
3174
1782
1445
1501
2836
1632
3147
1619
1266
1451
2839
601
429
901
1243
1290
1396
1257
130
1415
3989
852
1076
853
141
1505
176
1810
1456
1607
1567
1670
2240
858
3835
2084
124
1434
928
861
1689
3038
2938
1601
1637
1834
2646
3732
977
1444
3839
1160
2385
1066
3798
3114
171
1674
3571
1070
2494
1576
3443
3850
1665
3056
2808
948
3788
1230
1704
2122
1182
1602
3031
924
784
1755
201
1511
857
1888
3753
1351
2277
3622
3323
878
1570
546
3879
1667
936
888
1572
1934
2317
1418
2895
633
1742
1664
1256
1421
1394
1741
2695
1645
849
1774
825
1346
1197
1731
1284
519
460
1750
600
2066
1690
1676
898
1671
1424
2624
855
1535
195
1736
954
3026
3765
1556
1440
1789
564
1410
1625
911
1459
1363
1623
913
3648
1454
261
1144
1738
3350
1210
1563
3620
918
2376
1655
1196
268
2898
1519
1721
1793
3151
1801
469
1870
294
747
1020
1796
3827
1826
3126
1722
3891
3774
1356
1488
1586
1164
1569
3310
1044
1400
2976
1964
2311
1585
3330
1285
624
1819
1816
1251
3347
1503
1807
1009
1719
1726
3188
1486
3027
1471
882
1574
3490
945
1448
2662
3951
1859
1660
1751
1054
1895
3520
3000
1817
1614
3909
2726
2395
2616
3388
2914
1364
955
1115
3078
2939
1218
726
738
933
1838
399
1084
824
1339
1875
962
2983
1825
2698
3944
2571
1675
3248
1978
1244
1927
2817
1526
2158
2164
1811
436
956
1457
3089
1778
2305
1064
560
1884
1766
1759
799
976
3129
1140
405
978
1706
3644
1642
1842
1221
2988
1828
1161
1685
1639
3588
984
3856
1275
1045
1315
3575
1923
1207
2960
382
754
3785
300
2803
1615
3996
884
2795
1757
2370
724
1423
1961
1176
2466
3069
997
1983
1565
3548
1959
1949
1968
783
1502
2825
1988
3927
1003
1432
1839
1518
1508
1341
2766
2005
1855
2266
1008
757
3794
394
1905
3911
1876
3964
1012
154
1429
2522
1617
1353
1178
1348
2418
3459
1017
376
2062
471
3318
3212
1530
3403
1122
817
2014
325
1940
1365
3194
2065
1728
442
248
2239
1915
856
1331
2000
1029
3190
1030
2871
1631
2262
2920
1688
1033
1768
2009
3011
1791
1389
1342
3739
3412
2530
1038
2036
3414
897
1902
3317
1527
2964
2958
3375
2015
3173
2862
932
2043
1892
1744
934
2758
3861
2480
486
1694
1814
1965
2497
3818
2434
2051
1730
184
1310
1532
404
1583
3638
1056
1691
3566
2250
2033
3101
1589
2092
1795
3661
1085
3240
2332
3043
1903
1904
2058
1633
1885
2053
1737
2299
1727
1026
778
1453
3234
777
3666
2105
2069
2045
1997
3720
1431
1227
3360
3655
1613
1025
1794
3570
2388
1545
1027
1661
3390
1521
1853
2155
2143
1724
1337
3611
3036
722
1921
710
1679
235
2946
2129
3206
1756
1693
403
1743
2138
1184
1345
2027
3749
3528
2024
1699
1790
2019
820
1917
2063
953
834
1871
2176
1334
3612
3634
233
1467
3131
1313
531
1102
685
2163
986
2144
2481
1933
923
1808
3983
1107
1117
2298
1472
3028
1520
2081
3828
1775
2578
2162
3917
2040
770
3506
1987
2392
3605
1116
1899
1663
1972
565
2951
958
504
2013
1382
3492
2121
2091
3351
1966
518
2224
2603
2166
1130
1770
3312
1466
3146
1881
1709
3524
2127
2628
3407
1697
2589
2243
543
3846
1180
1361
1513
1698
3426
2072
3419
2234
3045
1188
3807
2149
836
1955
2835
2408
1684
1813
1880
2227
1634
1831
2210
2273
2840
1960
2209
2966
1312
2742
1369
2610
2294
2762
2208
2175
1843
1869
1658
940
426
2524
3743
1414
2868
1156
2604
3082
992
2217
3610
3554
227
3346
2120
3040
2769
3488
3663
2070
1355
1863
2931
3628
1845
3762
3859
2095
1106
2528
3181
1559
866
1170
1391
3316
2326
1835
3451
1692
1246
1174
3400
1763
3308
2226
3931
2324
1406
1907
2791
2710
457
2268
2491
2251
3725
2183
1577
2071
3021
2355
3731
1185
3456
2426
3967
2188
1799
2068
2195
2260
2940
1587
3553
2359
3469
3866
1000
2375
1847
1338
3531
2131
274
2267
2873
1856
764
2249
540
3714
1999
1200
2135
2115
3904
1202
3393
1803
1561
1929
1740
2207
2230
2396
3907
2047
964
2300
2286
1913
2216
1729
1214
1996
2099
1048
1946
2103
2197
1822
3713
1215
3141
1937
3624
2087
2882
2055
2429
1951
150
2034
1395
1962
1629
1575
3555
2399
3178
3454
2448
2447
3582
1145
1758
2148
2393
1155
489
3852
1069
1753
1641
3302
3369
1232
1653
1850
1529
2404
1411
2331
3092
1886
3822
2417
1412
2057
491
949
3813
1942
2083
2345
3074
2146
1657
2271
1265
1555
3152
1250
3073
3386
1046
380
2056
1171
2471
2449
2377
2223
3863
1877
1865
3952
1340
2485
3797
2258
2231
2287
1435
1931
2011
1065
2652
3980
2353
2244
2380
1537
2790
1458
2198
839
1430
2023
1168
2684
736
1476
3956
2356
2569
454
72
2114
2387
2219
3381
1475
3715
2119
2729
1272
2276
1273
785
2451
3943
2419
2108
3752
2641
2060
2128
1278
271
2549
314
477
3707
2343
1652
2350
2623
2150
617
2261
3873
838
3513
2430
1967
1018
1717
1288
2089
2450
3521
2187
1844
2379
2349
2154
3337
2415
697
2984
2177
2402
786
1296
2075
1335
2498
1797
3815
2550
2328
2591
2590
2386
1624
1302
2290
3320
1428
1739
1524
2886
2344
1306
3019
2327
3872
2596
2078
1833
576
2575
3223
1388
1447
1918
1205
883
2174
2427
2214
1973
196
1316
3995
3712
2555
1191
1134
2880
2362
2330
880
1982
199
2351
1554
1323
2992
3304
3693
1852
3692
1662
3609
2489
549
2630
3258
2583
1773
2978
1687
2501
3209
2579
1896
2159
303
2474
1928
2003
2546
3686
3379
2006
219
1712
2490
2411
2272
1787
3355
2439
3874
2073
3127
2621
3833
1121
3897
2283
1204
2519
2484
1591
2597
1981
812
2573
3301
466
2617
1767
2679
2363
368
2030
2407
2438
2275
2507
3485
2403
3253
1939
1317
2264
3155
2559
3841
1360
2333
2042
2669
1362
2911
2650
73
1484
3172
2048
1158
3898
2581
2711
623
1553
655
3584
2178
1370
3991
2499
2699
463
2213
2636
1042
2724
2010
2235
62
2141
3829
1377
983
2560
1167
2704
490
1380
1150
3556
2544
3678
1016
1868
3913
2279
1023
2540
1936
2687
2744
1387
239
2314
3587
1651
528
1390
881
2435
3434
1138
3540
2254
3382
2654
379
3340
2773
2661
2364
2562
2509
1497
1079
2743
2997
1867
3845
1321
2789
3896
400
2495
1748
2542
1873
3740
2352
2533
3635
2463
2409
1638
2139
2537
1882
2458
3871
3768
3694
2354
1798
2064
942
2292
3691
2383
2681
2651
944
682
2445
2321
3051
1581
3885
1681
3928
2832
3134
2619
1897
3880
2815
2665
2551
2315
1584
1426
3439
2702
3773
2608
2358
3716
263
2357
1747
2147
2100
2667
1749
2607
3257
2582
2913
2502
2703
3352
2644
2318
2054
2827
999
3264
2199
2518
151
2855
2229
2442
1818
2634
1925
3326
3342
2186
1840
1446
2701
3410
970
2805
2675
3090
966
1349
2633
2850
3437
1452
2640
3416
906
1829
2342
2767
1941
3580
3169
1943
3656
2523
3727
3048
2412
1460
3890
2192
2814
1557
180
2378
450
1464
2798
2473
2513
2867
3899
860
2749
2820
1715
2204
3138
1470
641
2792
2849
1963
2232
2859
1249
2074
1592
377
3602
2531
2774
1477
1233
2812
3875
2811
510
2894
2035
2456
3289
2932
1147
2883
1206
2804
2906
1485
990
1582
2156
2423
1245
1861
3345
2844
2666
2747
2468
2237
1509
3102
2677
2615
2218
2768
3627
2306
1765
1148
598
2246
2780
629
599
3786
1267
2944
2682
1893
1802
2671
1239
2255
2969
2493
173
1991
3372
1506
3711
2482
1723
2514
1713
1074
2678
2161
3811
2645
3157
1745
269
1784
2556
2891
3791
2763
1010
416
3324
1984
2338
2937
862
2959
545
3282
3641
1465
2288
1862
308
2539
3961
3094
2567
1669
1419
2433
2866
3015
3378
1528
3853
2879
1531
2041
3061
3060
3673
3058
3221
2986
3008
1682
2904
2587
3305
2730
2079
1126
542
2963
3895
1539
2132
3014
2180
2696
3770
1542
3211
1543
1172
2657
3821
2875
351
1546
2954
2708
2982
1548
1032
3458
946
3007
3225
1761
827
1552
3916
3033
712
3474
1280
1944
2672
2221
1304
3075
2077
1208
2548
2999
2598
1560
3113
2691
2799
1562
3425
341
3002
3704
2975
2348
161
1566
2831
3065
2694
2957
2821
2049
854
1621
3883
2688
3070
3059
3702
2428
43
1889
2457
735
3477
2987
1224
3600
2925
3300
2924
3099
3044
3068
84
2824
1898
2973
1975
2111
3808
2656
2980
2927
3670
662
3959
2381
2823
339
2369
2543
3192
3730
3235
2785
3690
3161
3780
577
3870
2903
2050
3135
2206
1596
1864
2563
1945
1598
3050
3064
2618
2861
3547
2847
1922
2981
2039
1558
1851
1650
1114
2476
2753
1606
3085
3081
3857
1608
3577
3012
3054
1534
3973
119
3159
1492
1015
2151
647
2659
1958
3130
605
2967
3974
3142
2157
2285
3766
3207
2777
2663
2368
2432
3681
3215
3763
2783
2165
3119
456
2373
2443
1628
1952
2848
2440
2566
1159
1604
166
1630
2196
3199
3934
2989
2816
3224
3117
2936
3953
1635
1090
3986
3789
3077
1259
1378
2185
2459
3237
3022
2845
3039
3144
2293
2564
3029
3035
2130
1096
3255
2182
3900
2635
3187
3086
3137
972
2639
2574
2554
2367
2860
1854
3286
3530
1993
1809
3374
3465
3245
1474
1656
3244
2991
1597
2211
1919
2655
3198
2145
2778
2492
2629
3942
1733
2751
136
3293
3778
3233
3721
1666
3265
3936
2413
1392
1112
2838
2021
2511
2477
3176
3109
1473
1781
2510
1319
2947
3717
3746
2394
1805
3643
2772
3646
3191
2152
3239
1974
1680
3972
2841
672
3314
3781
1683
2600
2029
1762
2809
3041
1686
1654
95
3817
2705
1714
3259
3357
2602
1198
2673
3674
2347
2464
2771
2745
3163
2974
1695
3876
165
2715
2263
3836
2487
3975
3263
1282
3359
1846
3120
2269
3838
3988
3143
1947
3365
2171
2558
3226
2979
3166
3183
2851
1708
2366
2001
3406
3405
2281
2933
2876
2241
3277
3966
2720
3124
2553
3341
3298
3025
3994
2576
2018
2700
1771
909
1832
1720
3266
3107
3796
2786
2297
3016
36
3334
3830
2588
1291
3431
3793
3203
2259
3275
3001
2594
2004
3344
2864
1318
3401
2106
3010
2889
3565
1199
2313
1735
3260
3428
2884
2527
2732
1804
3136
3189
2595
2410
2837
3349
2787
2738
922
2179
1162
3604
1270
3153
2225
1746
676
3380
3037
3398
2722
3844
3498
3497
3496
3495
3494
1752
2504
2461
3479
3894
3751
3103
2755
1935
3283
3205
3313
2454
2483
3354
3177
3442
3621
3511
3510
3370
3336
3023
1092
1764
369
3415
374
3396
3963
2872
3201
2500
2422
3413
1857
2253
3568
2935
2309
3329
2664
361
2365
3449
2793
1324
3905
3411
2658
3303
2291
705
3306
1779
3251
2739
2764
3464
3669
1333
1887
3710
864
3072
2585
1785
3175
1786
3483
3539
3503
3321
1192
3574
2606
2538
234
3291
3106
1792
210
3288
1924
2153
3457
3182
3981
3242
3091
3083
3269
1824
347
3399
1600
1800
2605
3501
2093
1086
309
3377
3563
2887
2865
3636
2126
2779
3287
3331
3160
2746
3552
2599
3526
2400
1754
3071
2899
1812
3509
996
2265
3508
2874
2723
3436
3475
1649
3614
3095
2881
2425
3522
1153
2863
2167
2683
3158
2709
1118
3576
1769
2919
3053
2727
3748
3247
3971
3295
3472
3626
2852
3545
2245
1551
1220
2274
3544
3392
2508
3219
1222
3150
3115
2420
92
3145
3504
1837
2002
3599
2304
3311
2453
3185
1261
902
3579
3491
1336
2765
2736
2869
1910
3543
3186
2572
2372
3608
2302
1848
3368
3659
83
2467
335
3208
1523
2833
3032
2096
1119
2649
1783
2759
3618
2475
3976
2247
2505
1609
3133
3533
3741
3122
3284
3647
1489
3104
392
2008
3343
3139
3268
3560
1541
1866
3744
2801
822
2858
1358
3484
2469
2117
3438
2807
3984
1872
2797
2810
961
3596
3651
2424
1276
3633
2252
2503
900
1878
1252
3034
3098
3728
1166
3665
2796
3502
3463
3453
2735
3549
474
2391
3541
2885
1950
2713
1258
3450
3452
3695
1930
480
2303
1891
1049
863
1760
3003
2525
2194
586
2977
644
3639
2414
2846
3512
1883
3421
3719
2813
1900
3757
1901
2160
3332
2819
406
947
3047
3901
1640
2541
3932
3616
1815
3805
160
1879
3854
2026
1262
2397
3423
3677
1912
790
3629
2142
3569
3009
2437
3100
2189
3929
2191
3267
2625
3067
3824
3910
3280
2897
2169
3429
147
2222
3514
2620
3684
1264
3823
3024
2943
1909
3750
2203
86
2570
2961
3834
2568
2446
3723
3594
2716
240
2082
1058
3782
2125
3315
2718
2496
2184
3671
3383
1938
1772
3394
2601
3623
3761
2693
3734
1849
3769
3779
3810
3111
3672
3196
3637
3860
3409
3551
2561
2322
1274
3249
3049
2996
3455
3519
3478
3865
759
3613
2952
1954
500
3851
3957
2534
2754
1957
1780
2611
3480
3499
2613
3285
2335
3685
3729
3252
3603
3433
769
3657
939
2689
2112
3371
2719
3279
3241
3849
2690
3699
3121
1970
2653
3297
2692
2236
3754
2631
2788
3799
2930
3847
2612
3557
3389
1977
2637
3353
1211
3887
2329
3597
1320
2877
3220
2643
3018
2479
1700
3322
360
3777
2312
3683
1989
3615
3869
3893
1678
2818
2181
1433
1137
3319
3722
1992
1636
3307
1132
1994
613
2993
1858
3231
1932
3939
2854
1998
3949
3919
