15000
26
10515
1864
293
1566
13615
1676
849
946
2123
6396
6541
13988
11275
30
113
222
139
422
8085
52
12493
15
10
14330
4867
1906
14714
2598
5751
5
12081
10698
491
1956
6177
5012
8079
13248
13041
178
14602
14422
10552
9520
14507
7
28
41
9201
708
3173
244
14971
80
177
37
12989
220
14461
21
12951
10110
45
14
187
3422
7534
268
383
2
65
14040
1483
942
101
71
7509
10130
7932
32
107
25
77
2846
6223
57
13505
51
9217
87
73
3654
62
6426
12961
17
5979
786
9170
120
1567
1244
98
5050
1523
1626
9933
5480
12307
3172
8645
234
56
2858
14608
672
719
148
58
79
60
14860
14897
198
10263
8108
589
12036
1595
44
14697
7274
703
133
10448
9918
14934
9392
69
46
12871
1584
5473
8810
9523
460
91
982
10971
10436
2581
63
1331
40
153
13160
14599
152
281
2362
267
1754
9612
9630
5855
7336
13062
157
84
94
106
1134
138
116
108
117
12715
300
143
135
167
11574
14276
9586
2323
3362
93
13896
4967
168
2101
8784
603
1492
11273
151
14394
99
1077
2398
159
4554
186
12202
14487
328
449
270
2635
207
9961
11436
335
3022
13657
14012
11733
4548
11993
35
12211
13304
195
12730
39
4798
6733
3416
9555
346
173
14574
355
10916
176
190
13239
11602
445
9320
7195
654
11285
3202
14823
2270
7828
342
13827
378
247
12434
10903
6258
14825
396
11424
7198
885
12658
575
11304
251
6750
227
68
4469
586
13075
102
163
14634
13916
2220
215
12928
13359
272
14821
118
8752
11106
12361
170
1271
9436
6709
11198
205
1266
4865
11998
991
95
183
182
13229
14056
249
2678
96
10684
7686
9498
14611
10628
12274
970
14827
165
14760
132
13483
14682
3473
1102
278
252
255
450
237
444
397
836
895
269
689
1470
14301
5286
181
11224
231
326
7141
156
5379
1960
12116
14470
2191
5444
283
1962
8393
216
7989
86
291
9682
4481
4704
235
7112
230
280
14819
732
239
13292
180
27
12566
349
243
348
7909
1092
14906
1390
363
10154
12051
299
14596
1386
12019
728
203
1372
2855
43
191
192
1227
2592
325
33
11071
14388
9741
814
515
188
1861
2690
439
13696
1361
1
7726
4304
201
377
431
126
14829
343
11101
240
533
130
275
248
11236
1042
1859
66
11016
194
5023
3834
12221
14400
11155
327
10953
402
1607
20
3897
11474
428
5892
271
315
559
360
314
5332
14240
229
10290
8850
1927
13380
5909
221
13161
154
338
11380
13403
3792
415
242
12139
374
8558
2356
8787
3344
13188
341
1931
217
10161
400
277
742
10316
408
8841
12836
4693
1170
12839
404
14817
454
179
258
12497
290
10207
14096
6837
1080
440
8226
1141
13118
479
7320
9980
736
11334
770
432
10590
11603
11214
467
10496
13560
473
11549
14946
373
364
409
417
1403
11850
2457
368
14109
868
493
306
7923
14526
339
6598
983
322
336
8560
12033
353
1097
441
10467
1172
657
357
236
174
13272
5840
8218
4948
480
10098
540
7756
296
398
14831
7722
413
262
451
452
977
31
11499
9782
1953
509
199
9514
937
295
14511
11988
13613
5626
519
245
9150
12334
286
545
287
638
12529
2040
514
331
13863
3524
510
13336
12995
7950
7638
526
11383
129
13376
474
9601
11888
1605
232
14614
184
1041
7572
541
3960
14786
494
563
8876
12789
260
304
376
292
13444
4063
395
821
303
13870
48
464
551
1943
124
607
462
3987
5220
9704
224
8481
14702
459
552
10177
1146
13218
367
386
13326
511
4290
1243
605
2625
7192
14815
210
4969
1106
623
615
387
12966
13497
10226
6441
688
14771
5386
1045
399
11703
1794
2633
594
11872
318
6381
82
653
609
617
3794
9276
458
433
3712
553
7616
1401
453
1307
11374
1825
273
1783
520
595
1380
8035
471
379
1534
560
10792
14593
9720
1339
521
583
3988
1543
11960
351
274
1451
435
530
4106
13567
12186
294
3346
475
14452
694
1528
13687
11572
359
671
13741
11148
361
434
352
298
3409
1302
11762
1200
487
196
4951
629
14833
212
8169
14656
631
649
14997
109
1537
446
12067
497
14561
4506
499
5652
5497
4794
610
554
8737
13162
751
856
14888
213
6787
794
478
1540
8243
10872
889
727
10837
311
13892
14976
5823
313
3537
189
388
630
3097
902
3591
14074
8892
774
12003
92
11269
1300
14483
564
743
426
13933
10212
14261
616
13659
7668
779
266
13117
9108
535
13388
13830
429
12892
6328
755
279
8430
2664
745
261
8161
9628
939
805
12542
765
7927
324
9672
11742
811
498
13536
6758
679
677
485
11034
10497
667
13746
2988
12717
391
997
839
256
356
421
354
642
748
8433
393
995
2620
7656
596
9306
738
14813
3292
11899
67
816
614
406
22
10426
12830
749
1012
11289
197
840
539
690
12054
436
8998
370
297
543
403
12845
155
7171
6974
795
869
13712
10528
13942
8912
10411
13920
13310
12088
744
11386
447
142
12604
506
4785
7730
841
567
830
6196
801
687
14989
4236
3095
394
8122
645
9795
390
6293
7500
636
110
3901
5770
599
844
867
1040
8601
823
14664
5406
619
371
8541
14124
466
2400
14677
7600
516
312
780
204
591
3314
871
2160
14862
1918
1209
10418
911
633
713
13372
712
789
14025
848
14339
2866
13797
820
8310
855
10388
384
14835
332
14544
721
714
185
647
12464
486
949
731
4878
463
1802
944
669
1871
50
4717
6630
4155
536
974
420
959
571
14617
661
14347
5266
424
557
1119
3390
8288
935
817
11714
14382
980
13676
1876
9424
9752
807
673
9356
8790
11571
884
100
655
14241
8308
934
14312
12423
8604
9941
1900
9790
11096
9009
685
579
160
517
14726
3795
508
861
793
1239
8470
5725
608
8435
347
931
8552
1807
590
3029
443
11371
1190
1197
986
1511
8922
2577
3746
5499
705
1005
3060
707
8564
835
943
737
2110
13341
14290
962
832
14406
141
562
981
537
3342
13772
10060
1055
13846
14877
7212
729
664
542
128
11064
8658
1004
3222
1465
5164
10143
994
547
538
10644
14192
14193
489
11845
5676
875
9462
456
5328
12149
905
14811
1033
833
14194
10931
668
1091
767
14590
813
9460
88
12757
9370
13705
13116
1073
1932
5409
857
790
13486
5897
14190
14733
6862
14032
3306
14195
4156
1039
488
10171
13764
1115
9040
9745
10728
13189
724
999
7240
10576
9656
576
1049
2621
7158
1599
2372
7113
773
14537
1052
4657
544
10435
455
14189
1112
7483
158
531
238
641
14196
13321
5602
815
2286
10730
228
13611
13074
850
10498
592
74
12372
6848
14277
127
1117
13050
12501
505
4005
637
14084
1486
1139
214
600
3964
2801
1196
1089
1412
11409
1143
887
1246
1110
8454
5943
14188
8306
11
11548
953
914
1118
10751
2254
14197
47
1205
11662
13414
796
1034
8132
1063
1013
13265
1199
2757
604
612
1217
14837
628
8332
10952
5341
5112
561
3612
1234
9488
10800
2868
1223
8512
11463
6746
627
1204
12827
716
6513
1066
1251
1060
13541
758
709
114
11181
1522
14648
2368
635
2084
14187
1124
927
1169
13719
12848
7453
2508
827
123
3645
14198
1983
1208
4229
4018
1963
75
1082
14362
13961
961
4585
12512
11628
865
1247
9178
14571
81
775
284
1175
3990
14749
1070
1219
1638
1279
5578
1159
3176
825
12120
658
344
11458
588
660
1259
7892
5980
1065
14922
1087
276
6107
5500
13008
10724
14551
23
834
1428
565
1496
1977
580
670
734
12397
14186
14637
1090
13421
3616
9997
8690
675
3094
11201
2452
1107
412
14199
1996
1327
1142
11178
1221
1301
1182
1207
4932
11389
16
684
524
12656
8692
12631
1099
12445
1990
14369
1007
12450
4802
1503
7524
11133
6408
5611
5492
8689
1446
1387
211
2125
8534
1325
241
695
1324
1043
11606
1021
1022
10267
1363
701
1269
9187
1224
14809
1116
14941
13966
10285
13164
12911
829
1238
8582
740
2646
6617
1220
9955
1192
1286
1299
10147
602
14185
10010
4495
162
13661
9816
1194
860
8125
2052
8219
3048
1407
9950
1235
14200
1291
1155
1329
10186
12129
646
926
1148
10705
14784
13731
484
9725
8688
1349
522
5661
161
13115
8748
975
6906
1081
598
12941
1762
1322
1062
9208
7444
10650
650
13833
1150
14719
985
1263
4780
8275
337
3745
3480
7991
13956
14620
11056
10638
496
1019
53
9231
7832
1011
1258
14915
11116
13521
2000
12193
3936
9053
89
1502
5520
3049
1002
3935
1079
12210
11642
1001
523
12270
2692
7959
870
11685
2668
12057
14184
761
1362
285
1256
14108
308
13368
1188
960
1313
10105
681
1343
6838
768
1527
14201
674
14047
1413
771
7078
651
11806
1031
759
784
11766
10722
13230
5667
13888
777
518
14839
105
1519
3062
967
3796
8942
1529
1478
0
783
5962
12971
164
10968
9626
1305
3420
787
24
4459
915
9762
1487
1129
799
3141
11812
853
11922
14322
7530
9331
470
1448
10464
1233
1368
797
11926
1719
1393
12312
2740
11187
2654
818
1283
14242
6276
10774
1355
1126
5988
1385
1590
11787
1084
1713
1308
4379
4510
10830
9260
810
14262
3281
874
8368
6540
9673
5430
14183
8316
13240
3074
14302
3372
1561
1187
1622
4760
12201
1415
14587
1425
718
1162
9585
1430
11709
14202
1154
8372
4201
1420
14095
1323
1241
819
13794
1476
1410
3082
10855
11444
4981
1304
1309
597
3529
10278
3135
6070
3641
3934
14331
6930
4873
2050
9419
1167
1628
4856
1651
12874
11920
2230
1404
5096
14929
1125
1364
8686
1550
8934
1517
1395
847
2118
1544
12008
1189
1268
1471
13594
11928
692
2091
686
14466
1242
1686
13206
1917
772
1009
1539
1637
10546
858
1541
798
1000
1553
1579
1035
4078
3191
1098
6429
890
951
1153
1499
5074
13015
14758
1715
1157
13219
7126
7897
632
750
1010
1381
1616
1357
5606
1500
14182
14807
2202
8100
757
9610
584
6641
1254
14899
578
1727
5298
14981
894
2773
7936
13407
785
11416
1158
14203
8208
1026
1171
12455
1419
1722
1642
1025
226
1684
14740
14355
13508
6021
7876
1315
411
1673
375
3463
1094
1535
809
10915
532
11293
656
1183
1027
2941
8696
13993
9204
1340
1474
1702
1650
577
1634
12851
3738
700
14864
2703
1088
907
1747
1691
1711
1689
1462
512
6094
4381
2198
912
3348
913
13780
1571
3758
1373
5304
11485
1737
1799
14672
14769
5598
437
800
14457
2864
1261
2778
13190
225
13609
11918
11886
1679
1973
1743
1647
12526
8685
952
12269
1379
929
1731
10111
7044
1423
4158
2547
824
3729
2460
1733
808
490
741
936
1249
1741
702
12919
11930
14181
1253
1793
7050
838
7340
2487
8952
1627
9532
1763
13346
11085
12246
7391
1834
1775
1672
908
2020
1823
5100
950
14204
1818
1685
1003
4320
1854
5066
954
6366
1433
854
6235
3380
14530
1845
14039
70
14841
1668
9057
10404
1887
1649
4543
1456
9441
9876
1414
9972
2401
804
7627
1848
3653
8772
5059
1542
1429
1293
2063
6606
971
972
12313
1592
5009
307
14055
11072
1463
10500
976
1886
1330
9658
1245
1573
1714
1006
2275
319
14433
1829
8327
842
8617
1623
7617
5158
11141
483
10635
6032
10378
4516
423
7350
1919
3950
4663
12336
1211
723
7651
85
8697
1598
14438
964
13698
7754
996
4336
4757
1202
7857
5858
1907
873
1952
3186
1601
1603
8455
11568
1899
11392
1961
7238
6937
9960
12103
1779
1853
5432
1008
1703
3317
3592
1347
14180
13756
1457
691
13396
12084
845
13546
6612
7817
1766
5347
6200
1526
14376
8039
1975
9010
9508
9273
1646
12070
1578
2001
103
14205
4008
10595
558
1718
13316
1145
1643
10876
1803
12624
1072
1029
1831
3527
1468
10092
2029
1032
1054
13489
1424
11047
5412
11172
146
1587
10902
1287
1926
13689
1862
2038
13678
11916
11234
9045
1215
14623
11608
7269
878
9106
1988
1694
1728
10851
8548
1047
2698
1048
8610
10425
1968
1050
4894
1051
711
10297
3752
2018
1405
13073
969
7992
710
1852
7362
8765
5502
13663
11840
2099
1132
11932
4246
3693
13166
13428
1417
1671
548
1928
2032
2013
11800
12743
1058
14805
115
10189
14412
1925
863
1835
764
1272
601
10611
2089
1881
1683
1144
1406
12505
8364
1076
803
8577
6492
14519
218
2111
881
1549
9898
4097
2686
1937
2012
7878
2094
3491
246
2119
11498
1250
1914
1767
1865
14179
1995
2070
6112
3647
1935
2163
12988
1452
2550
1093
6622
1276
9866
10398
682
1096
3412
2166
14890
8239
1459
1800
14908
11241
10434
1971
14206
14243
8698
14278
582
7866
1473
8422
1929
1538
1328
14073
1912
1358
1359
10753
7602
9901
3030
10922
2014
4291
8888
14428
2120
4367
1210
12645
1957
1408
10350
10797
2169
1326
3818
2134
1493
14291
2794
1869
448
12351
11818
1260
752
2395
8738
2172
38
11671
137
1939
2606
13299
2003
14558
1614
1913
10840
1761
3898
1653
2011
14584
5966
2241
9000
10310
513
11832
10292
11698
2177
14879
6676
2079
6318
9996
984
859
1827
10233
2088
11365
4632
12390
3300
2055
6054
8407
2124
2109
569
5139
2188
13726
6282
851
4644
9550
2049
14443
1156
12314
1817
9777
1724
2022
10062
12536
624
1228
1525
1768
1545
2203
12060
1160
13364
1161
1394
14843
2147
1163
11308
1663
1360
6065
1574
10867
1240
2207
8482
12721
4098
2105
223
6495
1064
1509
14178
14782
407
6505
2152
1879
1978
3265
5034
10131
1883
3233
97
13849
365
2064
2351
10417
119
2285
2265
6471
6786
8054
10762
10501
10930
3697
4354
14207
2269
2159
7316
1530
1337
5441
72
1804
11914
13516
2249
1422
2231
2224
1551
1911
2526
13273
2316
2168
1915
2225
4326
9659
8592
11877
8178
14011
2258
12185
1294
2217
4496
2195
10462
2393
678
7461
581
2200
3396
8976
2325
3939
715
7077
2151
13463
4330
2263
5850
3051
3966
1213
1945
11317
2209
5313
11934
1216
973
2359
837
4159
3280
14958
754
2237
3404
1507
1903
1678
7488
7029
2211
1904
2192
10445
1560
2044
11692
14313
1832
14963
13438
2069
1580
14263
8506
477
2319
7611
13280
1850
14712
13791
2117
2162
14568
7506
3100
1237
1222
2435
76
1295
2364
1257
2053
1655
2996
2259
828
9734
2568
13987
1631
2219
1384
12955
2295
4441
2353
9259
2662
1910
2256
13167
13866
2039
570
2428
10302
7774
1184
14475
1688
8801
4576
3907
2266
2481
1677
13305
1562
2384
14640
2133
5514
14177
2499
2121
7142
6037
9738
1443
3982
7065
2261
4383
12586
1267
1218
13884
1782
8421
2297
2076
12654
2533
12382
2431
10560
8009
644
14107
1970
1275
2549
12363
14208
1593
13112
14659
5956
2047
782
2500
1382
1281
3762
14803
7948
2139
643
2276
1536
2221
2764
7771
13976
2115
476
13469
1377
9805
14936
12867
2336
2464
698
2399
9932
9609
2418
12267
1255
8941
11204
1296
1128
2287
1168
14994
8286
13258
6418
1705
14122
2573
10740
14395
2176
2388
739
2579
1195
2360
1942
8951
3636
2303
289
11341
1014
12960
735
1310
1890
2559
2543
1312
2145
12994
11336
5503
1753
11193
12024
7705
2260
1317
1178
6839
1776
2375
2503
2298
2423
10210
1552
13207
8300
7729
1278
10632
947
11770
2273
2441
1137
7793
2143
4099
6590
11797
886
2595
7554
7776
788
1896
2330
2502
3036
8398
7926
1669
2146
1016
2246
7770
2655
1479
892
10833
2540
2422
5624
2363
1701
12315
1860
11169
1426
1344
10008
14953
1280
1288
2155
10566
5818
12219
1397
6981
2515
2315
900
1191
529
2525
7880
7369
2357
1985
12936
12337
10814
14340
14176
2293
2083
10939
2870
2676
1699
1735
4446
14866
13928
9483
1716
14389
1431
7677
791
2343
11704
11145
2405
2312
781
1038
680
11853
8700
9721
10694
9490
2603
14968
3168
14209
10622
1374
2708
11912
998
2744
2583
2251
1965
12799
11566
2414
693
1885
7864
13088
5278
11431
1289
9025
1916
1833
2600
2727
5714
5455
2552
14845
8320
1851
1475
2505
1201
14423
10324
2420
2774
14626
2596
2056
340
4255
1796
8442
7714
2683
175
2096
1505
7639
1351
2714
1130
11953
13946
13873
2243
1402
468
6849
12786
2257
6882
13592
1467
9928
9450
1122
2523
14651
3318
2129
2771
13231
11734
872
4942
2520
891
6421
2459
10811
2085
11448
14094
1516
8148
13472
2302
13039
1836
12000
864
14690
8806
2627
14348
9357
12976
2443
6886
10461
2770
2355
1901
13220
9730
13665
1892
1432
2048
2521
762
9591
8334
2847
9660
11513
250
2389
6046
3823
504
2167
2236
2394
2299
1437
534
2753
2623
2639
8210
1440
1986
11261
2709
10591
2226
3009
10330
2804
1828
2823
13714
8487
1206
2799
2726
10539
2006
2699
1933
11227
988
14401
2572
11755
2165
2180
2245
2812
12138
14448
209
7115
1396
3121
2204
14175
3522
2554
1806
1773
2369
2407
7306
11405
263
1951
3440
2731
941
12486
10950
2861
9986
12516
4020
2856
1461
2834
1842
1749
2009
1839
5616
1604
6172
2411
2756
14695
2781
2910
14210
2869
1969
2149
1784
9099
4790
3657
12490
13400
1789
2849
1583
10063
11412
2895
901
3675
12752
9393
2622
14747
2379
7560
2920
12405
1667
12266
1625
12807
14024
8020
1934
3443
2059
1991
13266
1494
2825
2447
7918
5763
3092
14581
993
1498
2164
11112
392
1816
2820
1501
8832
9907
7286
4149
5712
11212
2826
3005
7544
14685
2942
2725
2706
14667
4070
2929
14986
12771
5446
2915
2903
9835
5968
11297
1630
10615
1576
12013
990
2561
3940
10321
10820
12759
10192
14801
2580
10387
12398
2007
2522
10271
640
2793
989
13581
13072
1984
1891
13351
7236
8701
2037
2815
6210
14541
2968
14767
5284
6233
3014
1532
2404
11848
3002
1113
2738
2687
9362
2808
1348
2352
11346
14031
9422
12316
2482
12192
1435
11097
6952
2827
831
13454
2016
2837
13250
2318
6742
13907
1262
1547
1632
13761
305
3413
2144
2571
2950
4641
2894
12965
1338
2848
9798
13332
2877
1555
956
2075
2951
2755
1908
10519
611
3039
6270
2591
2715
4085
13492
13903
4118
6721
2546
3731
302
2899
14174
1665
2558
1335
1855
1314
4700
9780
2973
14323
5044
2675
12636
5331
6976
8744
2913
2999
12482
1575
10222
14731
12612
1697
2582
13839
11362
2959
8680
11565
3008
3043
3038
12115
2148
3289
2541
14211
1056
1707
11884
13777
5662
3577
525
12723
2889
8785
4478
1613
3624
2485
3128
3026
14548
2390
14496
13007
333
862
1510
1596
1635
7433
2976
7779
6008
5853
3137
14756
8854
14500
9788
12607
2137
14724
1533
8665
1938
1352
2141
14948
9220
2679
6950
12694
1664
2759
639
7767
5504
3068
6346
6347
1843
2783
12818
14523
3224
10577
2042
2347
1940
2027
9432
14279
2992
2807
7568
8107
2161
5225
6090
3223
12692
10333
12696
2462
1136
9861
2544
11611
2904
3145
1133
3179
14462
9522
1086
13911
1074
4225
10392
1958
2897
12857
1867
14847
4412
3123
2461
1636
2724
3245
1920
3035
2185
2878
683
12133
14780
13192
3138
2437
6348
2739
1559
2969
8062
2468
11964
13411
5588
2883
2426
13169
472
3024
6638
14046
7618
14973
2643
7683
573
8749
9940
2647
883
2987
14264
9675
1104
2421
2130
9889
6
2821
5580
14363
720
3217
2659
1662
2717
3064
1594
3427
7536
13360
3101
9311
14332
13605
7508
14700
3257
12698
2043
3144
11794
2925
1114
9371
5526
6213
2560
1353
2817
882
3110
2750
1341
12877
13110
14492
910
14173
5758
2019
12244
3303
1231
8143
2589
11037
3321
3099
8950
3090
10914
11985
2294
2742
2518
9379
10582
2729
1450
2419
2586
3185
2030
12265
2809
2981
1152
3134
3902
1695
5934
1696
4750
13788
9622
12159
14212
3297
1610
7882
14504
8298
2311
3353
3084
11196
1460
1704
3250
3389
4822
2758
3019
2439
1138
2061
4242
1318
6956
3363
4564
2442
2339
2081
14292
3489
3622
3079
1624
3275
9924
10885
2956
14901
2945
3559
1085
1615
826
14245
4456
843
131
3159
3266
12578
4092
3341
5240
2979
13534
2990
1572
14121
12338
2100
2984
1857
3160
1730
481
1734
3329
14680
1772
3178
2098
2779
2320
7862
7794
8131
2335
11310
2617
13743
10162
3573
1439
2765
2321
12617
12688
3254
652
2615
3158
14370
12700
12073
14534
13087
3261
2887
6532
13059
9340
3338
2472
12005
965
5905
2680
1752
2786
14924
5880
3239
802
1755
2341
3163
2106
11022
1692
14881
2278
3455
6778
9525
11462
3395
1174
14917
2345
1103
3494
8878
3102
11073
11824
1444
8836
3263
4296
4859
2199
9132
5710
11631
1180
8788
2835
4171
1028
7612
6948
13451
2880
2891
2964
3285
13738
2585
2593
14799
2478
8322
2373
13435
6184
3368
1687
11835
9126
3447
10776
3359
171
10701
2381
3421
2924
3426
5356
7717
3554
3469
5242
6343
11564
14106
2867
1792
13000
14629
7220
11743
3457
1795
1658
3143
13208
3327
2288
13511
14172
3499
5552
2157
5104
2212
1015
2723
1226
2329
3326
4355
3081
3107
14054
7947
3373
3737
19
12478
3520
3599
3407
14407
2666
3563
10572
14418
10140
2383
3437
13915
3225
12745
2594
12021
3136
3332
13700
3759
1212
14213
10252
5083
10064
3681
2429
14738
3125
10929
11156
8940
3152
3618
1123
1923
7056
2741
3553
2922
1808
2619
14072
12555
3464
2998
3399
3054
1508
1758
2476
1894
1617
1822
10880
3575
3282
2879
5740
14892
14868
11457
3392
2732
12412
2060
10112
9567
1750
2932
3448
2828
574
2406
3272
12686
2216
2463
1878
1185
3846
2746
5040
12702
11484
12430
10890
13322
2695
3295
2545
3619
14488
13478
12364
1564
8572
3157
13170
1858
3381
2975
13880
9873
5668
3324
4650
4167
1941
14356
3411
8717
11086
12736
9324
12643
1366
3268
13048
2937
144
3467
12552
1870
10248
3615
4418
14565
1248
10964
13852
3124
2562
3483
10504
11672
3003
3154
3496
13539
1788
2995
3736
1880
13814
3587
1756
1298
2916
7389
3206
1884
3614
3689
3429
12652
14038
3507
5436
13109
955
9693
2641
8703
111
3271
3027
14508
9002
2599
2066
13895
6840
3445
369
3345
11398
10036
10416
14643
1874
3704
3709
6923
104
1345
7818
11497
3488
14849
1181
3386
10336
7657
3566
13811
6388
11478
55
3311
7468
6521
6570
2057
5544
2494
3374
14578
3119
10764
8046
8733
2553
3352
13524
14082
12446
3299
4186
9959
2534
3199
5720
2349
7738
3283
2306
6591
10786
3255
2413
14171
6568
3209
1316
9841
2787
8010
2792
3635
12218
5941
3453
2235
7116
7833
2884
2816
3001
2900
2408
3740
3184
3847
4464
14555
1621
3248
9662
12391
9598
13377
3844
3234
6674
4677
3930
2417
3756
3700
8270
6571
2471
3579
14214
9333
3555
5701
1659
1948
2440
3799
13998
1950
14314
8082
2342
5995
10712
2409
7000
3773
3511
1955
3405
9868
3869
13385
3219
12561
1252
4041
2613
1149
11664
3487
4040
13941
2498
2901
606
3659
7636
10246
8124
3913
1332
1967
1067
3213
2300
2386
2427
13932
7154
3229
3155
2268
507
12870
5870
6567
1131
13733
3683
8811
1581
3439
3932
12549
2800
3519
1164
1980
12684
1981
1108
3304
3670
3711
3779
4427
3685
5953
13590
1400
3815
3835
3782
3197
13808
8097
2653
2946
8080
13221
4898
8838
2214
1993
663
9367
699
3492
1964
8273
1597
2663
3876
3377
2972
3699
4006
2685
13820
6997
2669
14943
3432
8049
6526
2004
6928
3705
3550
11655
6572
4012
3776
12589
1438
9417
978
14931
3347
14093
3840
4123
3277
14004
2694
11875
5128
7033
11774
3088
11058
3383
3789
3620
3461
3231
1569
4715
4444
3706
3830
10531
2697
10409
10006
3644
3874
8445
2701
9383
3394
3836
5970
3617
3156
10040
11326
2888
13636
6817
1445
10587
3296
3743
3442
9823
930
2991
2935
2036
6818
14910
3623
14246
1585
3919
6946
3860
3428
3216
3267
3052
3322
3649
3305
2453
2140
11092
2944
3648
3678
3087
1974
4659
1418
13960
2194
11023
5194
3628
13232
10443
1442
7049
3286
3287
6618
4103
14170
3582
822
3037
3763
2626
2496
14797
2218
12243
3688
3545
4014
8375
5466
11973
121
4059
6352
14978
492
9183
8212
4023
2181
10229
10600
12208
3484
12441
2610
3588
13632
2851
9886
11521
766
13171
2034
3113
257
10315
5458
13965
29
14215
5696
2138
2465
3905
2667
2775
9122
2082
3788
3541
8350
13842
2618
3047
11134
12087
3504
14265
2314
11781
3581
3728
2033
11791
3667
9180
1071
13373
1582
3059
13640
10675
4025
9590
12622
2795
12860
9676
2797
14675
4816
3974
6216
3937
6144
2071
4129
1875
4946
2892
3567
10771
2334
3509
13108
3315
4806
4037
310
13992
3672
3991
2813
3180
3786
10692
3918
2651
11512
2415
1061
2114
621
14377
2671
2262
1790
3855
3790
13086
4081
7586
3031
11730
2629
2078
4094
12263
5236
14484
9446
11490
9538
4060
12564
2126
3909
2479
4202
13805
2232
6501
8932
1785
3856
14778
4179
2497
11906
11130
1717
3903
3985
2087
3226
7587
3578
12940
3806
14304
1166
14280
2688
4090
7234
13753
2570
4177
1611
3708
1959
8347
8492
12682
733
13823
6072
4116
11452
7584
3829
3914
8296
13495
3340
12706
10458
3530
3775
4299
1464
2154
2873
7361
12546
12931
5792
6565
3293
3161
2811
11382
14120
2871
10282
11376
3459
12987
2208
8677
3041
14765
1787
4893
12474
9607
3739
11868
7860
8284
4091
4251
2993
10963
10432
10065
4168
12177
9492
7694
1531
7588
8616
2777
14512
13955
1101
8257
11942
12319
933
12530
10608
2907
2005
4477
9058
3871
3063
1371
12066
5923
2250
7510
265
8655
7136
2734
5218
11739
3493
2189
4029
5287
2921
9161
4306
8245
13682
14169
4058
14851
12456
11980
13544
2196
2116
6305
3983
8289
8390
3187
2933
4215
2156
2201
880
3294
4067
3943
626
11827
10862
6325
2530
7643
2513
4047
8276
3993
2674
10028
381
13891
4269
4825
4419
2829
3956
2509
4134
13281
3452
2769
6574
2955
14216
13785
5028
3975
3104
3791
2763
11163
2961
9920
3601
3590
5768
12597
6142
4380
1512
4343
10854
5791
2672
3307
3714
3200
3821
2229
3078
13242
3112
3719
9620
3040
2977
14654
2365
7783
1282
3873
9766
3485
3725
2983
4682
3692
14662
4422
704
14341
8324
13300
8016
14527
3845
13669
4273
2693
4340
14632
3595
3721
3378
13021
6648
13579
3783
4451
8766
2556
8158
1798
1801
8466
350
2885
3203
11645
3816
4209
1383
13317
3149
4423
12796
13519
4114
3949
4505
13970
13644
7582
4499
4233
7210
3523
2587
10662
3978
2661
2086
2514
1488
12502
3106
13869
3025
10220
10260
3784
6994
10596
4241
2272
425
2652
49
14991
4513
13556
2255
4346
8088
3671
13356
14999
2327
4077
8840
3309
4184
12581
1140
3006
4200
3147
3724
11385
3917
4391
6794
1732
3957
4476
1710
11373
5952
3663
5388
4378
11614
12010
10208
10242
3249
13862
11472
9003
4387
3642
3604
9977
8632
4358
13172
4377
14010
2874
427
4424
2108
966
3878
10027
4064
4264
5420
2557
5856
9510
2385
7975
7462
2307
3500
4551
4022
4069
4143
2310
1232
14293
3999
4583
4582
7590
3251
14105
6030
3669
13774
2392
4601
13058
1020
13251
6822
4259
4402
2607
1751
4349
1812
9583
2966
4135
12910
8331
13802
6117
10132
4295
3723
10645
4486
13626
11220
8542
1421
13107
1570
2331
6732
7853
3244
6141
13728
4075
1556
7613
4310
5971
14168
9325
2370
14870
4612
4211
12680
2340
4365
14745
1203
2665
2289
3580
3262
11966
10642
9577
8894
4815
12708
8152
1485
8104
13826
12262
3458
4775
10948
4164
940
9763
8
14349
3215
3767
2492
4695
14754
4661
9156
3807
10670
2358
4628
4671
11680
4570
8344
14217
4472
14795
2444
4571
7720
4428
3236
3548
747
2366
2840
4235
7128
12754
4542
4439
6042
12838
4577
9248
4224
2648
4652
3560
4544
4312
3072
4319
2354
8557
3486
3402
5130
14575
9686
14413
1121
2380
2501
10005
1905
13347
6508
13646
4266
4524
7388
2845
9166
4432
4523
1654
1966
13194
1946
3584
8676
12835
1706
4185
13432
11891
2524
4445
9020
7543
806
8861
4347
1609
9032
5397
4181
2469
4128
3839
2227
14883
2102
12406
1641
12543
8138
10521
3892
3366
4567
12513
11108
4755
4279
13393
4252
4124
2631
7501
1987
12906
12520
4555
145
3475
13306
13709
3910
7591
4169
2947
14434
13445
3061
11338
3454
1656
12436
3629
4710
4303
3269
4213
2953
4618
2939
4527
1661
4249
8586
8060
6918
4044
3593
3007
1285
3891
1608
7225
1399
4983
8356
5213
4857
8745
3924
2433
4835
9791
4681
13570
9478
9430
4529
4507
5868
2346
358
4479
2023
10866
4625
4713
4226
11215
1666
12365
3862
4884
3050
6645
3528
14603
1600
2434
12242
6339
482
4654
3680
4256
2493
2865
3677
9845
4174
11904
3674
6823
2296
11225
8404
4787
14606
3811
4767
14439
11142
4509
3148
4493
6466
4363
1375
4874
2344
4399
4277
10937
2624
8581
13624
4413
3923
3701
2597
3521
2831
11401
4589
2470
2074
4325
10928
4610
1453
5789
3534
4905
6140
13716
987
14710
3998
10962
2684
4846
4088
4463
4113
4729
4253
2700
3971
14467
5410
2483
14480
2484
3313
10913
2761
14167
14600
3900
4430
2488
13986
2451
585
6735
4491
3093
4194
4573
957
11388
4910
4219
4668
3535
9664
14458
12340
13085
550
4759
12918
11370
6150
4550
11182
4830
4861
4162
2197
14333
4552
2504
2026
10213
1670
12761
4634
14853
4723
4631
10312
4015
12738
14023
5354
2511
14218
14396
1947
4028
6300
13047
3912
14030
4239
2516
3020
12217
3503
14609
3639
4769
3401
3929
3525
11997
2244
4955
4531
4694
9042
10187
14266
4389
11992
2135
717
8818
4278
13173
4875
2529
4578
13006
3800
12778
13648
2532
1277
14938
10066
4731
3750
2535
1690
14045
6576
4247
14390
3661
3651
4956
461
4553
10364
1820
3015
3895
4658
9334
7980
12076
2077
4863
2456
4786
4669
2963
1698
4271
4740
9750
5622
1565
12954
14516
3194
12106
4864
8074
5030
4087
8706
3238
414
4501
2068
4055
2923
14071
3747
10920
14562
3290
4182
5018
13106
1815
4562
13222
3335
12678
2982
2565
11074
2566
4315
3423
5015
4199
2854
2569
2705
14545
10532
4500
4774
12710
3131
4868
5438
5099
4130
4783
879
4919
2824
10101
4882
14903
928
4579
12880
10651
992
5825
3098
5144
13758
7929
4739
14081
1490
4191
5234
3382
3853
10046
14646
8809
4321
4883
4238
4400
7264
7713
8750
13588
4913
3890
3768
12747
3042
4575
906
11153
3980
4329
4009
14119
4007
4939
3938
10227
14894
2601
5198
2602
4938
5147
3803
14670
4438
3091
7278
4287
4244
4777
3477
14729
2917
4987
1588
9993
5734
4721
4784
3117
14092
11656
2416
14983
3787
4812
6824
2616
1680
2332
1350
4461
5126
4584
4142
4565
3515
4369
4664
9606
11176
5119
5005
5067
2491
3967
5149
14538
3650
9013
10748
12829
3505
13622
7020
2630
14612
4356
4679
13013
3196
8925
6080
2782
3764
11673
3370
13288
2814
3882
3517
3103
2489
4751
3656
12627
7660
4999
14166
9487
932
14053
14776
12321
5191
4409
14444
1736
726
13845
9256
11665
1645
5249
3316
3676
5788
4991
1700
4547
1769
12056
555
5252
3536
3319
5081
7283
5239
1998
4900
2658
4834
9557
5047
3753
2002
5290
4724
4465
3513
5097
503
5153
4928
3067
7074
14281
5043
4001
12570
14219
5656
2608
5262
2670
4931
4916
4275
7785
3170
2673
2538
2378
4261
5171
9984
5311
4407
12773
3065
13549
13936
7593
1786
14315
14364
11520
7750
2682
1830
4727
5200
3221
10766
5027
6894
12083
4909
14793
12170
5107
4889
12137
556
13671
4076
4827
10456
14248
3802
7704
2519
4311
10402
4043
2766
11122
14402
4765
385
2590
1936
5174
4068
13233
1810
4052
11356
3603
14960
12949
4807
2704
4866
5329
5192
13650
7552
4519
1018
7939
549
5185
1675
3569
9004
4406
12110
2712
14722
2713
4086
5299
1589
4587
193
2716
1821
7633
12540
4831
8230
11810
4442
2720
14594
2284
1814
13365
11560
2733
3465
3385
5237
4887
4388
4748
12002
1619
11496
2728
4840
5069
2711
2730
4844
10541
1230
3643
3150
8341
5022
4375
10198
5136
4166
2736
4949
2737
3804
12207
948
13408
1826
12392
12384
9786
7376
3375
1620
1992
2644
5184
4768
9897
5706
4680
1726
4121
4540
14635
4276
2749
1297
5417
10004
9376
3302
2542
469
3075
5223
5167
5343
5087
3906
8851
2477
4136
4904
8459
3981
8305
1369
12922
11278
4972
5355
6991
12158
11721
3970
4395
4284
11280
14424
14965
13210
2767
4745
3833
1367
4431
2832
4237
10264
5207
11646
13195
5638
14384
10342
14955
3171
2863
7164
3108
14736
3703
12506
12999
11616
5003
4896
10078
1824
4993
5640
5361
1757
4841
760
5549
5896
4178
12964
11391
5474
6201
5058
2788
7512
11160
2213
9847
5195
4885
1791
8866
2264
5367
1976
14615
3325
6601
11210
6771
254
10166
9372
14919
13498
4927
3733
13105
1292
5471
4749
11511
1868
14165
5255
4334
6978
2805
3884
14371
2908
5342
11902
14305
4183
12413
3211
5118
921
4920
613
2909
219
4117
5121
11173
5321
6257
5501
5320
2253
4467
9618
2818
13620
4627
9412
14763
3761
14037
11230
4653
9326
4735
4034
5415
4105
12610
812
3010
5064
13442
12712
4714
2024
10408
5507
13312
14220
3080
4961
3183
2322
2833
2304
5291
2430
4301
4954
4141
5604
5603
4054
8359
5633
4891
10870
2371
2182
5159
5838
14855
9958
14104
11846
4617
2438
13037
5443
12826
7232
5288
372
5179
5172
5199
4559
10783
10654
8236
4074
13723
6086
3875
6138
5659
587
4997
2158
5423
2537
4596
1846
10759
5340
6561
14872
5280
5486
5556
5374
2862
11946
11873
8092
10128
3376
4903
14926
5123
3481
4779
9870
5585
3694
10048
2650
5683
1805
4666
6942
5082
1100
9534
5127
4599
5324
2875
11434
3945
8370
2171
3837
5247
4880
11146
3175
4557
1520
2893
2206
9151
5687
13084
7696
3864
1392
5589
5521
10665
3849
5414
10900
11284
13796
12322
2402
11503
8674
5647
5517
4207
4746
13057
10690
3710
1083
14572
4568
9875
5800
4921
4848
8479
4482
5419
5062
3867
4843
8157
5384
3927
10846
3270
4838
11461
5732
14693
2957
5470
14688
3446
5666
12584
1558
8662
9778
9315
5765
7577
4414
3872
6316
7489
5316
14591
3291
12132
14294
3766
909
4376
4678
12183
4926
4719
4778
5450
1481
7786
8816
5168
9916
10441
6022
5524
13832
3343
8484
12605
3822
11542
3073
5251
2510
7505
4011
5378
5719
12898
5569
5060
200
5651
3085
9463
8026
8030
10356
14476
5824
5713
4782
2938
3606
5711
2279
9171
2985
5551
7840
5516
5132
3679
4925
11328
1633
5531
382
8647
5534
11816
3713
13243
2449
5849
4776
12850
2313
5867
10508
7827
5741
5739
5244
2954
4530
4858
5426
11771
5459
6337
10832
8619
4537
4624
4010
5733
4637
1888
4502
14531
4973
5699
4234
13260
14970
9116
6124
13927
6356
11748
4741
14267
3508
10422
11726
11191
14164
2971
3369
4633
5007
11634
3965
2974
5641
11272
4337
4561
5294
8636
2507
14449
10616
4699
2882
2980
14950
5445
5924
5338
1972
8504
5206
4974
3273
4265
4426
2986
5735
5726
3888
5921
5775
11026
3312
7447
4824
5533
5865
9107
3333
3497
166
5390
6708
5932
6504
5930
14912
4051
3997
13577
9240
14221
6858
3000
5335
8366
5750
7665
1515
12114
2967
3004
5155
4805
1709
5431
11286
5295
2187
12768
14618
5513
5574
13175
11880
8317
4096
3012
5729
11489
5568
5885
10562
5857
2010
5413
6826
4656
8802
12487
14520
5859
12198
5723
4309
4532
5238
10773
1173
5831
6398
4839
5210
4538
6244
5545
3632
4541
4616
14249
6166
5655
5224
5951
846
4240
3969
10936
1640
3367
2689
14791
5380
5510
13338
11617
4049
4556
6017
11959
12366
3274
4986
5161
11040
5576
6242
12573
14118
10309
14698
5886
1844
5281
13104
8567
7620
5079
3751
14683
5300
5283
5826
5189
2506
4718
5697
5202
920
6229
2008
3665
4073
8960
4206
3056
9442
9906
5927
3033
5654
5678
5608
5806
5981
4813
5583
5557
8780
13429
3720
14885
3899
4095
3397
3066
4907
5323
5813
13275
3501
10141
2067
3646
1738
8905
4127
3227
4157
3594
5796
6026
5310
5799
7984
3076
11968
5156
8708
12259
4563
8120
3334
4965
2614
7797
5462
11411
3471
6155
2215
13020
5165
3877
2455
6149
6116
6115
6114
4033
1409
6076
1765
14715
6101
14408
9582
9891
11170
7701
2062
4245
5493
5675
5274
12483
6089
11253
8146
4208
13252
5349
6018
10277
1480
5786
10796
13771
4057
12674
4231
8395
6560
3105
10296
12355
5117
10993
8282
5553
2072
14657
2179
7843
11694
3111
4572
10021
3470
12714
12216
8193
6061
5575
4125
13740
5804
11422
5565
3118
4147
6174
6161
5541
5254
10960
5396
10095
11270
6105
5688
13323
3571
7273
11404
3126
5559
13997
10236
11700
7436
6119
1342
14342
2308
10678
5011
10003
4285
14752
5901
6214
7330
4517
11866
9467
6023
4649
12926
5460
6152
4709
6225
6034
2228
5615
5984
14325
5371
7009
4498
14163
5650
6135
7218
8755
5035
5508
10996
6190
6189
9865
5812
4852
1378
13537
11760
3989
4398
13561
5177
14003
4937
5259
1284
4725
10990
3715
1311
14419
14588
5845
5933
1866
2183
5383
5214
2223
4160
13673
659
5591
11982
8673
4221
3166
6299
10813
13046
5881
1895
8897
6148
8191
3330
10816
5318
4821
5146
12969
14996
4317
6058
4366
2896
4588
4823
5039
2612
14774
6335
6334
6333
6332
7810
10997
6329
4630
1273
5665
7528
13763
3600
6053
11744
5925
3824
4781
4622
5439
1491
3189
7048
11681
5400
5978
4853
10588
5309
12809
3596
6087
6910
6187
8106
11900
4609
5862
3
3198
4646
14933
6215
5752
5587
11305
3193
5989
13282
12793
3276
4133
4488
6031
2210
5344
8172
12648
5330
4357
1466
4814
5228
7815
7888
7913
11118
4283
2806
2432
6266
6887
5527
6230
3613
4083
3574
12600
5903
14743
14378
4829
6269
14091
5267
6263
12866
6147
4604
6261
2645
6234
13586
8190
2348
3228
2934
5567
9518
8224
6452
11657
6450
6449
6448
6447
6446
8123
6444
10894
6442
14463
9880
13865
8034
5477
4508
3237
3162
5985
6106
6209
12986
3240
7924
12152
2754
4323
11558
6479
12400
3893
2839
12376
6964
10291
12240
3247
3770
10509
4364
4045
6038
14665
3506
4335
5931
5089
12466
5803
1521
5809
2247
6291
2280
13793
8292
6359
3922
14080
4771
3259
18
12853
5336
4533
13176
13211
1856
8497
6170
2611
5001
6219
2872
8047
7856
13848
6375
12442
4908
6314
13268
5061
5597
2290
5004
6154
6926
4988
1225
14621
4730
6491
13616
13083
7288
6071
5394
10999
5621
13906
8058
5411
7678
4922
12756
4107
5372
3696
2238
6020
10430
2090
4013
1506
4327
6283
8880
8044
6062
13401
5401
5484
14350
5736
6539
10683
14070
5653
2994
4702
10912
2918
4361
10987
2637
5863
12342
14988
380
6049
6376
5115
11194
3301
6099
14638
13568
9969
7542
5948
3817
3387
676
3857
5669
8746
4963
11841
9428
4964
4933
6019
1436
6487
6515
6514
2396
4189
1893
6179
1046
11833
4421
6199
2718
5529
2326
9469
5872
5643
13902
7920
6278
7213
3986
14945
9100
6435
14162
4899
5738
6547
13554
3608
5111
6463
9228
14649
4353
6104
14678
8383
778
6045
5672
7998
3195
4104
6472
5289
7522
6246
3801
7680
3755
12258
4248
6624
13910
3339
4799
3977
8874
5093
11000
2128
13872
6535
3664
6569
11666
11541
14334
13343
6629
5822
4877
5021
8946
6364
6453
8163
968
3351
5942
3831
6000
6363
725
14223
6509
7952
13234
8547
7266
5036
11290
2328
3911
5075
3717
3360
6420
13301
2574
9391
10986
9781
4485
4401
3264
4487
12894
4809
5387
8528
6644
6643
6642
5784
10102
14250
1930
6400
4046
2467
5778
8489
8328
9453
12632
10440
9114
12992
2122
5629
4968
14103
2252
5407
2517
6320
9794
6611
6395
11451
5292
10605
2735
5649
6530
14896
13656
5644
6151
6082
6011
8909
4818
11353
5987
4511
9354
10193
6324
11635
1577
3393
5037
13295
1524
5285
8514
11731
3886
6132
2912
5664
3660
14497
1482
4474
4801
6047
8362
6123
5918
14874
5334
5116
5046
3252
5722
10211
3760
6176
6566
2031
2281
5114
5794
6685
136
11688
1179
12510
4945
3256
8402
6039
6533
12206
14316
5201
6097
4484
14268
12079
2930
8517
4108
6542
4328
6727
5475
6158
5780
3881
2282
3424
6340
4673
6081
7551
12118
5677
3204
14044
12716
5389
4985
14501
6522
6764
1746
9888
6757
3468
1489
6182
6765
6863
13858
3436
6654
6167
6940
13509
6350
10985
4914
6120
1873
5326
6221
6268
2233
5929
5482
6692
3547
11157
5245
8853
9482
11068
6827
4492
5152
6623
13686
3403
13464
13490
3944
9291
7480
2852
7386
14585
11442
6143
14454
3456
5891
6668
6720
13959
4645
4324
3880
14493
6761
14905
5539
7731
9292
14569
11706
9588
6458
5448
3235
6577
5547
13597
1837
11104
6875
8468
7042
6872
4352
6927
5404
5437
1165
13005
8930
6254
1290
6775
6988
13056
13068
5216
2578
12524
6432
7788
4692
13467
14472
13461
1036
3482
3942
6096
6301
14306
7456
8200
12576
6534
14052
13940
2097
4651
3379
6719
5645
11135
7944
2830
6730
5907
6164
14117
13318
4892
5402
2762
4698
6646
2660
4639
4545
14761
11002
6677
2657
10201
11510
8937
6901
9527
6516
6715
6845
5351
9288
4294
6628
6866
4161
13501
12072
5938
6377
14161
3605
8412
2536
12457
6224
5854
2190
11041
4165
11795
6941
5273
6551
11557
5024
4971
3177
6680
4640
6358
6130
13177
3212
5869
1781
10335
6785
6791
5671
12763
6856
10761
13012
14295
6639
6698
730
12499
2555
10861
6753
7375
13718
2175
11266
3532
3246
5272
2931
6362
6929
6527
14022
7037
8216
12876
5054
3538
2338
6843
7608
5864
14224
2054
5628
5915
10752
13614
6782
13730
2025
6500
1729
8751
6797
6208
6297
12939
572
3549
4733
13931
9364
5783
2841
3552
4737
14505
2309
9471
5935
3354
12534
11242
3466
3557
13102
2317
11340
7014
5657
11323
6085
13197
6699
11495
9552
6737
438
10317
4753
7546
6145
5944
4280
6895
2719
12731
6511
13036
13470
3570
2178
6673
13458
4763
13382
9604
8596
13307
288
6853
6531
4598
4292
12437
2337
14859
622
7107
7032
7031
7030
5571
5308
4960
6745
5375
3451
10453
2240
3585
4195
3586
6684
9433
4535
6013
9006
6524
6454
13378
14624
4975
5747
11003
8520
6390
3702
6470
6578
6655
852
6212
6884
3597
3777
3598
14542
9246
4093
6370
5830
6990
5554
12420
4703
5405
6776
12587
3017
5408
6702
11251
6707
6871
3417
13969
4990
6383
9286
11335
5070
5761
6799
7117
6749
14489
919
6284
2065
6847
13954
9851
1024
6935
2819
9919
11898
6999
2112
6602
5056
4390
5976
12356
3419
3418
9218
12475
6073
8186
8242
7160
5744
6406
2588
11099
4452
6599
2876
3630
5110
12930
10390
6743
4119
6003
5363
6273
8388
7069
6391
12856
2424
5991
4978
11139
1999
6917
6384
5957
1872
2656
6431
12367
3122
6633
5243
6074
9512
5468
4836
10407
4
6307
7201
7200
7199
5109
6704
9991
10704
7237
7214
11961
2474
7055
495
8646
5449
9708
7630
6416
2822
3308
5690
12239
4345
6604
362
5229
6125
11502
5906
14727
2940
13386
6281
13658
8710
11028
6867
3859
3298
5314
666
6959
923
6586
2446
3365
5143
7641
10286
12325
6793
13289
8608
13755
1739
6995
6687
13082
6904
4440
6084
3371
7226
10018
10660
3772
13790
7070
6914
11775
979
9285
11950
3684
5498
3278
11316
5717
5674
6582
5522
7013
746
7120
7119
10695
6740
3691
6985
6545
6691
10069
5746
3139
6056
3695
14414
5636
7249
3034
3583
12595
8792
5919
6620
6803
14160
4935
5440
7095
5282
14549
3793
6239
6272
6430
4941
6792
2965
14365
7916
5091
5617
7598
1759
12343
3996
7191
7358
9233
4901
10804
7073
5312
3668
6315
13374
3716
6204
6083
1708
14391
5802
13473
7335
3625
6245
6494
10176
13455
4738
5180
6240
10865
4268
9297
2127
8827
6004
6523
3774
14397
13838
5345
4144
3730
922
7250
4260
6607
7428
14225
11088
7137
14772
7352
7351
4342
6564
5301
3848
14283
4154
13985
5302
7179
14708
10825
2567
11345
9732
7279
1449
8451
7061
5618
6476
11871
11482
5038
4850
5861
7007
7319
9022
14887
6770
14673
5964
5463
1819
14734
662
6007
6437
6309
3984
6993
6712
4405
13918
13879
4592
7123
5013
7473
4764
7471
14036
12670
6947
7175
5708
6274
13212
11925
6695
5833
14980
6682
12012
14509
9570
12197
2772
8185
12998
4672
9418
11540
6711
5993
10550
14535
5033
6555
5319
8571
5754
4998
5730
11999
3611
9957
2789
4597
5041
3742
8068
6983
6944
7523
3133
13357
5912
7511
13178
7253
8886
7507
5519
11082
12182
4205
7219
5797
4172
7425
6067
5793
5057
13517
4307
14787
13426
3863
7022
8285
6369
12798
7231
7452
14940
11977
6218
7419
14582
5702
6044
11927
12780
5681
5264
5476
5073
10958
2575
4384
7712
13261
9930
3808
899
11005
1069
6294
6893
7373
7499
5922
7706
9565
3349
6103
4258
7601
10574
4982
11782
5975
3662
7595
566
3819
10182
13547
1745
5095
1427
7025
6585
3539
1416
13101
2512
4611
5101
4595
13348
14358
1177
14824
3858
13436
6310
10173
6857
5848
7654
5950
7165
7640
14822
7649
6752
12157
9328
8038
13612
5756
4455
10439
5940
6399
5395
7347
5610
8825
5614
6908
9188
11970
7222
14720
14826
10981
4416
10363
5129
7138
2333
7476
7475
6159
5133
9767
4754
6419
12806
10153
4996
11849
4150
12958
9176
7103
6091
14921
1652
7072
6809
14485
6710
8660
1075
10593
11294
14820
13390
12953
11620
6411
7446
5769
2576
3462
7193
11407
7102
10270
5790
10739
2305
7481
2838
12141
10780
5807
6195
10627
7091
14269
2791
14372
3218
7605
2093
9198
2584
6171
502
2748
8918
12256
6681
6355
4521
7687
5986
5275
6308
14828
6397
7325
3153
3885
5181
13253
3109
7401
1997
7227
12742
3889
7060
5187
4003
2234
6869
13405
5771
3190
6815
2911
6502
5085
3976
12817
11330
7382
5762
14159
5512
7599
6455
7303
7235
5852
6243
12043
6192
6831
10452
7149
6331
7573
2677
7365
5209
14641
259
3908
4766
8800
7353
10883
14818
11488
7988
11476
12646
4497
233
8203
10232
8290
13974
12890
4796
6295
8640
14385
5828
14102
546
8626
7780
5489
6162
5601
7334
6975
7707
11518
6326
12556
4526
5235
12040
5805
3640
14440
13476
14430
6012
3210
9784
10001
14226
9832
14750
8184
6664
7082
6481
7823
416
5353
7631
14326
9496
14079
6669
6336
1723
5231
3023
12553
6820
11143
7732
6459
14830
13851
10888
6658
13768
12503
4736
7513
7652
14403
648
13370
14116
9696
6951
7799
4647
5560
12046
7547
5877
3954
6738
4944
7256
5983
7559
11917
1037
14627
4360
11722
3320
6290
7088
3961
5178
7624
7260
3963
6264
4929
5442
8145
5253
13198
7566
7423
1391
6614
14876
5108
5293
9407
6916
6619
10980
5766
8652
3973
1811
7874
11768
6231
3565
2927
7304
7724
1484
14914
5305
14861
7541
8083
6779
7174
7846
14816
5362
7295
3512
6139
6592
7580
6766
9867
6060
1398
11836
7973
7972
7971
7970
9318
7968
9680
7966
7965
7964
9129
7962
3994
7859
3995
11042
7753
7215
6169
6841
13725
6203
5327
6992
14928
4716
11061
7474
5505
2906
12065
7545
4004
3551
4912
6407
7811
4808
7681
3057
7637
1472
9836
1306
7830
7596
8373
3744
7529
6546
7023
12146
8736
3230
13276
3046
7955
5186
4017
7778
13697
6057
10785
11378
7514
7622
10557
4109
7268
3686
6236
5365
4024
4623
7746
3258
14832
5369
9728
9160
7122
2184
6739
11682
6671
2193
7487
7887
7886
7134
14069
7360
5648
8063
6767
7910
14660
2267
7241
4339
4038
5385
9642
5982
6896
3415
13890
5928
4042
11736
7413
10170
7661
5393
8330
2943
12105
3735
10918
2997
4048
1546
7451
8848
12948
10348
12101
6483
9643
6098
4053
2702
9575
4382
9828
7884
4056
11460
5619
3631
13179
5954
7079
5599
7440
3165
6445
898
4062
7223
12905
8232
4911
5528
7822
2710
13055
4643
5875
4368
12004
5120
7769
7370
6556
4415
4071
7949
14252
634
6789
6462
12471
3883
14513
14814
7127
7057
7903
12238
14459
4274
7839
1147
4080
8027
12432
7819
14566
7399
13081
7293
4084
8670
4697
2628
5453
4152
6131
14556
8036
866
6134
5150
11915
9804
8007
7265
7229
11262
10089
6440
8070
5509
5737
8760
3053
4151
7727
13100
7759
6700
7051
6722
12562
6005
9133
14158
10643
4462
8469
12608
9853
3518
7008
3398
6696
9968
7742
419
10979
4743
5479
5250
4819
9034
6835
6579
6652
457
9744
6118
10911
1497
7538
4433
10741
7194
14993
4711
9669
1176
13776
14652
9761
6801
8365
7329
2810
9838
5704
7570
8029
4833
11208
7825
7321
4460
7429
6102
2949
2377
8119
6027
7907
14834
4131
7976
6980
5904
5511
5063
8860
6958
7472
5217
14227
12668
11701
4066
13559
8110
8109
7337
6969
1568
4359
6627
4019
14296
8904
5525
6631
7380
14445
9614
12357
7109
14425
3127
9369
2367
8133
12720
6932
5703
9165
7204
5399
5537
11249
1186
6093
1411
7272
2850
13610
5590
14317
7648
5019
8071
10298
5008
5483
11350
5692
4994
13787
6597
4163
6238
8159
7275
3533
2563
14307
5894
3032
7146
13394
6461
11400
7626
2745
12514
4539
5006
8293
6915
12109
8042
10103
6292
9381
7615
5673
6289
5693
3241
7163
3253
5558
5573
13760
2721
7751
2150
5495
3633
11358
1495
8251
1682
13813
2790
7411
8017
13677
9560
12097
7986
7035
5422
8051
8189
14812
14898
6405
6265
6756
3865
14335
6262
14481
5994
13566
11076
7576
7996
14759
1721
8144
7408
5563
12034
6302
6354
7567
7454
13449
10512
8259
7342
6774
9438
6593
6528
14785
7977
14962
10676
6584
11008
11727
1105
7019
8630
8348
7418
7438
7169
6773
12790
9540
6558
13841
7960
4217
7695
7345
5625
7384
4403
6410
3045
6361
6755
11885
11200
7743
8164
4655
8137
14957
6422
11455
5072
4227
5716
10649
5382
13810
14528
5105
8183
12521
6549
4232
3915
6861
7928
14351
917
9426
10838
4473
6205
3726
8427
13329
8580
4314
7709
8573
12934
7914
12386
12751
7379
13334
7493
3947
11372
6175
323
7691
3850
8318
7075
5303
5540
8244
1771
8201
6183
12408
4475
3941
7378
6380
12368
8354
10978
8352
1944
8405
5391
14836
7377
6921
7356
8235
1346
7464
9280
3916
5424
8315
5451
8764
7205
10681
3444
8452
5193
9123
2844
7710
3510
13819
7863
7807
8072
4270
8944
4210
7604
4110
8139
11309
1994
13213
11240
7482
13504
8311
8409
4341
5546
2376
12052
7287
7430
12603
7841
5325
5138
12075
6589
14284
7010
8199
8135
9533
1841
9840
8021
7417
3531
4288
8141
8527
8417
11935
13366
12565
8281
8280
3926
8529
8231
12901
6247
8525
134
8523
8574
8996
6762
7398
945
14713
7685
13035
442
14002
7392
13861
8597
8351
125
10420
8256
8255
8591
7015
6891
8588
3205
4308
8585
3355
6372
7184
13996
14157
8118
11387
14668
14770
7781
7449
8059
6111
8712
8234
5494
4888
4466
7995
7772
7919
5992
8194
12618
13225
6078
4322
4385
4675
8730
12985
10272
7415
4082
14967
8214
7183
4230
14379
14810
7443
3438
13807
12214
7979
5204
4332
8342
8381
1909
6357
14270
7469
8378
14051
2691
6506
13180
8839
3682
11828
2466
4490
5026
4705
6050
7521
7258
8399
1270
8337
8180
10482
253
8425
14228
4792
2898
4348
10000
7829
2548
4350
6344
4351
4854
9942
4148
10209
10770
10015
4100
8081
7368
10483
7718
6536
7297
14691
4620
7629
7865
11753
6949
5088
6724
12151
3425
11009
753
5555
7763
8436
6477
14907
7059
12082
7424
12394
6796
13713
1778
14985
10204
6557
5829
6427
7676
6193
3364
4374
4940
3546
7267
5835
14630
14952
4180
14409
7262
6788
4881
8424
7662
11030
7994
10281
7172
6979
8614
8613
8623
8611
1813
2271
6984
6581
4957
7985
8098
10845
3460
7243
11554
6587
5270
4392
8728
4393
4793
10311
6312
13822
13944
7635
8379
8543
5092
7525
8434
10253
12448
8638
1742
8431
7043
14863
2707
13324
8693
7579
2936
13245
14838
10743
8599
8064
11470
4408
2527
10693
3621
14935
7085
11318
8624
14115
4752
8053
4250
7151
7603
14686
2403
8202
5889
7895
706
13339
8043
4338
320
13433
8065
6632
9896
8539
8538
13004
2445
8754
9922
2948
8345
13011
13
8747
10790
8269
13530
7087
7094
13416
6198
5819
8702
14253
4298
8128
5261
3561
8014
10652
8513
11053
6436
7671
2958
6137
1764
8768
317
7355
8140
14696
7159
7404
10428
8535
2962
4243
6275
9882
9902
5974
4115
8491
4362
2448
6610
8761
4958
13535
6464
8687
9238
4607
5937
14089
7152
10617
7978
10486
2970
8217
5873
12093
8471
14889
11622
7804
4212
6157
924
4188
7938
7737
7899
7439
620
8073
7682
8770
10624
14101
5360
8453
8531
6902
7953
7896
2919
10375
5961
7747
2045
10221
10400
9121
3055
14517
309
5967
1849
8731
8556
13353
8618
6127
3556
8735
13296
8173
7491
6971
13886
4992
8603
11369
7486
5381
8420
6728
8477
7922
8699
14028
2113
14808
8732
10157
7697
8681
8291
8153
8385
6897
8872
7795
7372
8090
13066
8303
13044
10288
8480
13080
5893
8590
7900
8903
9842
8391
3626
4316
13608
9303
2842
4397
8865
4504
2853
12237
5157
5182
8413
14450
7284
7208
2798
12837
6812
14420
140
8759
8625
4512
8849
9413
14008
6156
7872
8847
11298
8631
5481
9017
7745
4198
8992
7684
1882
12453
4410
8511
7302
6517
3474
13593
8075
8999
8902
8901
8900
11707
14156
12328
13482
4528
4132
10956
7410
10551
8055
8711
8694
6043
6729
5029
13446
3754
7367
7775
6962
6922
7259
4254
4102
6051
7006
7625
8495
8842
7558
12666
9506
13990
7673
8022
5916
10513
7820
6996
8307
8319
6954
7647
8857
11779
8855
4549
6186
7502
12834
13737
7808
6595
5203
5821
465
12055
7852
12722
8411
14878
5113
7915
7901
4558
7796
12345
6625
7945
4079
6525
8249
8956
2696
14644
8057
7963
8824
8823
11894
7739
9050
14021
13582
12009
6960
4569
8309
7835
8250
8667
11876
13747
2640
6860
7621
7925
625
5175
10450
14840
13926
7457
11390
8798
8797
14972
12582
4580
7496
9047
7331
8287
13398
8207
4855
8679
10686
5016
3992
13423
7339
8028
5607
6353
5068
7343
9278
8775
8774
10245
7740
3652
8222
4593
2153
5260
5958
5248
8241
11772
9044
8777
5256
7153
7422
8279
6133
4600
5846
9026
1840
7762
8117
13409
4525
8253
8844
8966
3070
10873
8197
6911
7089
4608
6973
13496
3169
8426
12872
8959
8609
14681
6237
4216
4120
7809
9822
4615
7957
6781
8389
5689
8921
8045
7867
12378
5141
8718
6772
4621
8954
7257
6899
12744
8522
14477
7017
11421
12484
4263
6129
9163
1454
6473
8864
4629
3086
6365
8594
8795
3828
7246
8151
10634
8555
12421
6277
6953
6181
4636
13540
8502
527
4638
4126
5635
6165
9125
11954
12897
5773
14783
6878
8126
11972
6690
9748
4603
7650
7881
14576
8299
7748
12925
6683
8369
7850
4187
1319
8215
8659
7715
8116
11538
8852
6649
7211
6207
13664
6035
12492
13262
9195
12831
7969
4581
4016
4660
10134
8546
5594
4297
897
14546
5435
14947
8400
4665
13098
5743
6409
12181
7271
9279
8206
5094
14806
7784
6808
7883
8821
8621
7908
8363
9486
9951
7298
8595
2205
6800
5837
7301
9226
14539
9224
9223
9222
7096
13254
11732
6544
7327
11062
11089
9021
7967
8598
4685
2425
7655
11100
7161
13236
8335
5154
4689
5296
7800
11410
6255
7575
8166
7300
11909
6382
11761
3842
12541
3130
4696
8576
7698
7145
12795
8358
8629
8910
11553
13784
7052
8150
8566
963
13801
9175
11811
9173
8683
5429
5561
8069
9087
9244
14035
2095
6279
6414
8462
11110
7067
3769
7397
7711
9323
6296
12623
2436
9319
2222
8265
8509
13290
366
11979
8536
8769
8171
4720
5679
9141
9140
7917
2350
6063
9019
9299
6226
7004
6968
6689
7868
7879
9956
6907
8518
6621
1193
7983
59
3780
9389
10057
3868
3634
9434
9384
8568
11805
9113
9112
5684
8923
7046
14725
8500
10606
14366
13362
5048
10490
8129
8516
13308
4847
12438
8709
3441
9039
8920
9305
8549
7121
1602
14155
1356
9494
6360
6609
8040
8639
14732
14563
6784
7477
6052
14748
11226
6805
9296
9312
1902
8661
7842
4758
8858
9068
1606
9038
13844
4761
8474
4762
8000
13344
9476
6670
11668
14297
1214
9148
10150
8095
8669
4140
14842
9274
9048
12997
8443
5691
1922
8384
1681
9008
6836
9358
12028
8756
1644
7441
9386
5215
5277
9999
10898
13018
14068
12427
13732
8715
6650
3813
7018
8371
5491
4708
5173
12693
14230
12695
7254
8099
9014
4788
6385
9345
2636
9343
13214
4791
8406
8695
150
12204
6659
5753
8478
4795
9539
12480
5357
13200
8786
14254
2132
7679
8392
4800
10564
10580
3526
14271
5911
4803
8984
4804
9568
9035
11814
10917
5211
7497
9290
9561
3757
9545
5162
7479
13690
8970
8524
7847
3208
10325
696
12691
54
9484
9385
7741
9070
12697
9245
14359
9281
9398
5403
13828
9641
9640
9639
9638
13752
12117
10328
9634
9633
9632
9631
6647
6588
8803
5364
13699
9190
6439
1648
8339
8726
6945
12828
8931
7354
7463
9146
14285
7589
9547
12458
6909
8974
4837
6573
2551
8919
8187
8297
13963
9874
8607
9890
10351
147
8991
2361
9587
1017
9237
14464
14633
9444
14865
6077
8271
6128
8499
5122
9665
4701
8896
6469
11171
9621
6552
8321
14308
6550
6015
7946
8114
206
6939
8978
12496
3201
9098
5920
4860
7934
7292
958
4862
8875
9480
10860
10013
1712
9314
3044
11311
6489
13773
11802
9671
9546
9619
9544
4870
6202
9701
7666
4872
8758
14804
8672
8209
10536
8262
3410
7744
4688
8776
10412
14604
6830
8845
1441
12571
14114
6267
9449
11831
3602
5592
11012
8964
8835
8091
10228
4344
9468
11332
4300
7725
5767
9225
9505
9504
3260
8519
5241
8154
10666
5271
9242
9679
8817
4895
10514
7905
2382
4897
8887
9137
2776
9295
8808
11883
7821
14601
7790
4902
8924
5731
8654
9194
14392
6304
9474
14607
9749
8615
4924
3666
7385
11741
8986
12973
4886
8067
9431
9111
7954
8891
14768
8782
7394
7623
12156
9535
8868
13485
13182
13079
6661
9448
9447
14757
756
13226
3502
9967
5724
7063
7034
13443
11508
9317
9946
12811
9124
11786
8174
14553
5947
9366
3016
4930
9029
9425
11650
5999
3288
8031
9513
7310
7202
7403
8957
14923
2902
4035
6306
9063
7646
9119
4313
9332
12236
8734
9405
9404
3827
10261
10910
7911
9554
6883
7186
9602
5936
7421
4515
14373
2604
14676
8719
14398
7550
12213
9684
9651
5631
12174
6163
6371
6412
8554
7757
8127
7931
8136
5795
8177
6798
11070
6613
13097
10072
9368
9130
14655
9131
10241
2239
7943
5348
14521
3310
12938
4220
14977
10610
8387
36
13277
9352
4970
3476
9415
9269
5523
5844
14532
3658
5969
6392
14598
14154
8294
5518
10782
8105
9336
5169
4979
7114
4980
9719
9327
14916
11965
5052
14844
7904
10777
6538
14610
9322
5268
9862
8355
9069
13545
10812
8650
7217
9365
12724
9359
5990
8965
3328
9308
8066
9551
9475
5707
13984
8415
8637
9519
14718
7555
12402
10058
3388
3514
9294
5542
1797
10631
1989
12849
896
12387
3336
8325
4122
10887
6905
6194
9645
3610
5887
8349
8198
5709
7877
9743
8037
7667
8213
11941
6821
14663
8606
9803
8762
11347
9854
11588
1897
14415
11552
14100
6693
14900
9437
8648
9549
13882
6697
11589
4989
9499
9521
9815
5772
8225
8013
14706
4420
5899
10818
9067
7066
8252
11696
11238
1863
11586
3558
9234
1388
8277
1693
8550
8182
7498
8899
9159
6717
14739
8565
9983
9349
9016
9455
7990
8684
11095
7728
7565
9616
8204
5879
9911
1023
7930
10852
7723
7532
9893
14336
9573
8176
3866
9202
8041
1639
9966
9965
13909
9963
9962
61
5055
7628
12538
1557
9350
9361
8532
7166
12252
8260
9157
64
13953
9182
11591
8691
7458
5787
8103
7556
5065
4443
9293
1044
9592
9485
8493
7515
14386
3431
5832
9302
14998
8115
9255
4458
7610
13270
9806
4789
9080
9229
3852
11158
11013
5366
11799
14088
9913
9912
12140
5170
12685
4072
9145
6777
13901
2528
9341
3358
7791
10594
14942
7806
9136
4534
8723
11718
9239
2760
13591
12476
8575
8147
11140
925
10025
10142
9339
7997
11592
2103
10795
9879
9878
9877
10319
14802
14781
8584
14595
4832
12777
9110
9071
9144
5103
8076
13507
1982
13402
6228
9102
4869
11537
9615
10809
14990
7299
8446
7951
9094
12753
9850
10747
3408
12929
3028
6819
3146
14613
13564
5847
10119
9382
3207
13831
7869
6559
9078
6423
2292
10191
6146
11583
1548
8884
8472
9649
9825
9899
2978
7699
8418
5955
8678
9981
5890
9989
3748
8651
8396
11660
12078
10091
9055
7700
10088
9216
5801
5135
8439
13930
9802
12957
9330
8333
6188
10179
9833
8278
7344
9127
8414
5142
2881
9001
5959
13246
501
14473
3430
14573
9783
9737
9666
10834
8382
13557
5866
9695
10334
9337
10169
6898
3115
9839
4962
12511
6873
11702
4605
9765
14930
9012
6877
11639
9104
9481
6443
12865
8799
10145
9852
9511
12290
9036
9635
11723
2780
4936
14880
5166
6900
9043
3151
9479
9283
5686
9800
14255
3077
7135
8938
8653
8985
12289
9300
12025
11862
4842
10149
10136
8283
7155
6864
8643
8056
12293
7981
8972
12952
6859
7024
12135
5151
12145
14352
9881
6913
8323
9084
9827
9378
4470
10079
14891
1949
7495
4065
10023
6126
8953
14050
5447
9775
10117
6925
12395
6874
13141
3174
8019
9869
5632
9687
8664
12760
10194
6467
9799
13284
10250
2080
10527
10247
12593
4810
10397
9692
5205
14404
7527
7736
10391
6478
12433
3472
14153
9213
10385
14498
9120
10007
11363
418
10379
7252
8343
6342
10047
6814
6955
6260
8272
3478
13183
9648
11256
14846
7716
7233
5221
6428
5222
10074
13201
6965
11690
8248
10055
13864
8893
7564
11581
5219
8963
1434
8367
7702
14042
1748
9625
8644
5232
8882
13757
8340
7805
5071
4950
6865
5727
8233
10097
9613
6615
6014
13973
9811
7318
10481
12705
10479
10478
11820
13314
10475
10474
10473
10892
10942
10470
10469
10239
3498
14494
14232
10135
1847
8220
7390
10772
1657
10299
12286
7140
7118
6136
4676
11445
2802
8483
6554
5257
8089
13383
7221
7889
10353
9189
9903
8012
13096
8505
9569
8997
9
8423
8828
14502
5834
9617
10114
13053
12296
9973
7645
5269
9046
14647
13604
9079
10259
6741
1376
9375
12962
10049
7277
9232
14272
14592
9542
7539
10050
13580
9005
9503
1333
5721
11014
6251
8578
7406
2021
12772
7045
9253
9409
7047
5776
9939
6285
6879
3021
10085
10507
8394
4879
13871
10382
10381
12852
12787
9785
14909
3192
9329
8778
12285
7606
14616
7583
5297
13358
6987
3948
10499
6706
9423
8815
7470
9497
9909
14436
7071
3114
13795
7941
7958
8134
3116
6754
5307
5368
4196
9101
10505
5963
9103
3540
9727
5882
10340
10339
12297
3542
14867
5808
13681
9472
14077
8551
11596
8740
12379
893
10107
9209
9464
10806
7961
8515
11943
11302
10581
9722
4228
9456
8563
4089
7027
6672
10544
5670
10674
10570
10307
10306
12525
6667
7721
7504
4453
3655
7813
13010
8713
6662
13146
9814
8301
10868
8791
4101
5965
6657
4021
8704
9155
9495
10523
2136
9863
6113
10280
10972
7537
1365
6919
12284
14800
3564
5543
10126
8914
4518
9109
9489
12611
9410
10343
9254
5352
9158
7054
4536
13515
9403
14113
10256
10255
10444
9689
11776
10395
9396
9595
1809
7147
11396
11245
6434
13847
10641
8807
6626
13237
9197
12882
4170
9515
14636
10234
13708
12737
8657
5051
2015
10413
10547
8570
9134
11737
9769
9849
2131
12251
13440
7167
3331
13387
12822
10215
14490
10746
5230
4915
7173
13003
528
10451
9054
9147
5000
9655
10735
13147
6608
8078
7935
13715
10197
10196
12746
5781
7185
8008
7162
9608
4977
14286
7189
5359
8240
10758
14298
10269
7814
11597
10180
10688
6349
3391
4146
5398
8441
10349
7755
8837
4952
6580
7178
7203
9772
11874
9584
14441
10163
7207
3011
5939
10716
10308
2785
9310
5053
12681
5878
10709
8767
10659
14506
12606
10148
6033
12642
10639
1469
9477
12984
5416
5148
9287
6970
5418
3810
7858
7432
11625
10133
5421
10121
13413
2747
13917
10410
10314
10442
5425
6854
14671
6512
5427
10394
12299
2859
10599
6041
10597
3925
9408
9211
7002
9268
11454
4826
6433
3058
10106
11144
9262
10352
9663
13420
7940
9052
10455
8544
13635
7291
8162
10573
10093
10313
9715
14380
10284
3826
8168
10472
13637
13668
7263
8973
6931
14152
10080
5140
10032
1030
8526
10199
11578
10067
10604
6924
14001
4000
5760
10068
12726
6548
5457
8490
10711
8015
10376
11728
13633
7281
5461
9747
10056
8508
10533
3955
5464
3812
5465
10061
9060
10109
12990
7893
10045
9207
13857
10891
6497
12282
10745
8494
10524
10454
14560
3953
10034
5874
6844
9458
7609
10877
9473
7247
14848
3805
10822
3018
10583
4871
9186
7309
14027
10361
7311
7870
9181
10661
5485
10279
12535
7181
10243
4139
11669
8353
14233
5090
14982
6751
12150
10002
6855
11206
10731
8460
12203
6468
10927
1458
5084
7016
11313
12300
6330
2638
4371
6173
13995
12370
4811
1720
6095
9982
14589
6415
10589
13550
7139
1151
13631
3182
9576
10537
10447
8437
12472
8666
10687
7956
11406
10289
10578
2989
13893
9952
13263
6885
10975
10973
9809
5764
10446
9904
9954
8112
10799
9210
6327
1979
9085
10104
8771
9117
9945
10667
10619
8223
10727
13184
4436
10585
8023
8408
14619
3765
11352
8602
14711
10602
9846
4425
14067
10520
9927
6287
10934
14426
5535
3690
14766
5045
10733
7824
9647
10909
10908
10907
12808
13064
10904
9564
8386
9910
10961
1274
4683
7393
14328
7782
7395
9509
8360
3698
14525
2374
6938
6249
5550
10205
5883
8883
13371
9574
6217
12180
11783
3140
7407
7768
9062
9885
6982
792
11066
13330
10146
8087
9793
7761
10775
10679
5562
4722
10737
9411
10859
10858
10857
10856
5566
11842
3490
10322
6028
10172
4851
10283
13095
2722
6966
916
13297
5279
13150
410
10949
10268
12301
8302
7435
9990
5577
3718
14779
3384
8927
12908
9023
9698
5581
10584
10824
10823
10959
10821
5584
5745
9452
12100
4503
10014
9143
3952
11769
6387
9739
6351
12967
3572
10484
8714
11277
10925
5593
4923
9697
11152
9817
10331
5596
6323
6122
14746
13335
3732
14486
6813
7467
8990
7703
3734
13391
4331
10273
7690
9024
14020
5467
8982
8721
2242
9796
6716
10365
6833
9536
1744
12187
10769
11131
3142
11881
3825
9623
9556
11867
4214
10691
14798
9355
8024
8605
1321
12679
5031
10144
8742
13643
8958
10237
8130
13303
10757
10943
4820
7503
8263
7672
7688
4876
7670
10415
12280
7084
122
8444
3797
14007
5663
8895
9934
10217
3958
12709
10725
5634
4030
8935
5627
11090
10372
13017
11087
12167
4590
6319
10113
10542
12916
10295
9027
5642
12108
14937
10706
8429
5452
9307
8346
12855
2952
11576
9646
9414
12022
8926
9192
14510
14446
10431
10012
9718
10689
12449
6048
5373
7632
7849
9712
13202
9051
9429
6496
14319
10977
9706
6868
11202
14034
4747
10672
10671
13878
9169
8890
14755
8812
12792
8553
14460
10059
10935
5076
4483
4773
8819
9688
10656
11247
14410
9864
13770
1447
8822
10087
14543
3083
11207
9953
13627
9083
11203
4934
11267
11480
10294
11283
10620
2960
5212
11432
5682
11550
13589
316
6725
4574
5685
3638
10626
2274
11428
3242
12444
8170
13325
9654
13792
4223
9543
10878
8165
7912
10438
10612
14151
10976
5695
8160
7437
14570
12250
1303
14959
1264
10399
11296
5700
11129
10598
6842
8830
10175
6010
9347
8149
8587
7607
1780
9810
11029
9735
10586
13462
208
11319
10466
14087
3243
9995
9139
10637
8540
10847
8936
8889
10947
9193
6484
8374
11244
9831
4594
12279
9605
11166
13722
8195
5532
10561
9600
10367
6197
12904
7540
10749
10756
10051
10802
8793
5433
6701
10549
5728
8113
7519
8094
13645
3820
9807
5233
10828
8783
11793
11958
13152
4906
9095
14964
6583
6374
10449
10717
10190
8397
9979
10640
10526
8096
11367
6890
5742
9191
8722
7535
10697
3879
12577
10516
5258
5346
7663
4293
13468
3832
5749
10787
11177
5077
8627
11049
11057
10618
7921
8179
12303
6903
14273
3350
7675
9064
10495
10494
14469
14850
10919
4845
8229
11021
11677
6394
11015
12416
11183
9530
11519
7982
10043
10318
12360
6920
9887
5570
13989
10489
11509
7693
5977
9757
11179
11379
14730
8980
8907
10465
5774
12388
13533
6688
11011
12996
11375
10926
14367
5488
12332
90
7848
9502
14586
6424
13427
3568
13033
1078
11035
4262
5785
5496
9998
4176
8155
8916
10151
7789
9736
10954
9247
11231
4591
9703
9964
5032
8915
7526
7871
11417
8947
14954
12621
11168
14882
5317
9531
6888
11279
11276
13625
282
7735
10174
8476
9466
14869
13762
11222
5478
7855
3870
6121
8004
8447
13340
9457
14536
10401
334
9073
7080
14622
9298
9944
4966
12454
10393
5814
7993
14360
6493
11333
12278
6596
10160
9360
10384
13528
14550
11535
11534
11533
11532
11531
11530
11529
11528
11527
11526
13153
10276
6100
11395
5827
10368
6451
7634
11043
5131
11295
12064
11102
83
10360
5017
14689
8018
10485
9261
8753
14112
14723
10874
10702
9733
9115
8870
9439
9406
13185
11754
10344
10548
9402
10503
11543
2454
5487
13216
12920
3188
9843
10994
11007
2291
11750
1838
11504
10329
4137
10621
5851
13042
7803
1336
10071
10794
11468
11467
11466
14658
11464
3904
12677
1660
13471
9528
6829
11048
5860
14694
4447
9848
11439
7190
9263
3279
9774
3951
10723
7592
13647
2391
11303
12428
14421
11265
12112
9153
9219
14902
5871
5125
10831
11055
13744
5564
12711
7125
11427
11426
13491
6713
9346
7837
13889
7906
11423
9342
7571
8562
13670
7058
10493
5698
11103
9938
9797
2495
13837
13094
10265
7064
8831
7664
12403
3722
8856
9162
13247
6605
7574
11654
11394
12348
9351
4742
11649
8943
5895
7861
13538
7076
8846
10235
5898
10556
6734
6024
10396
7363
9987
10238
13943
4450
11735
3120
8266
7873
9174
11368
11483
11366
14796
10022
14969
6912
14337
10477
9061
10842
11599
1265
10511
14482
5913
8503
10139
6810
9251
2058
4373
11045
5917
9282
13683
11343
11342
3946
11268
9562
11710
11154
9275
7028
13154
10200
6846
3516
6373
10974
5926
5600
11399
3809
10492
11121
10899
11322
13278
11320
7836
9491
14257
7834
5817
10042
11189
12660
12045
3843
13395
7719
8906
7315
14639
9015
10559
3562
14893
11301
11300
2170
4222
9243
11619
3962
12515
9724
5945
14684
5946
3479
9236
2681
10158
13778
5949
12588
13623
11282
11281
12728
5265
2107
10815
8457
14287
5718
11119
11505
11637
7148
11555
2803
12039
3972
10429
11738
11264
1057
8671
11402
7653
9212
13354
8757
7255
7792
12305
8440
11712
9624
9205
11821
9681
11248
11839
3449
7520
4267
5322
10118
6367
4396
5973
10810
9559
918
11453
4145
7777
7974
11843
11582
10829
10538
3687
6736
9185
14514
14737
2046
14995
12900
9451
5454
10844
10096
12532
11216
13271
11469
10623
11773
14235
9172
9257
13320
8507
5843
11865
10715
11863
13510
11861
2458
11859
11630
11857
6718
5996
10719
10075
11136
5998
4614
7999
1774
7097
11188
12125
9603
8003
5888
10323
4002
12155
4111
11901
9668
6006
11124
14918
11175
11174
10506
6009
10054
12755
11890
10019
1135
9935
11456
10863
1591
14076
13578
11161
11024
6016
9714
11699
42
10185
10039
7101
4712
11149
13850
10563
12041
4190
1068
12038
5900
9644
12035
12380
5705
12032
2410
8559
12029
14949
11996
12026
7708
9857
12023
11715
4032
12020
6368
10827
12017
11430
11125
12014
1777
6036
11137
10535
12276
14925
3132
9059
4026
6040
9093
11447
11629
14451
9090
14666
8634
6892
9943
11759
8061
11757
11274
11663
13238
11844
9081
9074
1770
5910
10240
9077
12468
6744
9075
14049
1514
10569
9072
11354
8804
9421
9976
10231
8077
9636
9066
11080
12522
11551
11123
14852
9699
6001
9580
11471
5908
6064
6769
11069
12194
6066
12858
9716
9388
6068
2843
6069
5080
7890
11059
12633
9729
9581
7177
8467
3089
13063
8237
10167
8101
12050
10009
4197
7466
6957
301
14777
4732
11209
9203
2490
11039
12551
12306
10386
7144
9028
6338
9128
11514
11232
12972
11414
11438
6088
10896
11976
10648
7001
6933
7614
149
11020
1740
10257
11441
9751
7081
10159
11747
13203
5183
14393
11010
13453
1725
10567
7692
11653
722
11651
8929
8111
11001
9900
3771
11784
12560
10405
4959
12596
3357
11307
10992
6108
9572
9164
8304
14583
11217
11459
11083
12333
10983
9266
9883
11359
10871
11263
11291
11855
8628
10848
11852
10120
7798
9179
5582
7594
5246
11613
1120
10966
1877
9627
9526
12074
9427
11063
9789
13621
11437
10957
7371
10668
3337
9858
8961
9387
7581
8175
12044
6795
9917
13789
7036
10224
10517
10647
8181
12371
11449
12011
9931
10366
10633
14353
3838
14041
10471
10932
3959
13228
9400
14098
13600
6870
10362
14625
10924
8805
4192
11500
5014
14987
11796
10768
2035
10864
7838
6393
11465
10129
8463
6153
8205
11078
7012
10886
10553
11547
11777
11895
2743
8211
10901
11199
10026
6160
5609
12007
13186
4218
8913
12485
7357
10274
11593
9818
12924
7490
4494
12311
4744
12459
4112
9994
1111
10889
6317
4947
11384
11517
8246
14716
11393
12233
12232
12231
12230
12229
12228
12227
12226
14399
12224
12287
12222
6180
14764
9272
7294
13543
5680
3727
7239
11132
4691
11627
12816
13555
12264
13345
8877
11717
8994
9395
6025
10116
5306
11351
1586
11822
1921
13925
11258
12179
8867
9753
11987
10835
9915
10115
12249
14679
6498
10699
5820
11933
9493
11324
11329
12762
8488
14149
8121
11594
9200
11803
5124
13867
12508
11623
6806
13093
12165
12640
12163
13285
12161
6211
10808
12098
12548
12188
5337
10734
3781
11801
14974
13651
7460
11107
4772
10052
7492
11344
12411
12805
14794
10406
6248
6222
9746
14529
8908
11197
1229
11419
10673
14387
10941
6227
8820
4828
2905
6168
12124
12123
13962
12121
7478
6232
3637
10389
5548
11609
8313
8247
9859
10625
7484
11397
11624
8295
9685
11647
10933
7448
14274
6241
11450
14911
7445
9678
11221
10338
8796
14557
9199
12092
14236
12090
12089
14310
10744
6989
3920
12563
4031
9377
10726
10738
3627
11659
9740
10424
8050
6185
10732
6256
6092
7133
2073
13983
11585
13157
8530
7405
877
12063
12062
12061
10720
11813
12878
12144
8510
12049
11643
10714
10510
10658
8357
8763
9801
12429
10708
11337
8361
6271
11749
9593
3609
11675
10534
12047
12037
9558
13694
7129
10225
10921
10613
12396
4626
11931
2301
12451
12205
12580
11038
4522
8377
10685
7324
11969
10636
5339
12077
12015
12071
10703
6666
13363
10781
10359
6250
11882
14066
12271
11081
12295
4468
12257
7933
13957
9792
11017
3284
11516
11995
11994
9571
14567
12168
11924
10657
9096
4566
11233
10083
13587
3741
6303
10070
12626
4667
5350
3129
12401
12389
11975
11974
7766
7168
12519
10989
11032
10680
8486
10099
11127
10669
6313
8773
14871
6482
7431
10630
11522
11957
13860
2784
14478
12473
11167
12164
13710
10646
6321
12467
14258
4586
11440
5613
12557
3164
11579
11940
11939
8682
11864
11018
13619
202
12059
5358
11687
12347
12119
6109
10554
7569
9500
6889
12599
11923
14932
14704
11219
8449
8826
12592
11686
2173
8962
4153
9713
5605
12585
13672
9316
11908
13885
3433
13002
6802
11355
8656
7427
14416
5049
14086
13450
8465
13417
2609
8707
11893
11892
8084
10480
4175
8419
3785
13840
8473
10249
3933
5160
8641
12673
8006
14329
11878
12669
5392
12667
7802
12665
11044
12663
5456
12661
10152
12659
10468
12657
11983
12655
11036
12653
12465
13729
4457
12649
10137
7296
8622
12107
7224
8620
5902
11851
10304
12324
11506
9135
10530
8945
10203
7733
3232
13399
10525
6379
1095
11838
9742
3544
11729
13217
9196
11507
9465
12134
12344
13158
14854
6386
11826
11825
7276
8939
3361
12671
5884
11065
8448
12937
11254
8593
10502
12195
12527
11524
1477
11725
14944
7557
12539
9445
5538
10788
7124
9599
12298
12431
2890
11105
11257
13518
4489
14518
10906
12620
12764
7549
6288
11790
11789
10195
9768
3896
4272
5748
7251
8977
7619
10991
10736
11765
11778
11306
5798
9420
11420
6961
11561
10970
5106
6417
14320
8589
11767
9629
8329
10457
9988
9905
10275
12272
7434
11067
4282
9661
11756
6425
10380
4613
5530
12956
11361
12533
11492
13717
4286
14753
11745
12461
11184
12291
4817
8167
10011
11114
9390
9653
9344
11807
8724
12283
6465
6438
12126
11325
11098
12794
6723
5914
12791
6378
1612
12788
903
11600
12785
8496
13494
12782
10414
12523
12779
5572
4849
12469
8416
8579
14884
11019
11113
10754
11705
6457
12212
5025
5506
9683
13434
12326
12053
12907
2634
11695
7196
12903
10337
13315
3167
12899
10879
12644
78
14744
8498
8011
10853
12891
9579
5694
14148
12887
9892
12375
11676
14405
10377
10784
5176
12879
4289
10373
8238
12875
11667
13410
10369
6475
4318
8635
7176
11971
5646
12330
11658
12419
12245
6480
8458
12550
5163
10357
904
14026
12814
11364
11117
6485
4953
6651
9860
12959
11610
11641
11640
12507
10345
14580
9309
12275
1370
10341
10988
11632
2092
11165
8501
12943
13812
13051
5197
12273
6880
12415
9284
6499
2531
12572
12369
7245
7902
13016
11615
6503
665
11377
9440
9758
10984
8675
11644
11607
9289
5637
8428
12377
10326
6510
8981
14237
4976
11598
13952
9770
9596
10423
12200
12719
12
11661
11590
11963
6663
13159
12153
6519
12638
6520
5434
12635
8720
11989
5779
14288
3181
12923
2104
8988
6686
13703
11869
12917
4635
12341
8705
6529
11567
14628
9252
7289
10905
10841
8261
12462
568
13767
8948
12383
2186
9563
7844
6537
13092
7465
12463
4918
11937
10869
11213
4619
13818
10262
11544
13204
8725
12154
10696
12309
12797
12166
5715
13685
8833
13480
8633
12968
6059
7003
1924
12479
5777
9707
3894
13424
10244
8739
8380
13938
4370
14792
9454
8743
2142
13809
4372
11515
6518
9578
14642
11577
12739
12277
11525
11486
12767
7346
11834
14381
12235
10303
11580
11493
12683
9821
13972
12409
13139
13138
13137
13136
13135
13134
13133
13132
13131
13130
13129
13128
13127
13126
13125
13124
13123
13122
14456
13120
4386
10803
10202
10969
2632
12440
9470
11473
8228
12629
2886
12815
2857
12844
9808
11711
8338
7187
12414
10543
10188
12843
14674
12359
9813
7787
11674
6490
2397
6594
11951
12460
6345
10178
10555
8326
11785
6575
11446
13099
10437
9443
9992
6967
6543
14775
10168
6603
10100
12199
5370
11051
593
11433
9690
11327
7313
7773
697
11897
11751
8898
11633
12323
10579
12630
8987
14000
9711
11339
12220
8911
10826
6616
4437
12175
2751
8583
5755
14033
7021
7400
11408
9459
8829
10138
10044
10258
13032
13031
13030
13029
13028
13027
13026
13025
13024
12310
4797
13038
3214
3220
10125
9926
12885
8843
10122
13786
5960
11984
6816
7764
2041
6636
13259
6637
5315
12701
11321
11287
11870
6640
4471
12131
12294
12162
12404
12352
4687
13244
8005
5377
10358
12373
8264
8863
3707
14019
12983
12982
12981
13821
12979
12978
4434
12111
3323
8871
10090
12439
8873
12927
11348
11381
10476
12637
10084
14979
11418
12735
4333
6660
8881
10995
12544
9235
329
12494
9380
10663
3854
11573
11331
9541
11429
10793
12946
12945
14300
12991
12942
13655
7548
12127
9844
11185
4448
10791
7518
12574
12481
6675
11314
11186
10223
13249
13806
10053
12628
6679
1618
11798
5098
10165
4454
12873
2860
10300
12915
12914
12913
12912
1554
10041
4394
13078
8917
10038
11292
11595
876
10035
7322
13144
13279
12318
12169
5376
9338
13274
7669
11903
13994
12320
13269
9894
12888
12935
12886
13264
8933
10020
7658
11271
12184
10017
11684
6703
7578
12068
6474
6705
4173
12707
8048
12727
11260
11683
12424
11223
2051
12864
12863
12862
6553
9726
4449
5782
11250
14895
12825
10073
12018
8955
10488
10076
9872
14259
8002
13103
9923
7942
12260
10082
12842
12841
12840
7891
9985
4203
7374
8967
11006
11228
8969
9975
10765
13929
9702
3887
12178
9168
11054
8975
6694
14856
12821
12820
12819
8979
8156
10849
13022
14540
13155
13287
7689
11948
10346
13283
8227
11693
4061
10545
8989
4917
12802
14904
12800
8093
8993
11425
3798
8995
9374
6747
7364
12477
9948
13349
11190
14346
6286
10127
8312
12784
14006
12893
12824
10807
5630
14437
11180
9937
13174
5188
3861
11921
6220
6759
7812
6760
2796
13474
12766
14547
9611
13904
6780
12884
7180
10347
12491
7937
1898
12031
8928
6768
12173
14432
9049
13061
12749
12748
4514
10419
13500
11636
13908
10839
4305
12418
14338
13526
6055
13576
9037
10029
12734
12733
763
7749
11255
11138
14238
13460
5595
14709
11618
13477
4204
12947
11910
12803
13355
12718
11491
13352
11162
10184
13499
6790
8267
10571
12869
11120
10998
8403
9397
12889
12704
12703
11936
9709
6634
13067
11111
11218
9929
13069
6401
14661
12933
8949
8188
12690
12689
12095
3450
6804
11621
12247
7644
11837
4429
6807
10946
10789
11093
10609
12676
12675
12425
11360
9856
12868
8869
11205
10086
11823
14728
9154
14474
9270
12725
13148
12128
14361
2605
12616
4546
5536
13481
5620
8052
5145
14368
13367
12650
13523
12847
5208
9142
11746
8192
9529
9754
13674
9105
11719
9830
13040
12921
9759
4756
6832
13034
10403
8533
6834
10033
11050
1320
13196
6828
14653
11046
9301
8032
13319
8834
5002
4560
13309
12069
11536
1059
12614
12613
10951
1198
12317
6002
12832
3589
14873
5190
13235
10677
12329
12602
12601
11025
9056
6825
6852
13900
13724
10664
13803
12470
8814
12591
12590
13168
9348
2475
12531
13412
10779
9787
9971
10767
12147
13111
12579
3921
13043
4036
12651
11740
8001
12846
12970
9065
10301
12569
12568
2564
13052
7851
13531
9670
13529
9041
13527
330
13525
12558
13649
8789
12335
9637
6876
11907
7987
1563
11713
9760
10763
12547
13843
2017
12740
2752
9755
9177
11559
9834
13912
7563
12537
13163
14442
13294
13447
7659
10965
2412
11235
1518
11195
13397
11691
5842
9717
13548
12255
2642
12410
6178
12575
11094
12517
11569
9548
11752
14939
9264
12975
12308
11638
8642
10094
13302
13389
9138
10355
4602
11243
5639
10938
11075
10293
12498
13187
13479
13881
4943
7450
4606
12980
8086
9215
2486
12488
11312
10370
14790
9819
10923
8432
13328
13441
10884
13439
14522
13437
10982
8649
12504
9227
14048
14577
2480
12641
12030
10206
6191
11079
12554
6311
3096
5579
12358
13422
9691
14427
6763
12209
11956
8274
9241
10897
6986
12452
13558
6206
12327
6934
12609
10383
5020
6936
6403
12443
9677
13751
9700
7307
13748
11955
10882
14992
12435
13754
13742
13855
2450
13739
9076
10875
11670
14735
12426
13381
11758
13379
9265
12509
11501
11584
14564
13551
13223
11151
5757
9271
12399
14311
7898
10433
12950
14721
13419
13425
9277
8813
7308
12353
6678
11575
13688
10850
12810
7734
7323
6963
4642
8971
10031
12393
10843
14631
9652
13868
5972
13836
12143
13905
12385
14411
8668
6635
6341
13333
4648
8561
13571
13019
12634
10463
11808
9363
2277
6977
9030
7553
13606
12639
13638
12350
12122
10491
11150
10181
12362
6322
12687
6653
9313
11815
9092
10251
3356
12354
5086
10836
11981
13199
12176
14533
9321
14085
12346
6280
7312
13293
7854
13291
10798
12407
12339
9091
11349
8450
9594
6998
5078
13574
9936
12331
8600
12447
7845
9399
12783
9756
5997
13542
3576
7005
4670
13749
11211
12775
10778
13691
12932
10327
5263
7280
6665
8727
14146
13257
8314
13255
6731
13914
13601
11679
1053
13598
12302
11481
1504
9566
7826
10529
11084
13156
13143
6404
13779
10123
10755
9657
10540
11091
12288
8196
2324
7026
4684
10653
7816
14499
12281
13679
9373
13883
13369
10742
8438
13298
13256
7801
3069
13313
5137
8794
4690
12268
11604
3968
10024
8254
13181
7760
10729
12261
2768
12781
12619
14495
4138
9167
9914
12254
11648
10568
12902
13193
8456
13583
12248
6714
12223
13629
8025
10713
9401
13711
12241
10710
3071
7053
9884
13384
14920
13967
12234
7442
13520
3841
618
14239
10156
13975
4706
11545
389
13165
10374
7062
14075
14111
9771
12104
13727
11403
12113
9501
12215
10601
12729
14554
12567
13634
12171
13859
10682
10607
11315
13331
4674
13853
10944
11027
11115
13602
9031
13142
12664
9089
12196
8612
7831
4995
13894
7758
8258
12190
5810
11804
6562
7083
11126
12804
13404
11763
7752
7086
13418
8859
2649
13565
1674
13113
4726
7090
172
13001
12172
7092
4728
7093
5010
13286
3406
12417
9710
12381
9184
11829
4480
14289
12160
7099
6456
7100
14858
11523
4734
13089
1889
13060
4302
7104
7894
7105
12148
14503
3434
13603
13628
7108
9970
12142
2914
7110
7326
7111
13704
11854
12136
5515
2836
14375
10164
13065
1109
12130
13406
7409
12091
12583
7349
11764
14145
14260
14143
14142
14141
14140
14139
14669
14137
14136
14135
14134
14133
14886
14131
14130
14129
14128
14127
14126
14144
7130
4984
7131
10460
7132
12102
11889
12672
11929
6850
9206
345
12096
8102
11967
9517
13023
8464
13327
3851
13702
13361
8461
5816
10575
12085
7040
7455
7098
11252
10718
12080
8336
9394
14773
112
14491
9335
14013
12944
7150
2283
13707
11443
13684
9537
6851
10558
14256
13009
12518
4770
7156
888
7157
7674
7875
12058
5658
7242
14065
14064
14063
14062
14927
14060
14059
14058
14057
12048
9921
6486
11944
5841
7387
401
12042
11147
11949
4435
7170
12823
12963
11475
5836
5839
10760
5876
14324
9524
13935
12500
9974
2028
12027
10254
10522
7517
11487
5815
13759
1354
13337
2248
6488
9461
13459
9097
14018
14017
14016
14015
14014
14299
8475
7642
7188
4417
6252
12006
12662
1513
13311
9589
8401
12001
14961
321
13769
3778
14251
14318
10427
13119
7197
9597
13224
11991
12225
169
8716
5134
12909
11986
12883
13982
13981
13980
13979
13978
13977
6460
7206
11004
13939
10155
13553
4411
7209
10487
10655
5586
10817
13514
6748
7041
14913
8376
13415
7562
13375
11299
11962
3400
9947
8879
14751
13951
13950
13949
13948
13947
10518
10592
11952
10016
14061
1455
13599
9650
9435
9088
12374
13964
14231
13121
7228
4707
12859
9694
7230
11938
13695
9674
12895
13924
13923
13922
14645
2928
13667
14984
14956
13824
14083
4520
14078
8569
13999
4193
8410
10219
13205
7585
11919
11413
8781
2473
7244
10214
7143
13899
13898
13897
13569
13572
7248
5759
12896
9978
9667
11905
7106
9258
11109
9304
14321
7765
6413
13151
12813
2174
11896
7216
13877
13876
13875
13874
12099
6402
6811
9705
7261
11887
14309
9416
10895
34
13076
7561
13487
5102
10805
13014
13575
5226
13856
13887
13854
14147
7270
938
12422
11229
13506
13054
12765
9230
8729
7531
12732
13782
14344
7068
13342
7038
10750
13937
13835
13834
12769
11856
12253
3543
7282
10371
6298
12854
8741
11288
14966
13945
11847
7182
13267
12598
9829
13817
13816
13815
7290
264
6110
7533
9723
13077
14788
1334
13149
10354
12615
5276
12741
11830
6259
13800
13799
13798
12774
13070
9820
3435
11415
12699
14692
3931
10955
14125
14429
11817
7305
4686
9086
13783
14552
13781
7516
10218
13227
11809
10332
6972
10967
10124
12713
2387
12189
12750
7314
8033
7885
13766
13765
2926
7317
13488
13090
10320
9250
11978
11792
11357
10459
14229
13921
11788
3414
14515
13750
14374
14244
6600
12625
11246
13968
11780
7328
12304
13191
9773
14687
11562
14455
13736
13735
13734
7333
5227
14138
8142
10421
9152
6943
5196
13919
9824
7338
11060
8862
13721
13720
430
7341
14150
10287
5333
9353
13652
9007
11858
5811
11033
11477
7039
14303
13706
7348
4027
14650
8221
7011
14742
13991
6389
13071
11077
10603
12974
6783
13693
13692
1760
13662
14605
10266
8885
14453
11128
7359
11052
13140
4890
14345
13680
14327
11724
13675
14110
13829
9516
11720
10700
7366
10945
10108
11716
9776
14471
13666
1127
14468
11860
9214
14465
12993
11708
11435
11031
13392
13452
11259
13654
13653
4662
13701
9837
5623
1389
14579
11697
14029
12495
7381
6656
13642
13641
7383
9908
13971
11689
13091
12086
10721
11819
12647
5042
6079
13630
14099
9812
9779
1954
9855
11678
9082
12833
10216
10940
14009
4039
13618
13617
7396
10819
14247
11479
10030
10037
9249
14431
13241
6726
13607
13958
14875
12528
9871
13804
10881
1236
14191
3749
10565
3495
13596
13595
11652
11164
12349
6029
12545
14090
12861
13045
7412
3928
13585
13584
14951
4281
12977
14343
7416
12770
10183
11913
9221
11494
14479
13573
7420
776
9895
6563
11990
8268
14383
13639
14717
11626
13563
13562
7426
9149
14357
14275
14282
14354
14524
10614
3979
14417
13552
13114
7332
6253
13215
11612
6507
12191
8779
3673
14762
14789
7402
13660
11605
6075
11159
12292
10629
11601
9553
9118
13532
14132
8545
9925
11911
9018
13913
11239
5612
12812
14097
13522
13350
9826
14005
11587
8537
769
14597
12801
7597
13513
13512
5490
13145
2539
10893
3814
5469
12559
12881
8663
13503
13502
7459
3607
14435
11570
11192
9949
12016
12094
14447
13493
8521
9764
11563
11879
14857
11947
4257
12776
10707
13484
10305
11556
14707
8485
14705
11945
14703
405
14701
13475
14699
5428
7414
10230
11546
13934
9507
9033
12758
13466
13465
500
9011
11539
13049
14234
9267
7285
14043
13457
13456
5660
7485
13825
8968
10801
14559
4404
9731
13448
13775
3013
14123
6881
11237
4050
10081
1629
12489
14975
7494
5472
10077
13745
14741
12594
8983
14222
13431
13430
13209
