2000
0
1972
2
1959
22
5
4
6
1934
25
810
1831
7
1989
10
1456
1012
125
1824
1282
1202
165
1942
1492
310
1717
14
1563
3
317
11
23
878
19
27
1403
708
141
1778
37
1116
1253
32
799
152
33
490
31
1794
1102
68
1522
1440
1509
44
1515
20
38
544
1877
40
441
1268
1803
39
1433
60
45
694
1480
34
53
876
1609
1572
1183
1150
185
1648
49
1826
421
18
1829
57
78
41
363
76
1808
990
1431
71
61
300
203
252
94
1232
1365
700
1802
80
1380
248
1173
79
1783
1084
1362
104
100
628
389
880
85
107
58
274
1730
42
1485
35
1965
74
1993
81
69
98
1990
642
1415
97
51
128
1467
54
1625
144
1983
102
177
120
1889
124
67
63
1641
1864
221
1840
139
1162
148
9
911
8
115
814
99
114
149
105
679
1532
1498
151
1307
82
109
1502
223
132
1726
161
387
103
70
454
1703
730
90
121
1309
110
1630
1992
1327
1218
166
130
95
1756
949
1058
967
48
917
117
159
133
167
502
1919
1962
168
1176
555
113
473
1432
1360
596
1941
164
155
280
285
134
1152
46
131
197
1590
242
201
129
1721
191
160
1156
1291
92
215
882
1095
380
186
56
234
72
1381
209
1909
940
1841
1090
1395
1784
143
1720
1755
886
1197
1382
147
1180
29
1846
1927
332
1110
89
1859
206
244
179
157
1024
1728
257
183
1976
176
16
1531
762
913
1340
265
826
239
281
1623
1446
173
245
263
1500
212
1406
178
26
146
1642
255
214
1812
205
1631
1306
150
225
459
1672
1982
116
289
884
1762
13
233
302
1654
1236
231
75
1388
874
355
230
1845
171
359
259
585
1310
1347
768
313
112
511
202
279
480
1865
286
298
335
169
198
521
254
1093
264
268
972
1377
207
505
696
1372
226
1742
726
1207
342
1318
556
314
1000
1872
346
1269
240
1813
211
1651
1226
334
192
1627
1216
361
138
319
246
1346
418
333
718
1017
137
1459
318
379
1052
193
426
1157
367
1926
299
1293
1870
1977
1366
294
1694
1507
17
200
345
1345
377
384
309
1435
1354
219
284
1915
271
1577
235
402
374
1170
1954
404
15
801
308
326
196
283
648
1191
434
369
12
1408
388
229
1136
1873
217
1837
610
405
512
220
1422
1999
466
395
1288
1107
750
1890
409
727
301
529
145
303
172
228
305
1671
122
375
966
1419
896
232
311
1943
862
383
329
353
386
1712
249
412
344
238
406
469
267
945
1740
241
96
1556
1980
1057
162
1032
1650
1607
288
1224
980
415
354
1690
307
411
1686
499
86
1988
439
1050
482
181
928
1888
1402
123
413
461
247
1681
189
328
350
381
760
1118
108
1771
449
1737
424
1283
365
1897
518
1305
376
689
330
327
419
981
1948
1302
1810
270
1910
1194
1710
493
315
1411
1900
378
532
1038
1662
1705
968
1311
850
548
736
1041
509
533
429
1939
341
563
539
425
1624
437
236
1036
362
1797
526
551
275
1441
194
1080
497
1568
340
1984
571
433
52
767
491
1237
1800
1371
554
1849
356
213
1046
337
126
501
1398
587
1970
1743
431
1490
1
227
442
487
558
1367
306
612
1626
579
481
1901
1464
464
401
312
538
1608
1528
1540
986
528
894
566
702
1185
611
909
507
1487
535
615
567
565
486
1200
88
1213
992
322
1780
1955
1134
1758
636
1863
489
1677
756
277
620
1660
1914
1300
593
534
659
331
946
1817
656
664
1994
562
336
1001
338
1597
629
1245
292
1613
581
1083
352
623
427
1895
410
1776
457
671
635
1420
370
1068
1760
1524
808
503
368
348
1144
674
828
467
440
607
639
1005
677
1733
606
1353
1700
662
1198
451
675
1843
477
1860
1536
1475
1782
626
278
542
1938
893
216
403
1394
1060
256
609
428
1450
1370
687
604
1468
1086
1570
545
1818
738
681
446
1417
666
1135
1212
599
349
704
749
1612
452
699
523
393
746
1875
258
633
136
1975
800
382
140
1550
1734
637
1166
759
1276
1928
712
678
1130
817
1404
764
516
390
816
1369
470
471
478
757
525
719
706
668
778
357
476
786
752
1256
670
399
1088
1557
782
723
321
691
625
1465
1056
1790
118
769
541
1894
488
1947
758
1953
1916
450
127
1621
392
813
527
552
1138
783
83
580
500
805
734
530
771
703
830
740
435
1120
695
1137
841
1969
843
833
770
688
1604
779
64
1991
1746
1809
1260
1011
1578
844
430
1227
573
858
952
1739
568
777
785
1312
1074
1100
1470
1777
684
649
498
1815
24
1801
676
811
36
827
101
1639
1998
261
84
1723
282
543
1640
1222
780
1949
1240
849
371
448
588
1847
438
819
881
807
889
754
304
729
1622
443
725
1867
802
456
731
1113
622
458
846
873
1658
583
325
809
942
462
998
1602
432
619
834
1317
621
455
1576
701
347
1248
903
1051
195
784
665
1374
1258
1053
531
863
210
1753
761
1027
1122
1709
763
1711
912
795
613
1811
836
853
1070
1479
930
1352
158
483
1514
1833
106
1871
142
1629
513
1323
508
651
916
1971
1190
495
93
1854
951
964
417
919
965
1853
1096
831
494
1149
589
1761
62
1117
1904
796
208
1661
825
999
1210
1786
900
1876
963
709
643
682
156
1822
1722
634
1586
865
890
1013
839
711
743
1936
514
908
561
895
1472
773
1296
1957
1488
575
1628
973
975
1072
1428
1525
1940
463
577
1799
824
479
174
1393
1842
1832
323
848
296
182
1019
891
1278
627
680
1123
569
1037
1390
979
797
1668
658
1823
1548
661
748
1030
845
590
351
1533
717
1458
295
947
559
1981
721
1719
496
1071
119
1023
1844
943
66
1035
742
546
875
547
43
1537
693
1437
1186
898
1588
1031
1054
1081
747
1653
1264
924
135
1039
1059
686
852
1883
28
1765
745
1087
775
1104
251
860
1652
859
1103
959
910
616
1616
1921
1978
1049
324
927
572
1645
154
1773
977
614
1430
1899
465
1115
630
983
1634
713
420
647
204
1884
1044
1047
266
578
870
1555
644
829
50
1935
774
1252
1128
715
1063
1925
360
933
856
586
991
1618
962
1101
822
1455
153
1097
1089
1659
1958
1881
789
1582
1158
1119
472
1827
1132
1874
955
1695
1788
598
1596
1501
445
1912
400
1175
364
602
993
1392
1856
969
974
1967
1866
601
1025
835
65
414
1034
914
1192
1896
791
1603
398
1062
408
739
492
1141
997
1702
854
1008
1195
1220
1178
618
1172
857
111
988
290
1851
1161
1021
631
1731
867
1238
1820
1495
1006
1764
1199
1332
837
1416
899
1775
872
1114
842
1184
838
1169
1042
1491
1554
1333
1239
847
1188
1182
926
1795
506
1322
1384
1189
1452
1521
87
1559
1330
735
1265
1606
276
1108
989
645
823
646
776
1880
803
1143
1868
1303
632
1249
1920
1636
1043
652
316
653
1266
654
436
1065
1692
1133
1986
1816
1496
485
291
1945
1155
1018
1486
560
724
1286
673
663
608
1168
650
1725
1223
1405
1151
1329
978
1055
1684
1836
1966
1326
1105
1287
444
672
897
1687
892
1688
1902
1273
902
1656
1344
1535
1552
1163
905
1279
91
1793
253
1022
1106
855
180
683
1257
1029
1886
1077
287
915
1099
1680
1295
1271
1359
1523
77
741
460
1075
416
1565
1139
1906
925
1234
920
938
603
866
584
697
1142
698
293
1378
1171
1098
218
1679
550
1605
468
1960
1530
1131
591
1513
1387
1355
1409
707
690
272
1160
1009
1217
1263
260
1376
1154
1127
1259
1891
515
1933
422
1167
47
716
1364
1076
660
1857
1067
1457
1336
720
1280
1449
1732
1560
170
1085
1375
1389
366
1796
1091
1002
1357
1351
187
1421
685
1386
1748
1510
1424
1219
397
790
1140
733
1016
1112
792
1448
1670
1534
1301
1961
1341
1092
832
1129
55
1196
1328
1469
1418
1477
851
1363
391
984
1206
1211
59
1964
1443
1267
877
1315
1338
1911
394
1003
960
1617
1956
1499
549
753
1284
1358
1400
1385
1423
705
520
1825
396
907
1208
1963
1830
1020
1246
1937
453
987
1436
1299
1242
1657
224
1148
510
1297
1255
1251
1600
1073
1214
1275
605
918
1331
1819
1504
821
188
1951
1944
1474
1033
1125
710
1460
1274
1014
1676
1932
536
1913
1379
1438
1294
781
1396
1601
343
1547
1724
1996
669
1320
1040
957
1716
1399
883
1314
755
1439
1478
1413
923
1337
1045
1553
1356
793
21
1483
1752
1573
1471
1505
1539
1635
574
798
1434
1987
1324
1187
714
1834
751
1015
1203
1447
423
804
1922
1893
199
1973
1241
1581
592
1414
1126
1907
861
772
1048
1594
624
1792
570
1735
794
961
1397
815
407
1575
765
1675
954
1985
1308
1270
1526
820
582
1744
806
1026
1592
1111
484
1426
30
1342
1064
553
1069
1567
504
1520
1704
1410
517
1010
540
1247
1109
1453
640
1427
655
1543
1878
1407
243
1145
1004
1918
1250
1289
956
935
1343
1821
1529
1551
597
1262
722
1476
1493
1682
1685
1643
667
1852
564
1647
1425
1503
1583
1599
728
1215
1968
1277
958
1261
1066
1585
1229
1538
1750
1497
1708
1193
1028
1689
1349
1620
1673
339
1348
1147
879
1292
1946
1691
1569
1745
1637
1614
1153
1298
1164
1571
1666
1235
1727
868
657
1304
447
1674
1244
1779
1313
1646
1146
1519
1442
1549
522
1766
1339
1882
1598
1316
250
1461
519
1451
320
638
222
1655
1082
976
1542
1512
1272
1749
1517
885
1610
1094
1124
1751
1078
888
1562
1179
1506
1321
373
1698
1714
1174
273
1574
818
1729
1713
1699
812
1770
358
1231
1319
1177
1693
869
557
1165
1201
901
1747
1763
1804
1615
1930
904
475
939
1738
906
1759
1995
1632
953
1368
1350
1061
840
1290
1595
1204
787
1482
595
1769
1463
1429
1373
1221
1281
1445
1412
1683
1798
1225
1806
262
1838
175
921
1952
922
184
1511
1805
1664
1649
932
1541
934
1589
1007
1508
871
1715
929
269
1669
1754
931
372
1243
692
1885
1974
1858
237
1663
297
936
1828
937
1718
1807
1580
1917
1950
1566
474
1835
576
1757
594
1736
1545
1619
1772
1209
1079
1383
617
1579
944
948
1869
1785
1558
950
1335
1791
1564
1361
1767
1787
1678
1527
1518
1254
600
641
864
1591
1774
1697
1855
1879
524
1696
1181
1707
1462
1997
385
1233
1285
1861
1205
1848
1401
1325
1484
1814
1489
1789
1546
1454
732
970
1768
971
537
1667
1584
1923
190
1741
1473
1887
1862
1230
1444
1466
1334
1561
1892
1929
1701
737
163
1494
1850
982
744
1391
1159
1903
1908
985
73
1644
1544
1839
1706
1931
887
1898
1228
1665
1781
1611
1587
1481
788
1633
1979
994
1638
995
1516
996
1924
1905
941
1121
766
1593
