12000
11709
36
8803
8980
11541
6444
10227
2212
2433
10650
1399
11758
113
280
11083
44
11016
2280
1535
6132
2289
14
5667
5
3401
10
2935
1202
2
21
59
2260
273
9888
2671
324
10258
18
11997
68
33
462
4391
25
7
104
171
31
8618
268
3039
7766
97
876
52
2254
3237
5418
10008
412
449
9840
9076
6050
17
84
3695
40
6513
4502
61
8050
13
496
103
554
2121
50
10340
75
62
9336
6051
76
58
11614
16
11948
9822
74
119
3682
553
338
79
3316
10428
32
7863
9536
9762
3562
34
4086
22
404
7387
55
8217
105
6049
2156
6696
56
10967
91
90
7108
6961
83
869
71
82
70
6760
6834
7656
95
6121
5676
7879
2506
8513
2566
6091
3524
4633
51
65
99
6361
4012
2707
9448
1145
86
128
8968
157
1072
10709
250
10698
1508
7635
3658
122
2730
117
1430
137
918
81
162
8112
10438
3747
11742
11033
152
2679
9166
385
11070
9243
9114
8368
11246
11167
169
60
306
1387
165
7921
9738
11987
121
161
518
42
127
11885
101
106
179
107
118
57
174
229
8516
8131
9472
233
1054
3163
202
5313
1440
11349
63
190
181
2091
354
5033
11896
10921
3812
769
4968
130
9730
6990
7494
102
3922
8901
133
259
1088
110
438
140
2124
3421
5560
291
226
10804
2862
8733
182
10785
156
275
7498
685
2060
1239
244
9276
3948
11377
191
7585
197
147
1038
8949
222
207
230
8848
8104
10060
9872
39
5082
7277
177
116
5146
6591
227
5921
138
2731
199
9409
726
311
247
301
217
11406
3718
186
173
559
3686
1893
254
10115
8410
477
11692
11698
448
148
9142
295
189
5761
293
10822
263
11968
11558
238
510
557
245
6316
344
11380
294
11297
1242
7054
350
3855
1362
64
3226
284
4910
281
3738
3959
252
6541
950
1923
9024
69
220
1471
314
11317
326
491
253
8673
1904
391
2622
11820
9700
7779
188
7017
329
10567
3556
861
638
6982
418
11374
180
9000
8510
3061
964
19
5172
11632
8372
7519
9196
8582
3708
11923
8450
363
242
11921
5230
10509
608
7282
442
10073
4344
2703
223
5913
490
2579
4812
382
3302
7582
359
351
546
4131
8982
8718
292
11143
8038
134
7904
9867
201
6770
369
10615
249
6681
168
8897
2548
7645
10950
29
356
336
1470
9706
211
4345
381
265
213
801
6860
8739
371
10193
10770
8925
11324
339
1588
11925
5190
419
2720
5287
8706
409
392
300
5500
1485
224
11919
1000
3517
399
7893
407
917
228
6103
5008
10929
335
46
415
7425
4304
8883
10260
3305
375
368
455
11518
2056
6515
1414
1977
2066
4723
453
3089
132
591
274
6273
377
11045
365
613
475
8839
5098
11105
402
2691
7184
7588
221
2975
1632
9394
5786
131
2118
2777
331
8568
343
77
966
8099
8242
341
15
11017
10176
7500
10218
159
4772
357
9010
10587
445
7581
497
11077
461
1385
10756
11679
1136
463
2998
154
8364
1765
7648
2695
45
9425
466
2547
9686
512
2598
11793
2250
487
499
135
167
185
5590
9790
7604
7177
115
11100
193
1549
521
1375
4578
9677
282
485
495
597
544
11927
435
1473
532
504
4776
417
160
563
8258
1369
290
683
5458
10653
401
1207
4356
493
582
11917
11528
298
472
11615
204
3337
272
6792
479
142
3780
1047
482
549
10870
530
379
212
583
11869
594
7538
206
232
527
10966
514
9665
309
2469
313
9795
587
545
7668
3807
6962
540
611
11876
547
6426
478
11371
537
953
1606
98
7542
195
327
9275
531
515
7316
7201
6046
589
624
9319
325
10125
7780
318
904
4221
5272
8793
4848
11729
2470
506
505
4161
9220
3911
7642
523
770
9909
596
11852
406
539
296
7956
5490
552
519
599
541
260
529
525
7450
9483
416
257
2596
11119
4342
151
346
9985
2934
7580
655
208
1268
11194
439
2003
8070
813
1334
6163
645
10206
328
236
9060
650
7306
428
11494
310
8630
87
694
622
651
536
2732
6505
703
8381
5050
78
2000
9529
548
581
366
8598
10374
425
6798
2351
641
588
635
239
443
9236
9964
11655
745
9877
649
7565
469
6600
4616
452
752
30
378
8206
607
9174
145
1223
464
734
8914
646
768
511
384
11929
1016
695
593
6906
691
4005
3998
9742
5622
10664
6742
1947
112
3573
2724
11063
3016
658
4016
8484
659
6665
1926
4983
4950
9040
721
11915
680
1989
364
714
800
1445
4854
741
665
454
2502
11399
753
471
234
654
3366
713
620
9615
2030
421
2440
6131
4678
2865
386
11557
771
11540
7618
9885
725
764
719
8855
1524
11857
441
843
852
9446
6070
782
146
8808
657
712
1648
2013
4656
2239
839
709
426
9726
427
7992
831
11230
4602
614
7698
43
795
6680
8614
9948
5680
5341
1836
5579
3030
3577
9430
749
1684
9977
1200
7723
535
10801
2940
240
679
794
10324
4347
9420
8153
444
11982
7490
1441
1312
8507
4284
6882
1340
340
809
628
8860
446
580
573
825
11738
5800
887
874
9474
815
3245
1770
10938
10182
11110
3570
2363
592
755
5258
10201
615
3761
11664
9508
9500
258
865
11481
817
11686
867
10707
11704
10533
601
11847
751
8109
737
11645
911
11445
773
200
821
802
26
166
962
4021
360
1271
10170
6997
7502
7686
907
526
480
2127
9490
243
10134
3467
8232
10825
779
8919
4666
414
1582
9412
4114
2505
625
618
6940
1269
2678
92
334
6473
3124
845
805
528
791
11773
743
7008
1712
6261
788
11672
10282
997
376
11950
3442
10307
6430
10842
11034
565
1230
4361
286
10399
8218
5785
662
6353
4002
652
9230
3415
979
100
875
2371
3860
10600
1084
610
747
10510
617
9564
935
11018
892
1495
3224
10321
155
11931
6190
41
7080
902
842
395
2650
4171
5308
677
2742
1079
995
877
985
210
4194
2045
988
1711
3680
9274
1037
10098
2356
993
5118
729
6390
8
739
8544
577
2517
715
11913
3054
11368
2348
10405
316
10689
6880
797
933
3957
723
269
711
10450
1025
11055
1031
163
789
10225
10604
728
731
2471
604
196
550
10437
1950
883
944
11823
486
6517
4318
11299
6762
1075
724
11095
929
9785
1091
7036
8652
1002
11616
9305
3010
746
4034
1028
4770
11336
558
1959
689
7161
566
1108
567
459
7426
10965
949
11894
570
761
1055
9001
3294
481
1065
891
1121
8178
7458
623
576
1014
9844
1067
798
2267
784
945
1051
1095
7476
7481
9862
7578
6056
864
11310
10879
841
1149
965
6435
5292
470
987
1148
1910
9144
125
1098
1103
1105
8324
6963
4606
9756
4072
11475
2228
1150
6466
9818
10330
947
6422
8386
6372
11633
6282
9067
6846
522
6636
8841
603
1177
4046
2199
998
9098
3700
10747
903
1
1154
11205
1167
8886
11780
4291
287
551
6084
1023
6078
1861
4722
8019
2196
958
616
8127
11154
241
996
1224
8522
1142
20
11255
1217
1124
648
931
8758
590
1049
3439
666
320
894
10427
1444
11961
5108
840
1189
10949
6660
1010
1162
6826
7534
8207
1164
349
5600
1819
700
11341
636
1264
11834
183
9666
643
1776
10294
584
9391
2202
6656
3894
5131
7898
1657
6442
11459
1120
1195
671
5155
6916
2885
10596
11428
1039
7794
4936
889
977
9958
7340
1052
1302
2801
9580
4699
1188
2757
656
7511
849
1306
8570
372
7762
10889
3370
1280
3476
0
1013
8035
1201
854
873
11487
4056
388
5766
352
10074
9717
1178
2087
669
820
4788
999
7516
1077
6994
10006
673
11790
6270
1379
10656
5385
676
812
4516
606
2772
905
1165
10629
11556
302
1083
2193
682
3843
10236
1146
684
9777
1472
1123
27
11933
2694
345
1218
744
7782
978
270
921
775
701
3474
740
693
925
1250
7605
10318
1343
696
9807
1311
9337
6168
672
10696
11244
780
1322
1209
10157
1864
1301
11432
7666
1004
8399
1058
941
706
440
3864
1198
1307
11911
9712
393
1184
9158
1087
8305
7394
1663
1259
1673
981
11862
7356
2205
955
860
633
1593
520
681
1389
7709
516
6255
1160
1159
2134
11147
1085
1402
4632
7329
1247
6005
4662
11331
1395
2025
1296
8671
3688
8274
1015
1220
1097
7577
4944
1356
733
908
1427
11464
735
8461
736
1238
5604
5801
983
1130
913
1290
7066
8963
1112
1291
11424
990
991
8762
1191
11883
9320
5853
10578
10275
437
7446
1476
914
1355
710
2050
1117
939
498
1392
10857
1455
502
5318
11389
1505
1423
3400
4791
542
1024
5056
7325
759
6144
760
1567
1396
778
871
262
4096
943
8938
1559
1337
1021
4908
9678
767
10765
8850
4207
1275
1071
203
423
1435
1029
2114
390
5748
89
4986
8779
8986
4525
1287
9215
777
1061
901
6337
218
9049
1491
11046
1277
7993
6888
1134
1426
1265
10672
11454
1531
9306
1902
829
11354
2497
1317
2855
246
960
790
6057
1550
8068
1169
1034
793
413
1297
9539
1511
3477
6312
1554
7564
675
4440
543
1826
569
1298
9011
1003
1283
10264
266
1406
4445
1329
9574
1481
10573
11766
1405
3208
1462
808
8247
1349
10289
2850
1081
1507
1364
114
1655
5946
11197
1886
1397
1359
483
816
11842
5324
1248
6120
897
10480
1341
1638
835
8002
10920
9444
8530
823
1066
9912
11527
1407
6142
826
1328
1461
10333
7278
1421
3542
1390
10900
10562
4572
956
1529
11617
1439
2273
1479
11539
7628
8785
1330
1096
8094
8493
838
1313
1574
10964
2788
6751
10482
3381
3318
11365
1308
562
6130
757
1583
7913
1266
1499
4714
10861
4368
10511
3652
1133
1553
225
1490
7013
503
10798
670
1019
1634
170
3952
11517
3902
1536
3388
10196
968
4507
8408
7057
10150
803
1292
2997
10928
2467
1591
1650
1689
9559
4232
1377
1155
1579
3634
7761
3980
10483
6198
1017
4162
1577
1543
1128
3918
11071
2028
1589
1624
1699
10542
7712
4228
2215
1127
1727
878
8745
1746
10449
1477
934
1665
8592
5614
9373
1104
1447
1748
10619
885
4285
7742
1584
2334
5825
11218
11935
9746
922
4836
2243
1114
1763
1033
9355
1489
7118
1516
1756
8166
4953
1429
9103
6964
1464
10682
3291
3858
205
1190
11715
1671
7576
1676
1300
8452
1552
1151
9199
1743
11436
1099
6141
10484
10828
1842
1801
5448
1466
1089
7323
1367
1568
1011
1361
1370
1116
1585
11909
1115
264
10556
9025
1403
11720
5416
1745
8962
6729
1870
3743
1382
1434
11084
8947
1231
4685
9882
1233
2330
9846
1841
7427
5034
2305
1333
619
1394
10874
3832
11035
1635
1257
1739
1460
1363
720
5402
1736
1496
2561
8292
7143
1735
5925
1243
420
7350
9984
940
1613
175
1520
10524
11346
1791
4365
1658
11319
787
2941
9722
10906
7654
1867
9816
4455
11970
2869
1920
786
5520
634
6550
6223
374
1825
1527
1009
6708
8776
1865
11555
909
1457
1637
10777
1631
256
8056
8101
11132
1173
11734
7186
963
642
1794
9045
2472
9377
748
2971
8924
1645
1415
8255
1454
5181
7852
6397
1493
1555
1064
1769
5132
1726
2242
10411
1695
1890
5540
4111
1303
9586
1237
8347
844
1138
1709
9667
8350
3273
982
8430
2380
11420
4540
11409
1932
4845
986
868
8542
11161
1057
11301
1319
10361
11952
1793
1639
214
1323
9485
1703
1835
994
11656
1943
1018
1957
11223
1817
1253
1995
10937
1186
2709
288
702
1001
1603
1937
1571
11646
1721
1409
507
1046
1352
9110
11977
2007
8262
1882
6441
1179
11826
4750
1716
1908
6148
367
10005
1533
8428
8740
373
2492
855
612
2783
10486
1925
1982
6613
1919
11213
1020
1451
1532
1863
500
8843
2652
11128
1849
11634
1823
1528
1221
6493
1872
410
1714
1126
1750
686
10436
1595
8670
10782
1032
688
6836
176
2046
1961
1931
690
1561
9753
6208
9125
1887
4803
1299
10084
1662
1795
1041
6700
10034
1597
926
4721
1924
1598
1045
10033
4548
1999
2244
2113
6410
451
1799
5909
1050
10035
11402
942
8584
9131
3820
1812
3242
11469
1935
2071
1599
1391
920
8277
5802
501
2382
1998
4958
11253
10948
2477
5440
2563
1063
11020
1987
8639
11892
3265
2078
664
2854
1698
1837
1952
1604
3609
1784
9707
10036
1094
1080
6805
1610
1227
1137
1640
1831
124
1076
1278
10188
8788
4460
6211
5170
11090
1222
7527
1918
1288
2514
951
1625
278
2149
8659
1628
23
11508
474
9146
2029
1814
10487
6652
8709
1168
822
1805
1747
1092
7575
216
915
2109
1448
1895
1934
7760
1755
1463
6890
2040
4243
1194
1135
6186
11693
11680
2141
4972
5251
2112
11710
1767
1182
8480
3
1967
10865
880
1780
5638
7920
2139
11064
1110
704
2084
11278
2718
11235
632
893
11618
627
2107
2176
8766
9640
11874
9057
1118
11078
1119
1991
10726
10963
3408
11392
7486
2155
10418
1729
2174
11937
1660
1408
5668
9930
9976
10728
10030
10063
1694
8572
1832
6388
1862
4857
8344
2551
7606
4313
10612
984
10568
972
575
10223
1811
1802
8750
1691
1899
9642
1751
6277
1141
4705
7636
4907
6042
2661
1144
2203
1909
10772
2169
1796
11280
10105
10038
9123
4696
2027
1192
7053
2047
7252
11994
11787
8988
9780
2232
11907
1853
10266
1741
1851
1958
661
1158
2245
2290
1898
10626
574
3088
2014
2191
750
8152
2049
2044
11665
3776
8326
1166
8651
7194
1474
9350
1213
139
1876
1946
9643
10488
1453
1954
2034
3066
9133
896
1486
1175
1922
3276
1697
10730
538
2297
8617
5640
10369
2233
8371
1181
2020
11056
1314
2308
1956
2132
1236
10092
2033
10838
2183
4644
8425
2295
1829
5636
2929
1984
1951
2234
2917
6094
1896
2830
1845
1911
11493
1900
8158
136
1436
1196
2315
11180
6643
2269
2302
2036
1592
4260
1294
4798
8435
2235
8233
473
10039
8728
1728
2073
2069
8120
2251
2355
1762
1374
11989
2075
1420
1997
2230
4626
9031
1994
7462
2024
9644
2146
8317
1216
10426
2309
8048
2331
9963
2335
3769
1627
11282
2261
1968
2161
1157
2231
1683
2293
900
4866
2208
7006
11867
2784
7273
1304
1572
2339
1281
1860
2907
10722
11362
2054
11751
11272
847
3038
5379
1235
6218
2370
2459
1856
1254
4270
9793
1983
8398
754
9423
1720
2129
11554
828
10028
2701
3630
1354
1245
321
1246
342
2287
9893
5976
7945
4092
2012
2223
674
1877
781
1252
111
2070
489
1633
2138
1101
2153
11440
11183
2746
1677
5876
4107
2099
2083
1939
2435
2499
2322
2814
7595
2325
1685
2345
11538
2898
94
1990
1884
9926
2418
1792
10732
4350
8857
2479
7933
1833
11673
4554
919
10040
3565
2529
9902
400
6973
4646
1766
1949
9497
3162
9442
2439
8424
7822
10346
1417
2160
1953
150
2375
2201
1541
267
5360
1642
2518
11747
2552
1717
707
2465
5310
1147
1480
1844
7266
2364
8032
1249
1940
3445
2449
5259
7362
3173
2186
2122
5504
8436
7038
8913
2079
916
5162
2578
2076
2520
3034
1737
2281
307
11140
11999
2396
2597
8066
2189
7428
832
1692
2567
2095
6129
5760
8475
2541
2274
1586
8083
1970
1575
1293
9219
2539
1183
2613
1580
8904
9121
9516
11755
2619
9492
2583
1498
8960
2206
4642
6557
2311
9805
9848
1204
1988
8918
1569
2359
2403
93
564
11047
2184
7857
9788
870
9522
2573
11284
2631
1446
2616
2414
3779
1335
2312
9668
7011
2357
2400
5200
304
1339
5185
2461
2081
5820
9646
11174
971
2387
2105
330
7759
11228
1428
6468
687
4498
1022
1705
7335
11242
11777
509
2088
1351
2329
2664
11021
5220
10041
639
629
398
8385
10312
1809
2645
7885
1358
10795
2175
9634
1713
2444
2399
765
2443
11101
11526
807
2624
11687
1365
910
7550
1723
2051
2092
1458
7971
11036
1874
1827
974
9550
2797
10404
2367
11416
1212
2419
2226
2063
315
2393
10703
3396
2137
1378
1963
11106
11837
8896
2265
1381
2369
10204
9401
2421
7785
1938
8559
2715
9041
1975
7977
4864
2217
1388
8423
2501
1321
4286
2346
11208
10550
4074
1857
5916
1594
1859
11939
2638
2108
2285
1494
1082
717
2378
9003
2519
1156
1400
11151
3018
2549
11186
5107
2381
2543
11806
11619
2116
6373
10026
1376
2595
1564
7916
3055
7870
9546
1410
2288
8710
10962
6244
2672
1945
1459
5878
7254
2641
3185
2397
11770
2605
9241
2321
1262
4338
11809
11480
380
10126
2945
5634
2408
1512
2792
2279
10831
2759
6745
4470
1163
355
11881
2692
11905
10912
6874
7722
10525
2326
2291
7970
8175
3616
9938
4120
2696
2179
1325
2932
4631
10588
6580
1438
1125
2591
937
2639
2634
1701
8341
3936
2021
4402
5461
2768
9579
2819
9633
10042
2131
742
7726
9612
2165
2653
10209
2258
6937
2495
10845
2144
2753
4466
8553
8356
2626
2791
1941
7978
6393
4080
8862
1907
11635
2559
9601
2851
11303
2158
2859
9798
2733
2135
2827
4390
7119
1465
2420
2048
11803
1467
2817
2711
2442
7392
2668
1261
2564
5738
2298
1744
9947
2210
4641
2685
8259
2213
1646
1497
1210
11984
2022
3286
6245
9
8514
2581
11743
2417
11286
1482
2915
2928
1139
2177
11516
1483
1539
9398
1715
9688
9461
5782
3471
2383
2386
2839
3083
3426
9513
7874
2780
2240
8561
3382
2237
2617
7741
2726
2636
2888
2993
1649
467
2990
1425
2775
7096
9096
1644
2343
10947
1749
2831
11268
10927
2785
10025
678
9195
2911
1972
2011
2490
2868
408
10718
732
3011
2749
2847
10645
11812
561
2999
11954
6892
2886
2224
2126
2621
9525
3009
1234
1519
10353
3100
10435
2282
2522
2853
2734
10812
7748
2949
2163
1525
198
2480
11705
7312
7906
9992
2659
2939
10869
1530
2041
5936
1858
2043
1042
2300
2870
2455
1781
2303
9457
4830
11553
3104
7573
5838
11251
2991
2150
6778
1822
5856
4877
4924
2988
2871
1976
1544
11855
7836
1854
1517
7995
2708
2806
11850
1073
3037
9418
2255
10936
2271
10513
1626
9108
2575
9077
3044
992
10268
2958
1556
2897
7228
6837
1558
383
2809
961
2319
10543
2683
3937
6102
2914
1563
2106
2590
8517
2745
11486
959
3050
9074
11158
9766
1282
6222
2798
1570
9957
2881
7796
2903
11395
1573
2009
2799
4739
1969
3098
9210
3063
6616
10736
2647
7518
10760
8658
2447
10883
6966
7408
3102
811
7152
513
2535
10447
2663
2409
1706
1442
1587
7938
586
866
4648
9137
3099
1966
11096
3135
6364
10767
762
9750
9182
11890
3184
9257
2336
1774
3254
2341
6318
814
2943
5673
450
2901
2612
2284
1251
2756
6512
9922
2219
11474
2936
6676
5358
2571
11800
4241
1608
8830
4362
4809
2147
7673
10492
11730
1612
7098
9160
1578
3144
1026
3029
2919
7968
11120
10024
7221
8882
2411
2879
9769
2358
1824
7166
3126
1622
2673
3015
1659
2729
1514
2167
11657
5470
2611
2097
1800
9322
9331
6738
9649
5870
9763
2719
2924
1889
2969
1848
2980
2942
11189
3169
8826
1759
3084
3095
7022
7866
6357
8406
3195
4320
11111
1272
2554
3142
10387
2527
5765
3047
1510
848
3033
2681
10085
4048
2700
785
3212
3197
6929
2989
7876
2815
11022
7980
10535
2646
6556
10076
2584
7786
9465
2374
9631
2743
8421
2764
1565
10818
2951
9542
644
3020
2925
2093
2723
3210
2384
6238
1605
6532
5505
1666
2921
10044
1734
1668
8563
11288
9718
3301
1787
3035
1040
9080
4351
35
9573
2574
8059
1675
2313
3275
2623
1515
2610
1678
1654
3327
1846
572
3008
10296
1742
2957
2404
2946
3091
8668
11815
3131
10616
3456
7681
8454
2762
8832
4511
3359
9585
1690
1973
3101
3329
7024
2257
3079
4993
2824
2944
10888
8010
1696
11266
2829
2437
11338
11941
3191
1327
1700
1807
3107
3326
3884
2483
2555
11537
11620
11359
7562
6633
2415
8533
1707
3282
1708
7533
2739
11784
5880
1484
2658
5421
3167
10961
5346
4393
2057
2992
3145
1316
2956
3299
2576
2779
2682
1731
1719
1368
2454
9091
10878
7406
862
7833
2585
3243
2804
8759
1725
2194
10382
4003
6988
5465
3379
10003
1615
3090
10662
7001
1401
1380
3288
8923
1733
2462
3159
10563
1985
7900
3398
11903
2606
3805
8528
37
7288
3509
4188
10023
3470
10410
8824
8811
3087
3287
9176
2275
3233
2858
3143
2562
7814
3597
3244
10493
3181
6514
3349
2171
6040
9650
9702
2337
9202
637
5530
11444
2187
3497
11860
3229
3413
11321
1758
2600
10806
8508
2130
1551
2955
1174
5744
1371
3491
1764
3528
6469
3526
5997
2963
11845
2515
3446
1768
2218
2654
7256
2722
879
1771
708
7188
10221
337
8746
3519
10675
9592
9680
2037
3317
5644
8892
7056
11972
976
1053
7892
508
3347
11405
405
3165
8958
2820
5152
9887
9772
2983
4200
3434
6090
3284
1788
9345
9440
5977
8650
2008
3548
9385
3193
8755
319
7640
3487
6484
10738
10045
3350
11507
4932
8248
5576
3049
3149
9453
11458
2970
9812
322
856
5435
3115
2405
1346
6499
3353
2035
3340
3555
10214
5457
2933
3310
8328
3314
9410
10905
5040
3374
3499
10417
2080
3504
6292
11739
3404
2767
2429
1607
2996
11037
2702
4411
3583
1778
2427
9611
6936
3642
3641
7018
3639
3292
9528
10579
5066
11797
2143
2192
2741
2301
1828
10147
3489
11057
1830
10230
2451
9165
2725
8991
72
692
11168
9004
3399
3356
3425
11065
2754
2832
4956
6173
10392
10309
11552
6283
3587
3017
3367
1228
3412
3813
3574
11463
3561
3293
6386
2216
1847
11085
3267
3023
3625
1113
1850
2377
3545
3647
3603
10065
7378
1318
2649
5299
4658
3741
7620
3363
2786
3189
3223
10680
3595
3537
6766
1834
3704
1818
3482
1416
2795
3410
6248
11343
3420
1840
158
10821
2740
3635
3114
1102
3387
7864
2053
6715
1871
1602
5944
1636
1873
1820
3540
3390
3462
4893
11666
6391
2503
3620
1878
1783
1879
8089
1880
7391
9942
2760
8164
1044
3296
2716
631
9139
2938
6457
476
11048
7878
10093
8936
2333
394
468
1545
2909
3659
2270
4974
1656
6112
2525
1894
11290
3488
8228
3268
3745
10494
1413
2531
3432
2849
9234
3479
8151
1620
11636
3110
2537
1903
2607
3614
1205
1905
1270
1279
7317
11314
1674
3651
10605
2864
8565
3723
11763
2389
3671
1912
7855
3731
7652
3154
8494
6668
28
2593
3234
2875
3605
4020
3783
4782
10514
2953
3380
4376
2398
668
10597
3535
4417
7982
8359
3530
7697
3430
9013
11264
2727
3214
6911
3589
1286
10526
863
3551
1320
1971
2241
3549
11233
11818
3772
3431
3758
10046
3699
3362
3424
4618
1398
1852
3796
2587
705
3216
3274
8234
3808
3653
9708
1944
9859
3073
3205
3512
11681
3719
3483
2843
556
3689
8885
1008
6061
3868
3867
3626
2712
2565
11872
11192
11979
1955
10670
3192
7495
10714
10792
3280
1225
3839
5265
9188
11023
6598
3139
3756
8481
4872
1773
3493
609
1965
3354
2976
6675
7344
8221
716
3134
3151
2533
3503
11305
3833
2366
5414
6648
3809
6785
3598
3920
3919
9600
3681
3619
3770
2637
8272
3209
1979
10174
1980
3875
2973
7257
3056
1557
3668
3842
2778
11079
2978
11453
1986
3656
8108
3532
2651
9831
2984
2102
9068
4531
3967
3187
2489
2657
7708
1664
3951
8419
3736
2500
6236
6358
3991
6450
2874
1332
3987
3871
3895
10270
2763
3737
2002
11203
3673
3240
3608
10279
10106
123
5992
2846
3581
6217
3443
3036
3384
2959
8266
3692
2890
3394
9054
11621
3323
6730
434
9829
4015
11965
2154
10803
5074
2178
4410
2259
3999
3905
888
9351
3706
5645
10434
9696
3495
10960
4486
2895
2966
3182
3870
1621
9046
8441
1732
3899
8606
2769
4019
8867
11376
2438
2032
2379
8836
11216
5868
11379
6548
1070
3851
11943
1176
2717
2296
3702
3263
9469
3252
10180
11492
1260
2042
9037
2538
3665
3271
3324
3563
7358
4004
11221
3071
2168
3617
8847
4058
2747
2628
6195
2735
3283
1284
6781
2474
3521
3419
11674
2055
3655
3739
10495
9256
2905
11716
3371
3707
7120
4099
4008
4488
3204
11694
7797
5526
3612
447
11091
2065
2248
4040
9032
3383
3742
2068
6210
5826
3484
11328
9628
4196
6802
10692
1942
11956
4101
5506
7845
3632
2968
5848
10753
10286
9268
4073
11901
4055
3186
4758
9223
3122
3569
2082
3703
2604
8476
3335
3976
2085
3938
9670
11427
5214
11
3637
10047
8992
10584
8538
10100
3660
2594
2391
3238
4025
1740
4006
8173
11648
4485
3611
9871
4113
9757
2098
2089
3599
1786
2100
8256
3781
4059
8712
2507
2103
6018
9240
11431
2807
2680
3874
10171
3161
11398
6838
2693
3954
1211
2110
1680
4007
11373
4438
10935
534
776
3685
9689
4078
1601
3502
10873
10774
3654
792
1772
11468
11721
143
9311
1718
6298
11794
11515
4708
8141
3949
8505
7740
4042
4650
2782
4159
5845
3996
7515
3975
8384
4108
4150
10342
2488
3554
1043
7452
2845
7430
424
2927
7040
9918
4229
2894
38
4001
3541
3423
2510
5442
297
8820
3862
8016
2677
8498
3912
4121
11879
2145
3572
5882
3853
11116
6582
2148
1669
4213
3909
3158
3646
3663
11536
4066
11551
3133
2211
4033
3125
7540
8722
1267
4242
10926
11832
11888
1069
3239
10609
4141
6883
9426
9982
7162
3730
2805
830
3463
10551
4027
10077
10860
3925
11774
67
4036
2484
5716
11700
2170
387
3257
1974
2172
10122
5260
4761
3914
3172
1273
3285
4204
10323
10158
1030
3696
7147
7862
10249
2180
3058
3272
8917
2182
11865
10020
9198
3219
10654
6182
285
3890
3749
3915
10593
6980
10251
3352
3007
4068
8283
3791
3507
3869
3566
9378
3188
8370
1475
2195
11262
2793
2994
7268
4293
2059
9507
3904
4097
11840
8275
4125
7880
4251
7491
3469
3971
4283
3803
9228
3716
9610
4084
7134
10685
3128
6235
8780
1036
7756
11165
952
3674
10784
4855
3320
1171
4364
7339
5226
3717
3552
11711
3631
3365
2852
4143
6288
9884
7510
6928
10852
6885
2222
2985
5106
2965
3648
8944
4035
4239
2750
3629
10496
3986
3714
10183
2229
1078
8912
289
4215
4370
4353
10911
2361
3771
3575
11155
4288
5805
2236
4449
3729
9141
3721
2687
8288
6004
2987
5135
4011
2227
6374
2699
3846
10712
4238
3995
3368
3447
6658
4277
5064
4404
9578
1347
4202
1285
3120
9531
3377
2981
3003
10151
10048
3683
7178
353
3250
277
9150
2431
10544
1129
7788
1090
4219
3013
3590
11211
4088
11821
2262
3520
4244
1542
4638
10329
2592
11658
11348
2067
4175
6476
2268
799
4435
4062
4290
11435
11148
3534
10364
11688
255
2436
4374
3361
3623
3924
11370
4264
3501
10918
4208
4464
4479
11024
1704
8736
3259
4214
3043
846
4223
88
7280
7819
4190
10320
3942
2365
4000
4327
3814
11735
4509
5929
4407
6448
3819
6305
2292
4487
6170
11385
3824
1547
4536
4535
4077
3206
8628
1916
4443
10515
3679
11226
3067
9911
2385
1534
2676
9810
4095
2094
5646
9499
10228
3953
4156
4529
957
1538
3847
4060
4465
348
2310
7536
9218
10360
2714
10630
3896
2368
7390
9796
2424
10397
2316
7927
4203
4271
4491
4334
3943
4412
3585
2618
3955
2353
4116
1276
6062
2861
4558
4679
4383
4135
3579
4559
5484
824
3150
3547
4089
6024
11622
806
5586
4619
2766
899
3500
10445
4499
4184
4452
1393
2948
9191
5710
4100
2338
10168
3908
7544
2327
3567
2410
4093
2342
8777
4551
5821
5630
11781
1600
10112
333
2816
2347
1839
4592
4355
2349
8616
4024
2446
7702
7196
2352
2572
4493
11637
4564
10019
4635
3141
10742
2828
4595
4360
3241
9058
4189
7236
2360
11991
4467
11133
4586
7570
4530
11586
4187
8689
8786
1509
4301
11587
10800
3228
3913
1086
2328
11585
7660
4463
3094
4014
2372
4172
4071
4386
3762
2376
436
4707
4706
9567
4591
6432
5320
11588
4234
2644
4146
7086
3969
3811
1500
4584
3207
1760
3179
11584
4603
1590
3793
6918
4517
11996
3691
9042
3823
7185
4882
8011
2674
9933
4138
9823
1611
1670
3831
8464
2395
3086
3917
9431
2833
4579
1881
2004
4539
11589
5902
1927
11726
10665
4733
8163
3027
8346
1059
4738
4009
187
1522
4205
7114
6736
4226
11945
10620
3213
9170
4133
4439
9626
4316
10368
4330
833
4684
9584
4227
10945
5330
11767
3533
1906
3249
8692
8888
1450
4688
4508
5406
1315
2422
4698
6118
494
4649
4752
10306
3513
3235
970
3199
4550
2428
10243
4049
11590
4725
2630
4731
2918
3448
2151
3760
9786
4494
2655
4697
1419
4415
4549
3465
9366
3012
8443
4671
3694
2690
10527
3662
11582
4755
3800
4719
7030
4726
2546
3983
3261
6272
2430
4623
1960
2448
3227
4624
3392
730
2276
4303
4321
6234
8172
2453
6662
3441
11899
1617
4895
4661
11102
4615
5905
9778
7210
772
11294
2460
9027
4022
10332
3698
3873
9732
4822
7472
4804
4109
7150
2466
4819
11524
299
6300
11591
4863
8545
8730
3594
4634
8713
2642
8935
4741
3897
11550
7985
4147
11485
2476
3963
7206
3386
4823
1060
3279
3992
3307
9671
3746
4919
6794
4664
3277
11581
4259
4028
2485
2504
3315
8043
11058
4265
3622
4315
4813
4394
2803
3827
8222
10257
10272
10001
4105
3325
4568
11419
4939
3558
2458
11791
5842
4673
4409
3059
3829
6948
5732
5143
4447
9956
11260
4670
3755
2486
3290
9599
4051
4952
4468
4818
4806
1546
3666
8005
6080
2407
4091
1240
4031
4149
9014
4124
10416
6497
2835
4471
4617
2434
11506
11592
3298
3357
4949
11307
4199
10409
6420
7915
3782
10186
4784
11107
4999
4339
6752
11367
4209
923
2526
8116
8864
9562
10992
10991
4323
4934
3385
3900
10356
7328
4916
9255
4519
4032
4991
11580
5076
1687
4987
3765
2569
10993
10018
7755
10990
5059
5058
2736
4959
4168
9974
3958
4480
11986
4747
8229
4274
4629
1357
1992
5069
3397
7326
209
11388
653
3281
4094
8362
9382
4225
4169
2640
1702
4963
9549
3407
9572
2556
9655
10994
3450
3956
6083
4879
10989
1232
10827
4912
2669
3183
2061
578
11125
4904
4010
3907
973
4614
7860
9324
4773
4403
8895
2876
2812
7126
9157
4312
9346
10710
1688
5037
11593
4555
7609
5105
3331
3435
1226
2577
3775
5866
2774
4729
8069
2344
7431
2961
4873
8278
10613
4483
4267
5080
11439
4492
738
2246
10995
3527
6985
4314
8955
4899
8569
10988
1693
6538
5014
1241
5095
5035
4233
7882
11579
11706
7138
11408
11667
9714
4843
1614
1326
2599
938
5123
10657
10498
9625
10094
7438
4153
10241
10558
9609
7848
1754
3475
3887
4563
2318
492
11535
4979
7889
3672
1187
3264
6832
5195
3856
5193
3872
3649
303
5103
2468
4663
8695
8774
8656
10050
9821
4322
5569
5238
5607
5236
5235
5234
5233
5232
11473
7962
10589
2625
11316
10996
2101
3941
8416
3576
1752
2629
8049
4384
10987
3984
5102
2633
1373
3511
2394
5176
4775
2602
11097
4472
5229
6934
2826
4885
4577
5240
11594
3203
1724
5450
4831
11974
524
2643
4860
4231
3678
5242
9545
4961
4778
8994
1921
2390
9143
3140
10789
9740
10755
5065
1981
4307
1342
4552
533
4247
11649
5145
5004
8150
11623
5764
4287
2787
8907
5186
5469
2660
3546
8742
3194
3247
3910
4957
11578
5147
4503
5179
11958
5079
3836
11824
9861
2478
2977
5009
8444
2670
2627
5138
6768
946
2721
3246
1782
11162
3348
4682
10997
4801
10882
4047
4382
8260
8308
7368
7569
4212
5006
10986
3218
3437
3262
5245
7285
4814
10934
4057
5270
2686
5331
5319
8122
4381
10516
10898
4236
4030
4613
5071
4388
2857
2923
8310
8113
4333
4980
7630
237
7986
4849
7560
4964
2017
8235
5099
10744
5806
5282
6748
5169
4177
10281
5375
2648
5239
6099
5329
11853
4840
6133
5359
2896
5030
932
5339
10293
11752
4436
4406
5561
3906
4400
2713
8637
4524
11595
5291
3621
7460
7950
2979
4273
2794
4920
4079
8526
3627
7055
3427
4454
5884
4887
4799
2152
6688
10444
4523
2545
4490
11401
1449
11206
1433
11748
5407
4317
2771
9205
4422
2185
9504
2662
10372
10017
8306
5386
10998
4295
4691
5274
5216
10837
5180
4900
5127
4871
3735
10887
4112
11577
53
3458
4183
3492
4757
11039
5057
1140
4331
3982
5063
4037
4669
5381
6856
431
4453
9357
4127
9006
2221
9313
5371
9697
9340
5343
9690
11886
5344
9656
6366
3677
2758
5212
4
7346
5088
11967
4142
5349
11238
2751
3454
5357
4976
235
3687
9881
3258
5206
10868
3341
5133
10298
4431
11514
5317
5595
6756
5447
5446
3866
3795
422
4069
7739
5509
3701
5507
7647
7644
8312
4763
3926
5003
6174
5374
4847
5524
5295
3539
7480
11086
11141
5409
4940
5372
4424
3715
3344
4181
3112
8816
2323
9898
3732
432
9981
5612
4894
5459
11231
4571
5027
1513
11848
3727
4337
2796
4475
9534
5364
4975
11596
11296
8632
3722
5171
11682
1295
6784
6360
5237
1456
4674
11549
4576
5277
7532
10140
4846
7805
5087
5609
8192
10314
5606
10797
5512
8193
10984
3157
5207
5225
6568
11947
5247
6093
4628
10391
4817
2204
2818
10051
5333
10925
6816
5084
4978
10690
3650
1753
5294
4451
11870
10239
4395
10226
4701
5478
5908
2873
4985
11576
4527
9709
5623
2922
5383
11858
8194
3777
4795
11112
4724
5456
7012
4990
2995
9682
8482
2432
5269
3785
4834
1310
4734
6815
697
5642
9194
5081
3923
251
6162
11335
4268
3882
5012
11675
3025
433
6692
11835
3799
7634
6996
3801
7322
5215
4437
3950
6570
2689
11198
1161
5201
9518
4917
5534
11364
4299
8190
7961
4768
8304
2860
11080
10678
5411
5256
4305
3891
2838
7548
11897
4298
2665
5077
5424
4805
10877
3019
4296
5564
5261
5422
11340
4359
2307
2872
9901
6520
8477
5624
10107
6310
1962
3835
4771
4825
4544
1917
851
3510
4206
2880
5150
5279
10537
2755
10673
5661
3845
11000
397
4913
8253
6606
3644
11744
3705
9672
11391
276
6394
7032
7840
5639
11597
2892
10983
2893
5492
5403
9819
6220
11877
2513
11491
4967
4061
6126
11121
10136
3108
2900
1411
3202
5632
10144
11731
4718
2511
4647
7399
4546
430
7902
2773
2200
4154
3675
5565
5043
8189
4310
8515
5585
1289
2912
3174
2913
3885
10580
11659
5815
5178
4166
7063
5377
8445
5149
2906
5119
10189
2920
11415
5703
6617
2837
5687
5460
10261
5724
11575
8512
6225
2926
5829
8196
9152
5655
5672
5824
3596
4884
10352
7908
5618
10844
5280
1686
465
2354
5252
3711
10288
5635
11981
5423
5556
5013
2263
5823
1710
8578
3615
10016
4278
7444
10708
4599
7068
5528
5479
215
5466
5487
8395
5158
11026
4996
10552
11788
7834
2950
8017
4427
8325
4861
5378
8052
5352
2954
5657
9892
4130
4045
5879
5849
2770
3752
9921
9362
6813
2960
5666
5163
6525
10528
3057
5914
11462
2086
11457
4448
9781
5588
5089
5739
2523
4152
3176
4751
9657
5083
3961
2899
3449
9436
2190
4954
11001
5563
5979
5311
9445
5862
5557
5338
5151
4408
2019
8188
3973
5136
8491
7942
8465
2982
3977
10982
5783
3979
3411
4995
6780
9038
6628
4481
699
4269
11152
810
9201
5049
8457
4612
5756
11624
7225
5453
11598
1521
4182
5777
8286
5987
3409
5597
5984
6820
5443
5981
5647
3000
5978
5551
8197
3002
4132
4505
9405
6572
9399
5510
858
5889
4811
5263
8245
5283
9557
5734
4715
2553
4754
5571
4249
3405
6976
1928
2142
5415
1208
5583
8842
9608
10957
4526
7568
3881
8881
10500
4416
5262
10917
5967
2324
9254
605
6023
5398
5499
2016
5695
8110
5648
8891
4807
2018
6626
10068
5999
11574
1360
5780
10052
4851
9484
11695
5042
5855
2123
308
5243
4852
5683
4859
6019
5781
3147
9051
5927
2509
6342
9265
927
2844
5011
5701
4565
5669
5886
3606
5707
6029
10910
11443
10830
4689
3849
6022
7432
9744
1883
7745
3051
6156
3052
10423
4371
11330
5545
5991
9590
4596
3965
10697
5810
11778
10432
4039
5399
11092
8140
9075
5480
7453
10764
11771
4300
5894
3064
9577
3065
7422
2684
8680
9904
4692
5021
5445
5832
5621
3070
11178
7042
11181
10402
5426
11002
1619
5953
11534
5776
6793
5610
5305
5831
5549
3078
2052
7158
5028
2362
5515
3081
5205
4665
6933
4425
10981
6025
5048
10746
4349
4115
248
5743
4610
5926
4888
4943
10517
5477
4808
4637
10237
9724
6647
11760
5137
8198
6657
4901
5928
4240
5572
7610
3481
5164
11843
3460
5836
3333
3256
4652
6187
4748
7276
8752
4434
5596
11599
3105
5885
5257
5684
5956
6821
1338
6375
8006
5567
6068
4906
3111
3734
10118
10660
5881
9181
6140
5627
3607
5773
5700
1914
3253
10162
6500
9873
6079
5608
4501
2528
5351
6573
4163
8281
5679
323
5749
9868
5495
595
5854
10443
3127
219
4941
5689
5475
2698
9386
10776
6123
11345
4767
5670
4700
4191
4250
11219
6239
1219
3136
8155
4753
7320
3138
5312
6650
6011
2508
568
126
3901
6200
6199
5763
11573
11548
4193
5807
3266
5096
5187
5508
5814
6350
3395
5039
1761
4657
11827
5555
5819
7354
10781
3230
5369
5047
11059
5735
283
4082
11175
5626
305
5345
10602
6003
11184
5972
10015
4742
10338
5301
3031
5907
5454
11922
3834
1093
3863
6153
9178
6280
8942
3168
6215
10668
4827
5864
3040
3816
2748
8186
11863
5662
4543
3970
3148
4366
172
4235
11298
5002
10617
3053
1855
5935
11924
3180
5996
6124
4414
8664
11920
6047
5525
6271
5910
3968
11740
3753
3593
4145
9408
4405
850
6219
11689
948
5400
6369
1005
4737
11467
6201
11701
10980
8619
7270
11452
7988
5288
6149
5396
3198
5553
5887
7918
6110
11245
3201
5599
5803
6320
6311
6081
5890
9889
5844
5246
5513
9845
5055
5858
10598
10263
5086
4167
6383
2140
6027
8230
5813
579
6063
3211
3857
895
6167
1562
1804
7485
11214
8602
4868
7926
5289
6214
3220
9817
4832
2164
5691
8170
11650
2931
5589
11717
5350
6407
6152
3684
5110
6237
906
11145
11926
8724
6546
5498
4478
5892
5839
10123
6401
10585
5175
5696
11918
2967
3236
6363
6868
10396
5641
3750
5183
3075
3311
9375
4717
7233
6462
2494
6822
6006
6253
11505
5950
6341
5347
5924
7388
5873
4746
4890
6970
9622
5994
8257
4335
3568
4081
5542
5847
1652
2128
11949
9028
10053
3601
2813
4343
6552
5533
8715
5704
5355
5434
5336
5125
6172
9128
6160
5439
4151
5223
6379
8996
5142
5444
11572
6574
9973
5961
4319
5449
4430
3270
6155
5511
6159
4363
5384
5387
11361
6169
4098
5417
2010
5973
5794
6115
2704
6107
6229
6354
5750
4793
164
10606
4389
3175
7507
5544
2705
6069
11639
3416
9126
10640
10113
6840
3113
4875
4385
5968
2198
4387
9770
3342
6269
11960
5558
5363
8060
1305
6252
3295
8185
5651
11027
1443
5130
6425
4948
8080
1885
6100
5253
5051
837
11004
3032
5191
8082
5948
10624
5755
5536
8332
7602
5293
2635
4324
11895
6518
6960
5521
6585
6303
4829
11394
11928
3505
10872
6034
10979
4973
2373
7376
6279
7824
2800
4484
6066
10646
4378
5903
11067
3321
11916
5771
8851
2062
389
5224
5799
4139
6262
11668
5323
6421
5705
1056
10095
6092
11172
8472
11722
6085
8521
3332
7127
8200
8365
5843
11187
6254
5139
7638
11625
9566
4413
6285
11712
6178
5501
3613
5541
5941
6232
6571
3389
5983
5278
5797
9419
5114
3255
5804
6564
10794
361
3790
9175
5694
1667
4192
4743
6135
6461
4456
7891
6551
11601
5675
3062
10706
3764
5221
5184
1345
3069
11478
2532
6655
2473
4909
7663
6475
4341
6017
9761
5161
3217
9950
3076
1214
7336
6645
6644
9124
10956
6183
11807
2077
6467
4198
758
4495
6506
3372
9907
6579
8541
6524
5494
3375
4984
6368
7567
4833
8605
6501
886
6719
7005
6458
4828
2023
6434
11318
2238
6203
4594
6659
7959
5619
9501
5516
9683
11884
6367
1933
1540
9132
11117
3440
6597
6465
8373
10224
3490
3393
317
6166
11484
5659
6352
5273
3452
4134
5340
6753
11571
5408
5231
5727
3303
6263
5918
3402
7021
8402
1993
8506
11804
5389
4369
6114
9043
5451
4928
4547
9691
6685
3525
129
11810
5000
5249
5531
1172
4687
10817
5463
6913
6221
6097
6431
1366
3417
2278
9856
2811
6542
4651
6698
4561
5073
6259
4052
10192
4279
3072
7678
6408
6335
11513
2136
5026
4461
3024
5587
6041
6073
11404
11930
1111
6291
11005
763
6586
6227
6067
6764
11201
5153
4358
5730
231
8184
6926
4709
4585
6409
663
6602
10808
7696
5390
11914
5482
6619
1372
7738
10069
10978
2823
6020
10283
5602
2656
6487
120
6249
6699
5915
9571
8318
5303
4728
2867
3260
1618
5527
2402
1679
9806
6605
6921
8534
1106
6632
3628
8458
5382
967
5578
4915
6016
6230
6058
1422
9537
3464
10559
6577
4621
9092
4951
8902
9341
3468
5276
6592
881
5962
6116
6695
6849
6325
6689
8236
774
5189
7989
3153
6134
6554
9197
6844
4931
7806
370
2392
11785
3480
10855
10502
1518
5933
1581
6543
9232
8556
2157
5522
6188
3486
8337
6321
4017
6575
4222
6709
3001
6180
194
6740
11602
10924
11547
6287
6640
5899
11764
6071
6733
1996
3804
6412
11325
3498
6165
6599
912
4667
4969
6900
10518
6898
6772
5328
827
6308
9799
6627
5325
3506
9122
5740
5554
7478
8743
149
9289
10348
4681
9290
2530
8076
10748
6776
5356
7318
7381
11430
5046
3516
6763
7224
66
6485
11801
9238
4693
6035
4607
6456
3744
9288
8107
5911
6348
6974
6854
6853
11236
3531
9291
4352
3345
3529
7019
8952
7464
6983
11813
6981
6494
8034
6030
4835
11426
6789
8086
5031
4500
6893
8615
5306
7218
6322
3346
5309
11976
10210
6823
6122
3522
7007
1006
4429
6555
5671
6663
6623
11993
5322
7195
5871
2001
6915
9287
6247
11533
6967
7525
4735
6859
6687
2111
6799
9561
5529
4922
6747
3330
9292
2889
6347
1566
4992
4745
3559
555
1964
11103
4777
6098
9326
2570
3123
6779
6669
6275
9886
5094
6205
5194
3538
5489
6510
10903
5354
5834
5126
3364
11006
6039
6189
11660
1930
3947
6869
3564
5959
10610
6565
5723
10200
5728
3578
5244
6490
5796
3580
9847
7027
11932
5731
2096
5419
4756
5643
6240
6845
10977
6343
3436
9784
5101
3588
9945
9286
11169
6782
10820
4545
5268
11300
10431
4810
5134
4942
7037
7129
3817
6975
11912
6979
4797
6714
5787
5759
9293
3600
6800
1643
9597
6986
3322
6151
5250
630
7774
5115
4085
6728
6590
11522
8065
6014
5054
4373
5577
3610
1808
6707
8748
3077
6038
10688
1803
7111
9758
4396
7026
6294
6958
5493
11838
5686
6611
6334
8593
6629
11051
5432
6558
4977
5954
7031
954
11736
6755
6664
460
6677
10833
5441
11350
2744
6935
6654
7424
4590
10851
6809
1452
5535
5546
6855
10897
9988
8169
5993
10805
3636
7049
10634
4137
6064
11603
7097
3725
3974
7611
5468
7528
7348
4474
6376
9285
11988
11434
7283
7227
3300
2332
7279
11676
10128
6897
7275
11254
4867
4542
7192
11472
7914
2710
9748
6612
6578
9928
5483
11028
8298
11727
11998
4064
1647
9733
7094
9172
6735
5393
8552
8941
4883
602
4903
6281
5863
11683
5682
6865
6336
3022
6418
6646
5951
7297
4122
4702
10178
6775
7205
8097
6713
11707
6851
4640
6614
7146
7145
8580
11108
4514
5298
7230
3667
4905
6399
2425
6952
11875
6971
5891
7238
7603
10546
9530
6984
8608
2166
6569
6923
10422
6825
2765
7160
458
7149
11569
11626
7115
6460
7239
6587
1779
6171
6031
6957
2314
3690
7445
6536
2464
3697
5120
7343
10102
5919
5629
11422
10695
4935
9737
6439
4937
7091
3137
9120
6521
7207
6257
6790
4792
6179
6033
3945
6881
7682
9486
6927
11798
7167
11041
11830
9720
3713
8562
7070
9589
6502
2074
6498
7828
5241
6769
5601
8361
6943
10385
5598
11007
5582
5129
2498
1331
7409
4965
7051
6486
6965
5712
6075
7483
5591
4765
9016
11951
5594
8074
6495
2481
5995
6581
5580
5370
7034
7061
7220
4713
5481
4639
10976
6549
3543
969
5297
3508
7342
7341
3740
10055
5963
10308
9674
2482
5615
10553
7299
2496
8348
8778
5971
11081
3624
7139
10172
141
7004
3461
5455
7627
9548
6939
5837
9263
6344
5005
3754
2220
5007
11130
10108
8647
3459
1193
667
2834
3759
9066
7301
7191
11490
7251
4252
3438
3763
11640
6704
5315
7062
7701
3766
1506
11934
9936
5433
5025
6959
5168
7451
3818
7449
5029
11134
1256
7558
10916
11358
5872
7272
1007
6758
7014
5922
7379
8018
3978
7439
2697
3929
3376
4711
5784
6304
10881
5789
5559
6384
1107
11910
6136
3786
11893
3787
7248
3788
10181
9910
5053
6697
8725
6977
8000
3792
5491
6537
12
6324
11604
5547
5078
10886
7524
3797
7168
3798
7292
8732
8829
6910
11651
6147
5654
3802
853
5663
4102
4067
8044
10390
9316
3806
7484
7258
6609
5537
3096
7229
10704
5767
7116
4764
7374
5982
9776
7380
10725
9296
4043
6649
8320
5898
1523
7303
6328
5091
975
5729
11397
3981
7777
7447
4727
8284
5097
10590
5850
6119
2962
3825
7176
6717
8203
7193
7067
7412
6209
6309
11149
9960
11243
5975
7506
11060
884
6389
312
6703
8377
5753
5539
7211
6831
9208
8013
7319
6349
7643
5038
10290
6950
6867
5140
7615
6045
6286
3494
3928
9460
6405
8345
4026
7289
7071
6268
2930
11775
6999
7513
11546
4654
7468
7467
4611
6972
6191
3231
3854
7122
5023
5141
7433
6264
6429
4744
1629
10932
7179
6754
10942
10823
3861
7209
11156
1229
6807
4537
6956
2863
5388
7440
7559
10766
7099
6164
9458
10723
3171
10909
7545
2580
6863
6440
5656
10070
7598
5165
7594
6065
9462
7269
2456
6814
5061
2947
9606
3026
3879
2586
11008
989
5822
10325
4588
2588
6088
5900
7547
2119
4622
7286
7175
8401
7631
9441
4272
7396
3889
3006
6560
4600
10012
5362
9924
6588
5840
4178
9576
9544
11126
7295
6941
10975
5846
5197
1888
7377
7539
8261
5733
11851
5852
6504
10300
6673
7737
9582
7735
7734
7733
10676
5425
3343
5833
7360
5211
10355
4254
6917
5326
10576
5867
4423
7223
5217
7621
9297
10380
5714
4653
7345
3916
10267
6561
5070
5334
7793
7679
2887
5706
11378
6036
6329
11438
7713
7795
10802
6634
10759
7791
5698
7798
4712
3927
11277
6150
9390
7204
6481
3930
3859
3931
2493
6260
10371
4186
7677
8858
2666
7010
4038
4865
11166
6053
1100
7776
10401
3939
7418
6192
5024
11856
6639
4573
7088
10328
6416
1353
11375
930
11193
3946
7729
10414
9506
6651
11275
5032
9684
7841
4521
7839
9661
7837
11983
7363
3664
7384
6884
7543
7625
5117
10631
4856
2277
9226
2516
5939
11605
3960
11337
8246
7124
7751
6250
4119
10441
7136
3339
7616
10721
3966
6620
2252
4925
7349
8121
7246
8181
7770
7002
7419
6128
3972
8775
5960
6989
6624
9221
7383
8761
7065
10791
5966
9212
7290
9363
4513
6284
4444
11795
7655
6470
11504
3888
7718
3200
7172
1432
3985
7216
7530
11936
10504
3222
3988
7170
7903
6508
7060
4090
7711
4790
7259
5335
6875
3196
6887
6082
7473
517
4257
7556
3997
6621
1404
6567
7107
11281
7743
1263
10056
9281
4262
6089
7877
6857
7244
11819
9972
7799
7082
7044
7347
11908
4605
3778
7217
7474
7448
7457
7925
7924
11696
7922
7073
10733
5188
11418
7163
7974
6226
11567
6026
7284
1892
1810
7436
6010
6684
6828
8072
6666
7385
9813
5812
5365
10876
11029
7868
5067
7693
7009
9298
3190
6398
7496
4029
3092
7783
10195
8031
6451
5830
10671
7131
11532
6724
1152
6727
6032
11768
11113
7607
6489
10530
7871
7975
5774
7253
6377
4041
7622
10614
7470
9252
10681
4044
3068
7685
11302
6402
6604
7083
8590
4224
3794
6074
11009
4050
5893
7090
7684
6947
11882
6803
4504
4054
153
7979
2317
3865
5514
6534
3473
7994
6317
7104
2706
2117
3877
8039
8296
8037
7944
4063
3640
6774
11669
4065
7074
6761
9858
10974
6477
5302
7813
5148
3060
3645
5116
5934
7058
9870
7415
7703
7586
6522
8704
11846
6726
4076
10571
9454
11068
7405
1661
6527
8449
4148
10141
11342
4898
6804
1651
6125
4981
1501
9979
7717
5943
3428
7629
4087
7695
11782
10655
6339
7991
6615
11512
7941
11461
6319
11283
5792
4469
2413
4155
980
3591
5603
3676
7512
5711
9466
5275
7911
10954
9556
7752
3670
6942
11204
1131
5471
7359
5746
11271
6843
4557
6955
10331
9804
8007
11252
10407
7808
8753
4110
7226
6833
5173
7311
6385
7479
5485
6583
6672
3117
11690
4645
4574
6531
7720
9940
11075
8920
8496
8144
3118
8117
1775
3046
5376
4123
2822
7699
11384
7706
10137
9280
6894
5503
7897
1806
2752
4129
9262
4720
47
7310
7846
4497
9493
4522
11606
6795
7351
6767
1978
5361
3309
2247
4960
11456
8611
6720
8111
3170
5906
7561
3822
5523
3536
7727
4367
1901
3080
6519
936
5405
8092
8091
7081
6453
7106
5809
6204
6930
8026
7265
6945
5937
3964
6925
7121
5816
10539
7551
1258
6920
1344
8238
6603
4158
10011
9498
8334
4160
7461
4201
4994
7601
3921
7772
660
8058
9997
7632
3306
7407
4165
6251
7939
6013
10735
6671
9792
7953
10395
7827
7784
6516
3278
4173
2937
8129
10923
7767
3360
4176
11320
5167
2521
8063
8030
4179
11749
5156
4660
5575
6054
7653
7469
7321
6562
7811
9725
4185
2790
10778
8622
8051
7591
5113
9675
7669
8142
8008
11521
6463
9193
7818
571
4421
11566
7059
10089
9342
6866
6584
11861
9048
7463
7572
1653
6299
7587
3414
8863
7987
836
7499
11732
7563
2802
6841
6330
4796
6877
8273
8467
7626
8093
7554
6523
6314
5613
11042
7969
4211
3369
8042
5617
8028
1609
6181
1350
6323
8009
4216
11545
4217
7537
4218
11052
7909
8073
4220
7155
6332
7400
8136
6811
7039
11285
7235
4694
8287
1215
6496
11702
7549
5060
7936
4258
11010
9662
4230
8081
8950
6771
5754
4781
6731
8392
8391
8390
8389
8388
8387
11953
6356
3728
1203
2159
7807
11661
11938
5367
8382
6787
5177
10278
859
6452
6791
11369
5628
2173
10166
8269
6371
10973
7890
7482
7999
4441
9540
7894
5394
11641
7102
6653
7817
7369
7658
9699
8319
4787
4256
10505
6037
7156
7092
4766
7454
4889
6474
11217
7087
3289
8301
9452
8322
9865
11906
9279
8330
6938
4266
6759
8315
8973
5896
3935
6995
10344
3042
1897
7475
6835
4556
7732
11142
10057
8036
8047
11466
3661
4276
8264
8003
5779
6138
8241
6847
3571
4280
1109
4281
3557
4282
8488
8295
6231
7789
2856
2406
10717
7617
8765
5473
5717
7825
5762
8243
6535
7355
9468
6437
4140
7775
7035
7231
3021
6861
8653
7401
9618
9300
9231
8268
8267
7164
11891
10836
6526
8626
2825
7100
6382
5431
11745
7327
5264
7943
10799
2039
8977
10702
1722
6109
6154
4308
5745
10316
8244
4841
9565
8095
8405
6355
10783
2299
4013
8485
6596
8483
1866
8932
11607
6507
4582
4636
9100
6479
10773
8351
8223
3041
8511
7859
11483
7566
3693
8374
6072
4325
9920
5397
5438
11234
7600
6992
11792
4329
7750
8205
8204
8183
10421
5570
2401
7965
2006
7700
6876
6503
6194
10560
2836
4170
560
4289
8971
9140
10269
7234
11477
7180
8105
3444
7810
7963
7725
6951
5793
8609
7315
9216
8213
5159
11442
8171
6313
8012
8022
8055
3160
8550
11833
8429
11971
8409
11757
6096
796
7850
2609
8156
6818
6359
7958
3584
11822
7719
7181
5227
10305
7694
10941
192
2908
6545
8380
8549
3828
7843
10737
8646
8645
8874
8837
8642
8641
8798
1913
8729
11163
9432
7025
10628
3457
8723
7672
8124
2916
5467
4655
8717
9161
4377
7665
8115
1143
4379
11565
6830
5841
8137
11196
7174
1180
6879
6175
7015
8103
8737
3720
7133
10693
11652
7245
7523
10586
6145
2209
2162
11313
8567
488
4392
11287
1869
718
7324
8145
6593
8648
8587
8970
8585
6540
6889
10440
7809
9954
11718
5041
4401
7043
7769
3048
6746
11030
7069
7274
6608
766
5875
8599
7504
5219
7612
3308
8329
4164
8810
7683
11400
5476
7552
11267
4104
5068
5015
11451
8703
5620
8289
8741
9278
3841
8643
11011
4419
4945
9056
8125
8106
7674
6829
10843
6635
6206
11628
11327
3518
5901
8473
6278
6641
7293
4428
7676
8523
4398
7398
4397
6338
6106
7435
6289
4433
7881
8880
5044
7263
9897
5741
11347
6331
5290
10972
11212
8123
9044
2491
9376
9488
8499
7404
1062
8631
4759
8434
9156
5974
271
4446
10686
9520
3156
5931
8161
8349
7541
4450
8844
8691
9301
8479
9832
9830
8613
6533
4785
6683
3633
7973
5348
4144
11677
4458
5945
4459
9517
8291
10931
7662
2974
8460
10902
8679
5204
8834
11841
8707
7365
7197
6694
3297
2120
5877
1469
7151
11713
7948
5017
11978
8442
8297
8557
4473
5965
7584
8157
2841
10208
6511
8612
11414
9417
7493
9851
8735
2986
8426
10953
7488
8282
8167
9900
8023
73
6340
8586
5752
6113
3103
8674
8020
9481
7754
1012
8551
7300
8180
2072
6737
7910
6895
2450
8535
10752
8555
8828
6743
3485
8396
6396
8807
6378
8663
11241
7847
11873
7072
6001
6241
7203
9834
2463
1560
9828
8532
10599
6007
2115
4506
2512
8623
7171
24
11608
8930
8929
8928
8927
8926
4774
4512
10566
3106
3933
8168
4938
4515
7571
362
9403
8357
5228
4518
4354
9023
11061
4520
11366
6566
7169
6678
3989
8699
6693
5429
7757
6788
9685
7041
11531
7357
11940
4528
4575
3152
2090
8333
8378
8975
8427
8417
4891
4533
3940
5391
7835
7307
9090
8527
10915
11684
7198
4538
5581
8871
8870
8869
4897
8581
8394
8311
8956
7749
8045
7372
8861
7183
7816
5314
8686
8098
7442
8300
8660
9094
10554
6723
11723
7247
9089
7849
7804
8279
8290
9084
11904
8771
5160
7853
3082
8212
5436
10058
8833
8959
7792
4560
6953
6842
8102
4562
3004
6618
3251
8634
8270
6087
11741
4566
8554
8015
6193
7614
8139
4569
8369
4570
6108
6095
3657
6993
8806
8805
8721
4462
11564
8001
6101
5611
3225
8174
9318
4998
6105
8701
7758
7003
9113
8815
8224
7125
6276
8403
9277
6810
4683
8782
8781
7747
11153
6530
3932
10896
6327
7649
9617
5104
3109
9073
4292
11544
10531
9069
2737
6413
9008
6127
7731
6449
8760
7675
3550
6642
1798
8208
11289
598
4862
4601
9836
4070
6137
5964
5203
9826
11250
5353
108
7045
9117
6143
5795
7710
1199
4609
647
6907
7313
7705
9019
7907
9996
9328
4630
8669
4970
7830
6002
8747
727
8176
6157
11012
5018
9880
10229
7690
7110
9302
9029
7704
1815
8783
11265
9064
11227
2256
7413
7680
7334
6870
3496
5633
2560
5092
8966
2840
5300
4598
5791
4053
6177
8903
2306
8239
11489
8407
9129
5428
3709
8983
7661
8130
10971
8331
5366
4802
9903
8676
3712
11118
11082
2304
6595
6902
6404
2821
6290
7744
9154
11964
6539
9676
8662
4432
10109
4794
11761
7583
4477
8271
10163
7159
8773
9119
7633
6207
10313
3319
8764
7397
5957
6848
5721
8179
9242
7624
4180
8657
6414
9354
8636
10220
7689
9250
11390
9248
9247
9246
9245
11866
9581
4668
8876
8624
4581
1821
8227
8905
8432
4672
3429
8078
5573
8601
11104
4675
8954
3472
4593
4677
8804
2412
6852
9249
10829
4680
10618
5665
9349
6243
10595
7165
8539
11088
4195
8700
96
4686
9339
6212
6908
8621
11471
9334
8744
4690
6777
8831
2340
8397
3130
7888
9224
8694
10429
4695
7016
8898
9186
9185
9184
5420
3132
10788
5747
6267
5045
8154
7200
3821
8249
10908
3643
4704
2133
8558
1915
7130
9204
8987
6922
7526
1875
7535
11609
7402
8548
9271
9047
7854
80
10768
8462
8814
804
3876
8128
9148
9147
6483
11772
9151
11043
484
7730
8825
5395
8529
4126
2540
6297
7085
6012
7937
9959
9173
1035
8520
5019
9061
2388
6905
11503
8375
10009
4730
6725
9407
9118
7508
2808
8603
8890
5681
9400
7103
640
8502
9575
9222
8504
8800
4902
9039
10337
8342
8687
10250
7858
8431
8412
6702
10198
9099
4106
9371
8629
8835
7964
8143
3074
9308
11642
7599
9978
6873
9595
9838
6690
11880
6
9413
9721
9411
11789
9183
9072
7596
9071
8995
11146
8146
6345
11708
4567
7382
2423
4018
6944
4762
5998
9130
3164
7623
11995
9860
9053
9052
5720
6415
3178
2866
5757
7154
8085
9515
1324
9207
7048
783
8437
8400
10713
10190
11779
9035
9034
7305
10213
7123
4760
8495
11990
4779
10129
109
1274
8422
7651
6949
1437
11520
4676
9329
9017
5368
6381
4786
7659
7579
7420
7884
6488
4789
4348
722
11825
7187
7667
9604
11031
9070
10297
8784
8302
9482
3403
9388
6362
7137
8393
6987
7281
7199
819
4800
9505
9211
7414
6184
7416
9315
10521
7687
11629
9467
2810
6991
7050
6055
10540
8225
10271
9138
4496
6454
5869
9475
9239
11670
6417
8366
2761
10246
5702
4815
9554
10400
8589
8453
10097
9321
8720
8889
2487
4820
8353
4821
7715
9428
8946
8879
7826
4824
9664
8633
8667
4826
11053
2568
11013
8340
10507
9379
8933
4930
9149
9503
9765
6443
2550
10858
7976
8799
4580
6447
5543
8921
6395
8162
5947
4838
5427
9519
11109
5122
7998
7262
1488
8216
4736
8303
1487
6459
11889
7023
4075
9768
9931
8079
1348
6077
9393
11942
279
9602
3313
5413
8084
10254
2283
4853
8321
3773
10059
7366
7946
9101
11207
8327
9470
4858
2601
9233
10854
10362
8796
9451
10885
9317
9555
9632
9553
9552
6048
7298
7302
8866
9380
10922
9489
4442
4962
8989
7296
2632
3351
9395
10952
5517
11263
10940
7046
8749
2848
9623
4643
4876
4732
8846
5321
4878
9059
11902
8252
4780
11363
4881
9022
6433
2614
8953
10625
5861
8627
9511
10741
9509
9364
8379
8827
6679
1672
9095
2015
7153
7736
7967
11160
4892
8818
6351
5772
7831
184
9332
9596
4896
7182
9082
8809
8877
10880
3886
8909
8293
8972
7352
7851
9478
9477
10082
6346
6482
11199
4929
6480
8411
9229
8997
1386
8487
8727
7364
9906
6547
1785
4911
10366
9791
6446
9323
8887
4914
4340
7373
11662
9723
9450
5713
9368
10280
9261
9267
11610
8343
9587
11728
8964
6563
1682
2883
7972
2534
11179
3121
4399
4926
9104
9085
3418
9645
9427
7887
7456
2286
8014
9607
8165
1738
8854
4933
5592
9639
11429
7403
4532
3215
9927
9533
6438
9030
1502
9727
9406
4023
1789
3768
6589
7189
5486
9269
8090
9429
8791
3116
3523
4946
1383
7421
9638
4703
2789
9593
9387
8415
6601
9711
8132
9270
9935
7173
8440
7434
3789
11182
1816
8705
7931
9647
4955
9134
9370
6559
1526
8698
2964
7940
3892
9162
8114
9637
6197
9839
6403
8309
7886
4966
2197
9260
10577
8684
11737
8519
8148
7517
10862
4971
9359
8677
8119
6631
7590
2842
7142
8993
9338
8294
11543
9159
6637
9502
8226
6161
3830
6445
8594
11176
7132
9663
11653
8543
9827
9695
9203
9824
6008
4357
3453
8211
10420
4988
10358
6721
11425
4918
4174
9879
11562
10674
8469
9875
6839
9314
8062
8957
7112
5897
9594
8819
6419
8057
9710
8884
6423
6667
11697
5001
9739
8625
11985
8339
54
4620
5304
3451
9282
6607
1948
8655
9062
4248
5062
11322
4255
5010
7966
8770
2426
9905
2603
8937
5090
9874
1838
9613
456
5016
5574
7333
890
8525
9258
6274
7078
5020
2667
9206
8574
5022
8470
7983
2253
9312
10679
9333
1132
7753
1797
11352
11433
8976
11530
9295
85
8577
9163
9235
9459
5751
10591
8471
8571
9955
8951
7589
5327
5036
6044
9899
3358
7052
10641
9764
10644
9797
8607
5209
4309
9713
9421
9213
9917
1936
7308
9569
1185
6076
5157
11014
7291
8900
9970
9969
9968
10850
11691
9965
7764
5052
3962
7219
7241
5693
7029
9535
6741
7707
9009
8237
5192
7237
7960
9107
9771
9869
11393
9007
8999
7801
2615
8335
6622
3757
10839
9833
7949
9570
11306
8439
5307
8126
5958
11836
10969
9327
9820
10242
6086
8821
11185
9975
10153
9523
1255
5075
9294
6765
9915
9914
9913
7592
3815
10572
11094
5404
10711
7212
10661
9728
4246
9919
411
9479
11854
5085
9136
7917
11403
8795
11765
7996
2294
9495
7417
6931
11315
7637
8354
9259
7746
8772
2214
457
2225
10139
9878
6293
4740
5664
10130
6969
8500
9179
7896
5100
8591
8579
1843
8413
6576
9591
6711
10310
9102
8451
5835
9463
9760
7190
6009
8446
928
9736
7790
9850
9849
5111
10014
5112
6817
7670
9086
4842
11339
898
9404
8448
9369
9443
2878
9078
7375
8191
8546
3338
8075
5121
756
9681
8054
9825
9971
5124
11173
8418
5895
10582
7895
8767
11293
5128
1757
9719
11849
3751
10091
10508
6158
10088
1309
8757
10638
8187
11334
9802
4625
9547
11131
8251
9932
9135
11611
11248
7443
6528
1468
6258
9679
7128
9962
10370
9033
5144
3840
9783
9782
6904
4117
9998
9026
6610
7332
8754
3391
8822
8024
9015
10075
3177
3638
10548
4989
5154
6228
10079
9012
8649
2416
8219
6464
10532
1122
9335
11261
9112
8564
8071
8672
3618
4489
5923
8998
10810
872
6819
8352
5166
11232
7105
1418
4426
9512
10161
8027
10159
4326
8985
7240
7389
9731
10256
7728
9374
8468
8978
6901
6864
9809
6701
6862
10816
3166
9434
4587
9272
1027
9715
7984
5182
9693
10175
8323
10029
5412
1641
4375
10191
6224
1777
7820
8029
9701
4850
7249
6553
10875
9855
11032
8654
11421
9433
8307
11630
261
9895
9480
9687
2441
8940
4263
5198
8299
5199
11973
8915
8934
10247
6242
5202
10244
7000
9673
9021
11944
10315
7838
9397
7619
10311
8922
5208
10743
10083
4534
10081
9660
8916
10049
8420
7242
5213
11561
8041
8910
396
6812
9389
3433
11062
3478
8595
10561
5316
6117
6625
10265
8731
8355
5222
9361
6529
9636
7314
10669
10412
9055
4261
9716
9063
7574
10295
11460
9789
5715
9624
4597
10207
9866
7215
6296
8711
6060
10064
9952
10284
6786
10031
11127
11044
11900
8865
6670
8734
2452
10479
10478
10477
10476
10475
10474
10473
10472
10471
10470
10469
10468
10467
10466
10465
10464
10463
10462
10461
11114
10459
10458
10457
10456
10455
10454
10453
10452
5254
11859
7883
8209
5725
9629
8838
8943
9989
11786
9414
11482
3878
10133
8769
2104
6858
9558
6015
7650
9773
7872
9560
7503
5266
9330
5267
8486
6705
11703
9299
5462
9551
1048
5271
6326
10866
10951
2181
6871
7844
7033
6594
9541
6722
11678
11188
7802
9155
8802
8447
4336
7716
9532
5281
8797
7856
7020
8967
10780
10002
8792
5093
4253
5286
9214
10155
8787
9353
6718
8463
3893
9619
7141
10485
10377
10376
10375
9923
3934
10067
6691
7501
10583
5296
10807
1244
1170
9083
48
347
924
10968
11828
9811
9994
8763
4083
9944
10299
6365
10565
7546
2776
7075
5940
9105
7077
4237
10413
7079
10914
10169
9749
10291
9999
4380
10775
10335
10334
9093
9471
10215
10142
7101
6954
6682
9669
10205
3422
10373
1412
5708
11455
9081
8894
10684
6307
9524
9455
8201
11360
7089
7271
7821
8859
7386
1596
9447
10506
10304
11344
10302
1730
7935
9953
11476
9439
10121
4659
8893
7113
2688
8708
9843
7117
5337
600
5955
4769
10379
3883
5851
3560
9424
7093
11808
7990
10277
10276
9189
3373
10394
10793
4839
10004
9358
1576
8067
9853
10219
10439
8064
4306
9365
11805
8061
11871
9603
9402
9995
11957
11170
10253
10252
6428
8931
9743
5637
6380
8575
9814
2058
5930
8503
10659
2542
2005
8738
6256
8250
7664
6732
9381
7954
11612
10231
7157
4749
626
6246
10349
11542
4457
10116
9209
10541
10570
5373
10538
10534
8254
10639
11966
8025
4311
10212
8640
9491
10705
10519
3586
9018
10245
10232
4482
8313
7489
10143
4880
7529
11519
9347
9896
4510
10194
10336
1929
9192
585
9652
11844
9583
9993
11220
9494
5392
9659
10694
4869
10564
10939
9087
10177
8620
6509
8096
6872
11150
818
10124
7714
8604
7330
5401
10354
10013
8600
8149
9863
10339
11139
8596
2891
4947
7724
10751
6139
10637
2904
8726
7213
5410
11811
3328
7064
10146
10145
9703
3093
4476
4541
10154
6196
7691
10779
10061
8199
3155
11685
6797
8573
10131
3097
4874
8314
8873
9747
10621
5709
10749
11887
6674
3837
8801
7768
2320
10117
9273
7250
10529
3748
5430
8638
7371
9929
7243
6739
10581
5196
7410
10104
10103
6411
8547
11980
5210
8492
7202
7842
11802
8220
5631
4997
7255
10262
10090
3880
8536
3232
9800
11560
10319
7261
9775
7393
9079
11510
3767
11295
10557
1384
10763
8459
7771
10259
5452
3355
8981
9309
2207
8518
10066
9568
6266
5718
3119
4583
9751
4346
10815
10853
8635
7521
2952
10054
9854
9106
8845
9476
5464
10287
9752
7337
10757
10904
8751
10043
8497
6903
10350
8263
2125
8118
10771
9352
5472
8490
8210
10032
10549
698
8812
8856
332
9169
10503
403
6891
10386
10255
10021
10716
8077
7471
7309
6886
6808
9180
10574
11502
11259
7692
11878
9237
10096
8231
10652
8466
5888
5990
6472
2188
8588
10000
7214
5788
11123
8240
3129
6750
8456
10127
4118
5496
9990
5497
8840
10958
4103
10499
11157
4302
5857
10217
6744
9980
8560
10663
7593
5736
8135
6213
8790
8583
10754
1868
7957
6295
7832
10062
8433
10687
8908
10633
11733
9841
9961
9527
7800
8823
11202
9002
1537
10160
7934
11488
10490
10425
9876
5519
3544
4297
4210
5818
10378
9225
9943
8285
9651
10699
9111
7367
5625
7361
6773
6909
9934
10601
8404
7899
7505
7861
9648
10238
6638
5532
9925
9097
5437
10700
144
10393
6176
5742
6734
8147
9916
5538
9088
11776
11529
9620
11396
10635
8134
9908
5248
10955
11417
10895
10894
10893
10892
10891
10890
8376
8990
5548
7930
10248
9842
5550
10202
10363
9891
5552
2038
8531
8716
8945
834
10648
1336
9883
10460
11814
3221
9264
3334
10007
8087
5584
9987
4923
5874
5562
3028
4608
7222
10864
6185
10647
3710
5566
10080
10165
10849
10848
11671
10846
2249
8665
9116
10745
7429
5726
2558
8360
9852
10729
6216
8363
8872
3669
4332
9627
2557
2884
3733
10415
1503
7465
5109
4604
10884
9837
1492
10555
5912
6471
11719
10919
10814
10813
3724
11654
9168
10448
6387
6455
3726
2457
11076
7455
3848
10930
11631
5488
10120
11946
9815
10847
10946
9456
9304
9951
11225
7441
9808
3592
10787
10786
11663
7437
9422
10343
9801
4627
11613
10442
11799
5605
8195
10234
9794
9967
7477
7208
2910
8414
11714
6333
9787
9153
11074
8509
10762
10761
4136
8276
8965
7487
4372
5616
7135
8961
9253
9774
4245
7597
9991
10603
3466
7267
8265
9767
9616
11025
6424
10740
10739
8438
6392
6315
6406
10388
4844
10451
8756
8974
9754
11898
9653
3248
8004
6998
9487
10547
5920
11308
10720
10719
358
6028
10724
9741
9036
3005
6301
11138
11864
7338
9735
4157
2589
10826
11450
6968
11072
7497
10701
11069
4418
9745
10769
10078
5284
7531
8911
8474
9164
5650
7109
9890
10658
5652
2026
5653
10114
10683
2272
11087
11177
6878
8338
8984
11441
5658
9704
8489
7923
5660
8899
11247
3774
9698
10667
10666
3269
5690
11769
7353
9692
7555
9803
7084
7557
6630
3146
10691
8878
10913
8033
10651
10303
3304
9435
8644
2266
11089
4837
10491
3898
5865
3784
10520
10536
5678
8182
10636
10819
2544
1478
7509
8714
8177
10871
9946
5593
9779
11559
5685
8853
10856
10622
11279
2031
5688
3582
10834
1197
9755
7076
8537
10119
11754
5722
10351
4589
10608
10607
10101
9641
9115
5285
5697
8768
9729
2781
5699
9372
6233
4886
6104
10594
9630
8661
9705
4716
9127
429
10859
10301
7901
6716
8383
6796
9344
10867
11137
7613
11135
6801
10403
9614
5677
10840
9835
10383
8160
6827
10569
3810
7304
10359
8576
1616
9367
10322
5719
3406
1630
6946
9598
10899
11386
9521
10367
8666
11274
7646
8979
9658
8133
11019
11746
10430
10545
6202
7639
10832
6302
7641
8597
9171
10901
4275
3085
3903
11136
11470
3990
7522
8100
10199
5737
5332
10187
2064
11129
3826
10523
10522
11222
9187
11073
7657
8719
6912
8540
8088
10087
6710
10512
6478
11015
6265
4553
11258
11249
9857
7781
882
6783
10750
10501
6400
7671
6306
9543
7765
10072
7144
4710
10345
9538
11351
5758
7492
2608
4783
11122
7514
11050
6914
11412
2620
10481
10632
8875
9020
3838
6806
9109
9227
11323
2582
5768
10489
5769
11644
5770
9510
10347
9514
11407
5518
2877
3514
10999
8046
5775
3850
7411
11124
10592
5502
5778
3852
11038
11724
6436
3993
10796
11817
9949
1504
8675
9383
11229
11209
8678
10933
8358
10274
8681
8697
10985
1891
9937
10433
5790
7721
10497
11479
9654
8021
8690
8688
9065
10424
8693
8685
11066
9473
8696
8682
5798
9941
11309
11159
1153
9621
8702
9283
9464
5218
10156
10715
2728
10406
6370
11465
1431
2524
9437
2536
5808
11276
10398
3378
10841
4328
5811
4294
7423
11098
11372
8789
10389
5986
10734
621
9694
9307
5817
9050
9438
10381
3045
10233
7370
8280
2445
8053
7763
1790
11171
7028
8849
11040
10727
9588
6492
8316
5827
10365
5828
10086
8214
7773
11269
8478
4921
7294
10357
10022
7815
5674
11093
3515
11191
11501
11500
11499
11498
11497
11496
11495
9759
3336
7787
11783
10341
11304
4128
6850
11200
7951
9396
857
9966
10240
8610
9392
11523
10184
11796
178
11449
10326
6661
5072
11437
9384
7803
4927
10863
9986
9734
10037
11423
10811
8969
10071
10758
7932
11600
6146
9145
8138
5860
6706
6824
11054
11699
11448
11447
11446
11237
11839
11353
3602
9449
9360
7823
6749
7928
10835
9356
10148
5649
6052
10642
10944
4982
7095
9635
6427
9348
7140
8813
9416
8566
5692
10027
7905
2902
1068
11647
5949
6932
11413
11525
11411
11410
6978
5883
7952
7553
10111
4197
2972
11164
10824
11568
8794
11270
11831
10384
10790
10959
7331
5174
11144
10649
6899
8367
5859
11099
1813
10317
9605
11383
11382
11381
8455
9310
7865
10907
3014
7867
8159
8852
10235
2475
2738
10943
5342
5904
7873
9303
4870
7875
8336
10135
11311
9251
5380
10222
11357
11356
11355
7047
8040
10292
10216
6111
9496
11759
9284
9325
2264
6896
3944
5917
9983
9864
3604
1074
7466
10203
7287
1681
11329
11333
11332
10327
10197
49
1548
10731
11762
9266
7264
11829
5255
8868
11756
11643
3455
11753
10185
5568
11750
5932
9244
11312
11816
10179
6686
6000
10446
9894
10164
8906
10173
5938
10010
7919
9415
8501
11627
10167
6544
5942
7260
11215
11292
11291
10809
7395
1623
6059
7929
11992
7812
10575
9005
11049
7688
6491
9343
10623
10149
5952
7869
11725
11273
11115
6021
10677
11190
10211
7148
8817
9217
10138
6712
8939
11003
7947
5474
10273
10132
11257
11256
9939
8215
11509
11959
8948
7232
7955
8524
6043
6924
11326
9200
5969
4420
5970
10970
11240
11239
11583
7459
11638
7778
10643
10110
11868
2350
10285
9563
11563
7608
7520
2882
5985
11224
5980
3553
10099
9190
7912
1206
10627
9177
11570
1424
11387
7981
4816
3312
11210
11969
5988
8683
5989
7829
9167
10419
11962
3994
10611
2675
11975
8202
6757
11955
11195
10408
6919
3844
11511
7997
9526
10152
11963
