7000
4890
3404
4158
6252
893
30
5847
80
0
7
4493
1354
21
4142
183
658
1169
2418
2427
16
13
24
2783
3246
1105
4706
8
20
1037
2446
2
104
3672
19
1187
60
6261
1310
111
33
6340
27
2275
4466
105
76
6557
31
4998
128
15
144
881
2346
4111
5342
5922
47
491
6450
28
6854
38
32
2273
418
139
6230
1125
102
5390
17
2121
5918
3586
892
1769
6622
4347
67
5712
2508
4781
41
561
84
5079
6
161
3880
1243
5728
42
600
6915
5350
5544
3140
123
180
5510
244
3663
236
705
52
4139
98
237
96
101
55
6266
103
1075
188
3714
22
191
382
5572
4694
5326
3460
121
97
6693
63
23
4990
5
414
5832
1286
1071
5632
209
138
3363
1928
93
1732
3671
4570
39
2886
4744
238
4636
772
5935
6326
5358
330
3778
151
6325
6656
5650
220
557
3
6427
4258
54
82
6734
2058
90
3806
4006
2710
4016
115
3883
61
4980
88
5417
137
74
6944
5055
442
170
5382
4644
3902
813
4110
186
5052
6705
1892
235
140
6524
131
6538
1616
92
864
5366
152
167
5790
6327
53
2405
940
5323
195
70
888
6875
203
469
187
243
175
4332
6324
5083
4442
2781
1072
6494
2260
4821
206
149
5154
6786
194
160
129
5997
5470
6976
219
99
314
2283
4498
6305
163
6079
14
2197
141
5877
64
110
5486
2551
1560
5369
251
4651
125
224
6714
6215
1926
397
626
2619
3840
1205
622
6471
214
265
4228
2315
229
6040
5318
4623
225
3906
172
1083
608
1177
277
359
262
717
4510
643
5866
437
2926
176
248
197
4066
6456
466
257
3594
3873
227
5165
215
5209
217
1401
3762
6015
1798
3421
5516
59
2952
6197
1222
156
338
2817
6328
683
290
1761
301
108
247
307
2328
1107
6182
284
166
6125
295
4254
308
303
1372
6648
4900
351
339
275
325
6726
231
3157
269
323
313
34
294
4237
177
3544
317
6407
2130
4578
6384
5980
360
4828
200
5685
5056
249
546
223
1474
6441
241
5535
858
6804
490
411
6576
5992
331
5166
375
285
6290
6126
350
298
3546
3753
370
297
1498
148
296
218
6680
3447
379
193
1554
1875
302
501
4392
6239
305
681
6998
136
44
1457
344
107
416
95
4138
5163
1026
240
210
6123
391
419
403
316
320
5341
6966
5840
5584
2937
5232
5742
328
4901
117
6847
4672
293
365
91
335
4752
3386
6979
3292
439
4512
409
5404
6606
1
384
4312
134
3176
407
413
441
904
487
6608
6010
232
6164
387
4345
878
6351
1624
6638
3322
6973
4358
348
450
5351
415
258
5146
279
373
5957
286
4059
204
452
690
368
245
94
3968
404
444
6962
4152
3712
4826
333
4114
6893
4690
309
4566
337
253
366
499
1351
3284
455
256
311
386
435
443
5026
479
1241
6474
6105
2378
509
1212
6293
448
1833
4036
503
6322
239
1878
4615
6468
5962
4422
5582
199
263
1514
361
288
173
5310
4149
4670
1045
5298
6231
3304
157
812
6417
332
629
1786
4032
390
255
280
6907
1980
5500
542
5887
425
1541
68
4072
3204
525
3508
5723
498
5077
1658
385
856
4961
6006
6426
324
6282
292
6580
526
4098
353
43
2008
845
2380
3936
1220
4774
838
6558
2686
5553
6512
401
553
534
4528
5754
5262
83
354
6883
2844
171
4316
4653
530
3642
506
3960
594
2605
310
260
519
461
2758
6201
688
372
477
4275
4902
6190
505
6403
472
3469
318
775
512
3821
4830
723
321
925
1158
6743
2512
5293
364
5005
6736
6952
3928
523
6776
4897
516
5197
527
5596
6604
6367
1038
4046
661
3834
5050
3861
3186
1607
4924
1353
666
2635
396
555
9
336
429
226
2644
6996
341
2341
342
6391
3192
5622
1420
475
5846
1773
480
6610
463
4125
2930
252
650
6688
2514
554
454
496
352
6770
2790
2985
2720
653
533
1865
699
3648
462
4681
358
6785
567
5881
6634
662
3000
674
703
625
2276
5265
649
875
6330
445
2490
4785
6886
809
2880
2155
731
5205
4408
89
3736
2461
628
6139
483
641
4618
345
563
645
2800
514
254
3889
6870
721
2032
657
6484
1171
746
722
4860
6537
751
116
714
3675
6214
119
601
749
2398
6321
482
696
6088
4041
486
5143
4050
5618
446
6073
4010
1821
2740
6287
1584
738
5906
4251
515
6529
740
604
759
711
400
4917
6496
1473
1478
5679
605
5530
1758
1411
5126
250
2592
1895
4282
3609
2996
388
556
392
684
6655
564
3510
791
1979
689
304
3016
474
362
833
774
764
2222
329
665
502
2152
114
6914
6987
1140
5453
184
5659
783
5085
832
369
1164
745
1736
5623
583
4334
627
48
2228
737
2586
769
2238
3345
432
4600
849
6206
782
5950
5024
701
835
3665
687
1569
438
6805
659
4910
440
574
2282
589
5340
959
3168
106
870
686
668
6852
785
794
4372
3669
5118
5363
842
142
819
943
4608
363
518
5019
755
4501
862
4713
2184
1981
488
3876
457
5469
611
6751
735
836
6814
4637
825
3790
569
6129
1966
10
874
566
4582
216
839
6945
5176
1209
468
312
798
5397
6880
896
5012
202
5352
287
11
993
4160
5302
895
5030
5580
3075
901
37
478
4487
648
929
5448
890
719
5593
578
2479
945
1785
484
169
3474
909
3368
942
2158
820
905
4965
2522
761
374
857
2428
143
492
804
797
882
1486
596
2144
1993
3022
1307
788
5149
5440
5617
778
972
500
1627
6048
4705
997
6839
2896
402
2102
1603
2134
897
617
4383
634
5518
733
6411
5058
1437
853
736
951
974
978
6595
513
1007
1102
6451
967
182
4238
6120
2730
1021
4956
572
779
346
520
1475
935
3153
473
6754
926
524
1318
973
6372
872
2148
824
1031
5764
528
4968
1482
6765
2044
536
3272
1042
1024
5189
800
189
5758
66
2614
6386
3258
6171
537
1025
2608
2303
2286
1064
6320
6681
541
1397
2836
87
3542
962
3850
6602
1082
599
465
656
6642
6249
980
6982
476
357
1006
5333
1056
1765
552
860
603
4120
914
4777
2884
6021
955
5035
1043
185
4658
852
1110
6310
2014
781
6110
3525
562
1103
767
3241
6702
3870
1692
4712
1070
1143
5926
2269
568
573
1272
421
5588
1097
680
4885
6612
6619
4100
5497
1065
5747
6994
2857
576
6970
2266
5169
771
2127
4018
2557
1384
168
1052
807
3848
818
855
3941
584
547
760
1050
586
5835
1126
1144
3248
1047
1422
4145
2964
636
4060
995
592
6083
3958
453
1084
4303
595
544
1133
2251
1005
5661
598
1033
1186
1167
5684
801
902
4526
1228
6829
1175
1130
671
6836
1594
2833
6296
1735
949
426
1165
1947
1109
283
867
4751
917
1189
863
817
663
602
1149
4995
1119
821
5136
6130
1178
1509
5098
1061
381
1132
620
6145
621
6717
2682
1188
3892
704
3752
1124
1566
3881
1245
1003
2012
6784
1118
581
3726
1163
632
5911
2568
6842
1054
5785
4596
5233
4842
1343
953
1079
56
1224
637
4184
4458
1117
919
950
497
5717
748
272
724
428
1207
6477
816
198
1994
266
922
3851
1900
2149
5978
6901
948
153
1274
3687
5750
869
1229
4541
430
1240
2840
1671
1078
234
2422
944
3008
6889
521
1019
1012
1154
5994
1675
582
6053
1074
1959
1145
3733
1018
6443
75
5541
4612
4975
1168
3389
1870
4800
2312
6066
5038
6213
3556
1174
672
1319
1335
6738
1716
1231
675
1120
676
270
6958
3682
678
1287
859
6825
907
1344
987
3565
3948
6515
1500
1332
4928
456
1358
4412
885
4188
1201
4564
877
405
1034
326
6332
4815
1210
5138
4506
799
4982
614
1000
6536
2550
1376
1291
5523
697
565
2026
1252
1350
933
700
179
1260
1199
1183
1004
1666
1505
889
6177
6014
762
1399
5625
2292
1321
2736
1407
1135
4718
5814
766
1067
1861
5890
5339
1301
1028
1389
3487
2386
6806
394
517
1367
4284
154
6647
1312
3718
1341
1256
1091
866
1294
6319
1439
1573
1349
112
1418
464
3306
79
1087
1368
4942
4873
5648
1172
5526
5951
306
1933
732
6169
1017
4385
1427
3271
1279
5425
744
2411
986
2289
841
753
165
5802
1443
417
4698
1176
742
6071
1253
2601
930
6256
3820
3185
2706
4767
5090
5353
1283
4397
1469
1303
3044
1204
1127
669
213
1352
1426
2353
4116
579
6694
1334
958
1454
1455
5294
261
6567
5642
1364
1315
1481
1347
5238
1521
1381
1493
1429
1840
242
6100
2977
1950
6273
1503
1462
347
5737
1413
3668
6654
988
4676
3253
921
4049
1203
2233
1518
6523
5958
6482
2908
147
6416
539
4920
1539
2028
127
1363
1277
868
938
1449
667
1483
638
727
5555
1235
459
2970
6042
1477
6184
1527
158
2660
1549
1129
1563
2082
5208
5708
1218
991
1361
1073
3631
795
349
796
6275
1522
6424
939
6627
1519
507
1423
2971
784
5022
1441
6131
803
6498
1356
1387
2296
1192
1226
3913
4172
6457
808
1123
1515
222
5184
355
1159
4865
1529
4417
1700
1625
5268
4403
3118
1490
1289
1281
1236
291
1520
6913
3602
1093
3808
1232
1369
1632
3788
5799
1571
6757
1265
1396
5744
3837
826
5615
1448
1969
211
543
2728
747
3852
6775
1546
854
3946
4169
3990
830
2890
773
436
334
1394
3907
5828
5578
1669
811
2262
1506
6584
1215
3396
1512
1404
6259
51
5812
2566
4787
2154
999
6590
633
5488
1121
1085
549
3206
985
1978
6233
1211
3993
3588
4861
1691
6722
1629
6906
1200
2745
1677
1434
941
1304
3398
6271
1461
532
1106
4
5402
1598
1528
5159
1323
6877
4226
1099
1298
124
5878
693
570
802
6946
4851
6600
1801
6284
4957
2220
1395
3916
5970
1267
1690
1699
1605
1679
829
6362
1502
934
1254
1852
4497
1615
1173
880
6872
1655
1596
834
1487
2302
975
884
6396
2924
590
886
5671
1553
3369
3630
1524
1208
410
1583
5695
2562
1749
911
278
1340
196
1589
1392
5868
5106
1724
1709
1346
6333
1611
1284
1685
861
393
2715
3616
6953
1547
4819
1111
5626
1631
470
1763
1182
538
1604
1456
6992
908
1613
1689
6930
6682
1196
1766
1459
3722
5731
913
159
4642
1092
915
1221
916
36
1223
3561
918
5763
1471
1447
181
6630
3018
3865
1410
6783
1651
1463
4146
1963
1036
1562
1647
4645
3512
1989
928
1650
5562
230
4464
6928
1630
1491
2988
2179
3732
1748
6528
6560
6318
1810
1982
6931
937
6833
1790
431
3680
1682
1436
1742
1726
1234
3256
1705
276
6342
3846
932
1802
2997
946
1055
947
6444
1824
6277
5140
5540
709
3973
2972
1424
1112
1873
1430
1586
954
4396
1433
383
1868
2547
1881
1139
1306
1536
1887
1242
1859
640
2368
5897
924
6709
6850
2905
1924
273
1811
1622
585
4473
1891
6205
3172
1707
1648
1293
6406
6815
2142
6196
4002
2299
691
447
5668
1179
1855
1016
1574
4505
4746
5908
1913
6927
4168
1854
1421
741
1233
4365
1759
695
1937
495
3012
1313
865
1532
1938
4911
6212
673
1908
6932
989
511
990
5283
1823
6845
1442
1377
2648
5181
1237
1595
5284
6577
996
2203
3490
4849
1889
493
1919
1898
3694
5177
1777
4336
6200
1997
1273
1714
73
2187
2894
4045
1957
4971
1987
2329
1645
264
6388
1738
2003
6352
5132
1619
1795
6769
1819
1247
1623
1053
1269
3077
3240
2006
5520
899
1771
6807
1809
1883
1020
6132
1751
5901
1561
6085
5060
2653
4182
3545
5338
2877
1974
1643
1027
3029
1931
5187
6452
1814
5634
1662
1935
1609
1032
4209
1525
5786
1379
6535
1775
1706
1750
1659
1739
1022
5570
2034
1559
1628
1610
3657
5420
6745
1305
6309
1797
46
1842
1967
4704
1896
1088
4677
2752
6109
1048
606
1921
190
3270
5223
3832
6926
1745
4750
2099
3217
1649
6712
2063
6637
4256
1326
1977
5825
4492
651
1999
876
3634
5952
1946
4201
1062
1778
2146
1540
2117
58
5354
6933
2089
873
1601
1030
1068
2491
1069
1114
1877
891
1639
4153
1971
6963
2081
1049
4550
2030
1776
4290
2788
4363
1077
718
1845
1216
5386
540
3764
2059
1081
1731
1975
2239
4202
1988
2124
2168
2167
5556
1086
1565
2047
1489
1572
26
2980
726
3360
1702
5322
4008
4516
1943
1425
912
2043
6861
5234
2433
1096
6985
1973
2046
1098
4071
2122
4601
1409
2188
983
2078
2000
5145
692
754
3458
2076
1115
274
5212
2037
2195
2048
5392
1280
1829
5097
3374
6706
2472
2765
2013
4614
1803
730
2204
1954
5370
5332
1156
3307
1728
5529
1886
823
5810
1510
1990
1440
1495
5925
4190
1497
1799
5112
1874
550
1113
1939
2113
4775
1535
4734
6740
752
1581
4217
2231
3567
5328
1544
2073
5379
5286
2361
757
1513
6334
1920
1136
5377
2516
758
2009
6967
2153
1325
4604
831
1141
5757
1961
5692
2115
6090
971
2132
2103
1385
3092
2170
1161
1507
2626
4540
1847
6925
1150
5885
1151
1382
1152
6859
1153
1710
2229
2607
1155
4930
1741
6653
1157
846
644
4551
2029
5066
1676
6043
2295
5820
1162
1431
5152
952
1013
2309
2968
300
1555
1867
5252
6934
2021
6821
2027
289
3436
2200
4092
5360
2101
5254
2718
5008
2274
2145
2253
1266
6892
1684
1983
6317
2095
2337
4988
1320
4308
5501
1499
1374
2339
2291
2207
6410
2872
2301
6234
1952
2247
2735
1781
5104
3480
2216
2324
4720
6150
4131
4346
1184
1612
1704
2227
3277
2254
4167
2011
4121
1652
984
3558
1370
2067
5315
2359
4693
2335
2135
2111
3758
1202
1767
551
1660
1927
2193
4906
4768
2157
5245
2400
1219
2261
412
2298
5041
3574
6581
1703
5721
1590
1557
1213
968
763
2209
4834
624
164
6262
1023
4837
2278
4362
610
434
2330
2093
1832
2279
1402
6593
2438
2565
2379
6573
1225
4162
1818
6472
4048
2066
271
4798
2162
2625
1230
1496
2221
5313
2054
5989
1435
2017
1964
5295
5280
1807
6356
1634
2436
4893
2123
1299
4782
1653
3394
5882
2290
2414
6912
4159
4630
6782
639
4261
1227
2215
2377
5261
1871
4629
1248
5226
1846
5976
2087
619
481
2294
2053
5729
2419
964
2540
2057
2151
635
1985
5467
2350
6292
1258
6641
25
6445
5080
2348
6348
2463
1683
5709
1263
2373
2023
5996
2483
2494
2352
5287
2478
5489
4816
4315
3108
1756
1270
6133
2399
6508
4958
6924
1415
6241
2498
5595
3184
2367
4740
2189
2271
6289
1278
2237
2543
1882
2537
2763
4966
5433
789
5639
1925
3517
1698
6865
6480
6146
2177
1029
3882
1717
1678
6633
3622
4936
4286
3540
3966
6977
2019
6621
2310
2466
2452
6947
2060
406
2331
4918
4390
1695
2164
1355
5792
4017
35
5691
4552
2083
1302
4219
850
6598
2174
3643
504
2610
6462
6683
1663
422
4628
2521
1309
1516
5724
2234
2143
4453
593
6857
956
2389
6568
6511
2561
485
4546
2624
1317
3748
1849
2116
3582
3897
6764
2523
2365
50
2589
5869
787
2476
2559
1903
4884
4377
3690
1244
3930
2406
522
4657
2214
1479
4204
4847
2760
2049
3350
4405
2531
2354
1779
6211
6974
5317
2107
2357
1783
976
6990
2114
2623
5426
1787
3771
2439
1789
5070
5959
535
4126
2420
2651
1345
5762
2639
5511
2666
6808
3628
29
2024
2627
5834
5061
2131
6141
5256
1327
6720
1805
2447
3791
3214
1181
2064
2709
1451
2444
5020
3816
5306
906
6774
1166
2910
6760
2396
4759
1170
1752
2534
887
5504
1665
2820
1640
1904
708
2665
2202
2465
5172
6246
4665
2717
85
1147
6116
6900
765
4862
777
2782
1853
2190
6250
4678
682
1378
1820
2529
5337
5606
3937
1337
3812
1727
2183
2421
1916
3796
4337
2595
5701
2090
6715
1760
3584
1851
5142
4482
2471
1390
2403
1391
2628
3180
923
2583
2051
1673
2038
3370
4065
4240
4827
4246
6054
4760
1445
2701
743
2334
848
3198
2702
4632
6959
2495
806
2528
1906
4198
2327
3312
1688
2611
2785
1408
6267
1637
2140
2413
2663
2640
6061
2519
2749
2799
2664
2263
2532
2649
192
1416
1453
4320
2802
2751
6303
1419
654
2435
6923
2667
458
1753
5124
1259
5856
2507
5953
2984
5838
2696
2766
2835
1585
1428
1905
2430
4040
1907
1597
2326
5857
750
4829
1911
3001
2707
5311
2564
3992
2822
2364
3328
2841
982
6475
2870
1138
4648
5421
6192
1730
2513
5239
5718
5920
4536
4881
1792
2629
3910
6936
2719
4589
2743
3760
1511
2355
6316
6343
2837
1757
642
5034
2761
6905
2424
2042
2652
2092
2737
4517
2186
2110
1458
1250
2554
6377
2345
2599
1719
1329
2580
4439
2176
6381
1464
2462
2198
1934
2871
615
2201
4969
1468
6885
2882
670
6980
5787
1839
1955
2068
1035
4028
1965
2831
6695
6826
6157
1476
2914
2061
3269
2878
2241
5436
6522
1996
2025
2887
6882
1858
3879
2596
6505
4128
3291
6874
1791
1822
4761
2431
1917
2161
4590
299
559
3564
5775
2947
1746
1492
6690
2655
1890
2828
716
2727
6458
2267
4105
2246
5196
630
6703
2949
69
1322
4260
2252
6830
2308
6954
2255
1198
994
3803
2804
3285
4732
2344
6816
1292
1508
113
2731
3802
1324
6295
2846
2849
2685
6489
2270
1863
1330
2272
5084
5773
2620
6491
2759
3900
2974
2693
1899
207
2729
655
2397
4545
2963
1238
2695
3321
2217
4576
3043
212
2072
2349
2987
2798
2001
6668
2895
5646
4134
2041
2297
2451
5776
6867
1533
3032
1534
2004
2999
1755
6186
6667
1537
3059
607
1008
2827
2469
2805
1884
5592
2467
4940
2897
3079
4457
3388
5445
2318
2570
5682
2417
2579
6669
3996
5443
3037
4708
2584
6235
2437
3828
1333
6134
2071
2031
2902
4527
2333
6308
3005
5913
2787
2077
1191
4451
2079
1271
2969
2147
2342
2249
4726
3071
2690
2484
2503
1009
2843
4633
6108
4825
1577
6044
2091
5635
4598
1046
6652
6286
2780
6666
2573
6453
729
4846
4756
6855
2504
2921
3606
6466
3055
1770
1578
2429
5178
5746
3099
45
2259
5478
5772
6848
2879
4912
6368
3086
2927
1888
2966
6103
3652
1058
2723
1051
3126
2753
4892
6781
1591
1275
1592
529
2390
6922
3167
1667
3045
3393
5822
1290
4626
5702
3074
1002
3179
2036
1600
6971
2402
1922
2747
6154
2806
5612
3102
2754
2992
4233
6078
4055
3002
5089
1664
2774
2631
5853
3122
577
3015
4981
2385
6514
5278
1813
5300
3096
6750
2856
3121
2769
3308
2560
2725
6281
1197
957
3864
3128
3250
2468
2825
6729
2319
6937
3054
3580
3076
155
1626
3823
2563
3689
4762
894
4298
1282
3844
6076
18
3197
2506
2888
2235
6665
2218
6493
3524
1090
1636
4643
4296
4992
2223
2185
2746
3127
2734
1602
1641
1094
6058
6383
3083
3046
3249
3985
1371
371
2960
2600
5096
3149
3165
2636
5190
2408
2793
1100
2771
660
3073
282
1644
1617
1654
5930
3170
4197
1656
3132
1816
3006
2764
4887
2572
5476
6840
380
5400
2904
2062
5289
3093
5480
3233
1122
3254
5860
2989
6671
2933
3242
1668
2456
2867
1063
3207
4423
2070
4252
1672
4499
3023
2954
3234
4831
3263
2613
2321
4812
6050
4234
5248
837
3406
3697
3238
5395
1681
2100
4840
6562
2525
6888
1255
6837
4384
3265
1686
2199
1687
4820
2109
6742
3275
3311
3305
6911
3323
5517
3636
1128
1693
2883
1694
2993
4496
3223
679
6008
5910
1262
2826
6768
3042
3761
6336
2323
2552
2496
2488
6809
2981
2434
3650
1548
2010
5258
3053
3727
3383
5964
3222
1744
4038
840
5924
6018
2401
6080
1712
3336
6210
1531
1800
5441
3215
2020
5466
3266
2576
4769
3155
2958
2923
5677
1720
2618
3384
3232
1722
6879
5778
5173
3264
2515
5916
2946
5800
2224
3212
5689
5490
1869
2594
65
6684
2045
1949
3344
2086
2205
3280
588
1734
2196
3347
3380
4030
805
3244
2317
3750
5727
4176
1762
3299
3068
3431
5852
3376
2166
1743
3805
2791
1195
2938
4221
6948
2913
3196
3236
3381
5581
5076
2722
2617
6727
3065
5182
1841
6315
2630
4742
3158
5296
4664
1768
2509
2108
3339
1912
631
5475
3479
969
4792
2638
3154
3601
2493
4679
3472
1446
3193
5481
2687
3267
2975
6672
3327
3295
1951
5067
3391
2213
5710
3603
2657
1417
2363
233
2994
3379
3049
3282
3403
6421
5336
5601
3506
327
2855
2742
2732
3371
1001
3520
2375
2555
1782
5361
1467
3173
3499
1620
6074
1923
1808
1383
2979
3034
1788
3225
3399
6257
3382
6405
3535
6921
2770
843
3838
4057
3419
2792
3038
1568
2395
2156
3392
5649
3287
6533
3560
3288
1635
1365
1180
3443
2903
1576
5198
2704
1804
5558
2708
2536
5658
3314
2388
5309
664
5761
3257
1848
1872
2932
3527
3334
3464
3939
3211
5861
3481
1523
1815
1902
3131
6353
1066
3030
2453
2425
3082
2316
3296
5587
2287
5388
1960
5954
6756
5670
1897
3111
4932
6938
5356
4431
1827
3568
1295
3024
2256
1764
6578
3625
1831
6588
2443
6067
2750
2445
1834
3303
4024
1465
1836
3569
1837
4876
900
6663
2943
3957
3418
992
3651
2692
3818
5752
3538
3674
1793
792
2242
4101
2018
6485
3483
2679
6596
2739
4206
2845
1850
5023
2281
3405
1740
3779
3536
4585
3169
3704
3537
6242
1856
1485
1857
3670
3301
5115
5532
3226
4874
6822
3359
6001
2577
1618
3279
2711
3036
150
6414
1400
1866
6988
3268
4845
3497
2098
2859
6585
2691
6983
2807
3639
3621
5779
2810
4052
3124
6735
6254
2918
1876
2553
3442
3781
6032
2505
2819
1366
4518
780
5422
3262
979
6869
3641
4156
3691
2978
1217
4722
2558
3019
3539
6409
6030
100
6142
3533
3587
4467
3605
3027
3523
5979
1893
6673
3624
449
2530
3014
2141
3035
3649
6645
3633
5391
3039
1843
3058
2936
1101
3239
1550
6636
3583
2050
3428
3115
6012
5482
3747
5993
2861
4950
3656
6618
2864
1059
1910
4270
3161
965
936
2510
3519
1862
2372
1276
3763
6773
221
3067
6626
4189
1918
3518
3775
12
770
3415
3688
5086
3507
6999
3699
3260
3534
591
5290
1984
3607
612
2654
6609
1472
1633
3849
2459
1930
5135
3623
3570
1932
3362
844
2795
3095
2211
3783
2581
1936
4948
3777
6360
4068
6853
3103
6385
6834
2415
1941
3662
3051
6029
3504
5788
5960
4393
3495
1039
3716
4863
6398
6574
2470
3341
3774
1864
4908
6502
3711
5793
3471
1697
1953
4593
3297
3528
3589
698
1956
2609
2976
6629
3449
6718
3723
3827
3868
5673
2942
3767
3899
3683
3887
6780
3710
2366
4154
3125
3090
4951
3320
587
920
2898
3595
3377
1970
6447
1460
4836
3579
1580
3877
1339
4196
2194
3532
3148
3009
3163
3817
2637
2862
4031
3920
5010
6260
6363
3933
6662
3737
6147
3647
3590
1593
6725
5974
3835
1986
3839
3407
6344
3756
356
4416
3174
4104
2526
3437
1160
961
6114
2990
3459
3919
1375
2391
1715
2961
6395
6640
5769
174
3706
4012
1044
6034
1806
3751
3114
2265
3942
5998
815
2277
5715
1545
3974
3884
6183
2007
6045
1754
4776
3470
6997
5144
6651
5968
1835
3332
2705
4916
2813
3409
6920
2460
871
2016
3227
4878
3302
3693
3259
3859
715
6004
1733
4007
3047
2022
6174
3541
4858
2699
4947
3591
2621
3150
3364
2485
6337
6092
3195
6172
702
6028
2853
2539
3619
1538
5579
3728
3842
4013
5263
1432
5537
1089
6298
3100
4386
3925
3422
4064
3856
3453
2721
3062
2450
3177
6591
3503
4306
3515
5203
3123
2236
3224
3548
3531
6674
2489
1185
2786
3938
2982
4003
3911
3438
927
6939
3949
2680
3698
109
5654
5188
2661
822
3863
5409
5780
3598
3081
1901
713
4635
2955
1373
3325
4619
3871
2848
2713
3995
5842
4091
4090
1530
3976
3496
2945
208
2069
6817
4764
2658
3107
5630
3413
5929
6548
3430
2074
6603
3978
966
793
6547
3116
6904
4069
3243
4462
1386
367
2441
3221
3874
3894
5139
3646
6810
2779
4872
6710
1543
3465
5483
3959
3189
6968
3581
3629
3681
3875
1958
6526
2789
4972
3554
3013
1264
560
2920
3707
4748
5806
1713
3146
6549
2612
6611
3924
5413
2673
2039
2499
2056
1567
3159
3983
4086
2104
6691
3782
1914
4185
6247
2991
2314
6546
2684
1737
3792
5734
6035
4127
1860
6302
4000
4115
40
3853
1450
5564
3926
2816
6107
1060
4141
2118
1412
3999
5502
3843
2829
3492
2941
4039
6899
4446
4199
4164
4288
2125
3329
4150
6891
3989
5133
4208
6955
3969
2983
508
3972
2703
4021
4001
5704
4135
3700
5128
2517
3203
5736
3956
6763
2137
3289
1945
6463
3744
3626
3461
3640
4232
4194
6176
3944
3414
1314
4029
5371
6454
4737
2578
5907
2965
3041
4283
5833
3063
5408
6550
6027
3553
6661
3793
6707
6960
558
4656
3831
3963
398
2875
6582
5662
5304
3658
3084
2700
6420
2160
2226
4277
6401
4304
3425
5276
4302
6910
3549
3457
6517
3742
6055
4079
6545
2891
4411
4249
1696
2850
6737
5886
3475
2172
5824
2173
340
3914
3324
5044
3566
3109
3097
1542
2900
2178
1452
4236
3089
2694
6685
2181
2909
2182
2593
4102
2603
4502
6483
3661
883
2915
4124
1405
2917
3862
3998
4087
3730
4178
3895
2191
6876
2192
4140
3290
5457
739
6995
3947
5116
3931
4089
4248
4266
2931
3955
4245
4307
4132
4291
2935
5206
2358
5919
4680
423
4157
4062
4192
3676
2615
4727
3551
1246
5768
4130
3739
5270
4367
268
4035
4239
2212
6521
3935
4170
4075
5863
3439
5465
3516
3547
3922
4088
3709
3977
146
4360
3444
1480
6696
5597
4960
6949
3615
3066
3614
3596
2080
3501
5266
3530
3898
4964
1206
6675
4359
2973
3909
6551
3905
4953
4388
1488
5260
2412
3575
4011
3951
3975
2343
6251
4421
3255
3117
4370
4180
378
2240
2084
4070
3917
4117
4919
2243
3550
6632
4243
2088
3660
2995
1137
4214
3199
2248
4560
57
3857
2250
3789
4299
3484
3003
1297
4227
4096
6036
5955
6544
2440
3659
2106
2257
6713
3011
5431
3954
3361
2473
1268
4280
4174
5942
6919
3678
646
4077
4333
3915
1708
3703
3228
1657
4042
2741
2668
3858
5357
3784
4247
3599
5941
1826
6089
3410
1249
4276
4106
4470
2549
3725
2347
2834
4339
4398
4267
4255
5781
2381
3860
4015
1825
4382
6759
2854
4331
4203
652
3809
3637
1812
5943
399
2911
3378
3373
3064
4562
4265
6366
4207
3847
2293
3335
3333
3190
4702
2885
4468
5472
2097
6827
3446
6102
4179
3576
4319
2139
2300
694
2370
1646
3343
5687
3455
790
6846
6940
3666
1976
3467
4485
6470
5760
3113
1638
2245
998
6392
4257
2311
5610
4076
6084
4531
2481
1134
6051
5940
2128
2838
4616
2133
5297
3091
1674
4175
1403
3448
2416
1362
3715
2322
6223
3402
5100
4556
6723
2325
4580
2863
5015
2812
3979
4225
6222
2085
4344
4409
2340
2477
3351
4020
5923
3136
3522
3735
6871
6274
2762
4181
2824
4043
1558
2338
6371
6552
4375
4662
4661
4660
4659
4401
4250
3178
6601
3562
471
5944
4568
2351
1564
2934
6473
4056
6660
4594
3133
4402
6113
4654
851
2533
3592
2175
2659
4395
6387
6744
3141
2356
5876
6510
4610
4675
3145
4424
4788
3147
246
1010
4220
2362
6779
2874
3340
3310
4407
4094
6272
4583
5415
4479
3440
3815
4325
4343
6448
5000
6543
4253
5330
4406
1794
4495
2500
4369
6237
3563
1357
3017
2394
4352
3139
3171
4004
1817
6613
2939
3251
4259
4420
377
4085
4171
3757
2454
4575
6338
3740
4122
1909
2387
6178
4447
4118
4509
4650
3187
3746
5150
4639
2392
5939
6288
395
3433
3529
3593
5033
4436
1398
3618
4909
4591
6507
4719
5898
4507
3201
4671
4649
4271
4530
4223
6225
4107
6851
4455
2683
4730
4454
2407
2492
4014
2285
5002
3365
2410
6767
4019
4443
6098
1608
3620
2633
3219
427
3708
4163
4599
5811
4523
3194
460
4771
4770
319
6168
1015
2767
3780
281
4999
3635
5505
4364
5068
3638
4581
2426
6831
4709
3237
3505
3572
2511
575
5900
6037
1288
5141
2432
4587
1879
6220
4565
1057
4262
5362
2475
6676
4557
5945
4606
3765
3354
4313
1331
4728
122
3294
2442
3182
531
3318
4400
5995
6294
3494
4460
6263
4877
6313
2448
3426
4804
3210
4084
2814
3766
4450
4850
6413
4394
3348
5880
5767
2455
5705
4535
5406
3686
1880
2458
6975
3822
1393
6704
3281
3559
5253
4073
4351
4047
1642
4378
5755
4109
3485
3451
4898
2360
5864
3026
6243
4459
4778
3891
5577
4715
4414
4452
2832
1962
4241
6198
2775
4935
6553
2678
4244
4542
6993
6650
6007
4503
2823
5748
6046
4789
4081
2482
5039
4833
228
6070
776
4067
3912
4986
4309
2487
3804
3929
3713
3888
6978
3218
6811
4723
3987
4391
2486
6986
2382
3724
5531
4952
1942
2449
6795
6772
5889
4899
2893
2772
4603
4026
5003
2409
4864
2502
6594
3129
960
5938
5451
6794
1670
3372
5131
5896
3988
4691
4301
6570
2575
5524
3025
3156
4724
4925
3655
3511
2112
6796
3353
4418
3702
4554
4027
3776
4368
6270
1308
1614
4763
2520
4520
4211
3807
4755
5647
6158
3552
4824
6467
3367
814
4692
4538
2527
6644
4747
3342
3794
2650
3825
5600
4430
4938
4989
6219
3800
4682
4731
1484
4687
6918
3826
1316
5782
3331
5380
3896
4063
6793
2180
5017
2541
3050
3717
6564
4799
4689
5548
4340
5604
4533
4810
4429
4913
3143
2548
618
4997
3854
4525
4697
4784
4437
4415
1146
3456
4977
4379
6345
4472
4348
4695
4432
3836
6797
3773
879
5087
3982
1796
4795
5075
5416
4684
4532
6208
3720
5946
981
1587
1517
4929
5175
4707
616
1991
5485
2922
1599
4314
6513
2571
3411
4979
6739
4796
3286
6620
4023
5316
5986
3435
2136
3945
4625
3188
6823
5292
5961
5072
3441
3872
6941
2582
5841
4673
3445
3101
3137
3878
4433
3164
4967
4809
898
4933
2959
4735
4456
2590
6137
3981
4574
4539
5053
4366
2284
5016
3134
6884
4281
2967
2268
4329
4620
2598
5902
5134
3110
6792
4807
135
4772
4996
3785
4463
707
5546
2163
3908
1721
5042
4934
2075
4883
4183
6227
5103
4993
5158
4597
2815
5222
5221
5220
5219
5218
5217
5216
5215
424
2616
1095
5228
3801
5043
1108
133
5848
3033
6408
4483
4195
2622
4663
4287
2126
5099
5740
5398
1711
2544
4569
6798
2606
4779
4857
2892
3491
5127
3866
4605
3509
2632
5036
5027
1466
5249
2697
3953
1076
4688
6481
3337
5210
3855
5591
5227
2674
6554
2852
2641
4444
5047
3420
2643
5120
4231
2567
5988
6016
6476
6433
3971
5151
130
756
5119
6972
847
3903
5201
1438
4926
6354
3824
4711
1194
5028
4095
4941
2656
4488
3543
4927
6818
1772
4703
4381
2542
2165
4113
5040
2662
6909
5031
1414
6350
3795
4959
5801
4717
5751
2858
4786
1915
2944
2669
4108
6716
5428
5255
6677
4859
6499
4880
1311
2264
6531
2675
725
2676
1214
5037
3401
376
4870
5247
5560
3829
2794
4022
5204
6432
3577
4879
6881
4218
3664
3677
6541
5319
6791
4811
2374
2688
5231
4841
2538
5303
768
4054
5129
1014
6579
5064
3104
4994
4791
6504
4200
4835
4945
4611
4871
2698
6575
6106
3293
4193
2306
5049
5214
3814
2052
4839
2873
706
6752
5147
3653
1774
4844
2219
4099
3611
3408
4895
4666
6024
4300
3298
6525
2712
3617
5243
1780
6436
2776
2336
3745
2716
5414
4801
4166
3940
5389
4285
3502
5514
5956
2065
4814
1995
6799
5185
4896
6950
5947
931
5288
2726
6903
4215
4572
4080
5046
5069
5051
4579
4855
5359
4371
4289
3478
2733
5716
4922
6887
5343
3901
4555
4949
5766
2951
5235
2320
4923
5102
3434
6112
2015
4544
4326
6981
5435
6692
2744
3191
3772
5464
5463
6455
5461
5460
2748
4652
5125
451
3667
5321
5202
3696
4475
5894
5327
3962
4749
3673
2755
6202
2756
3627
3151
6228
4440
597
6180
5637
5269
4745
2907
4886
5477
6639
5122
3486
3317
5168
712
3319
4567
5565
4843
3557
4133
3943
3349
4710
3585
6721
5191
4330
4548
6339
5471
5029
5349
5312
5462
3701
2901
6635
2777
5829
2150
3705
4699
6956
4943
1784
4279
1388
4868
5273
5279
4491
5257
3216
4974
77
2950
5449
5167
6778
728
3984
580
647
3645
6838
4187
1116
5373
6268
72
3644
2957
6437
2689
2876
2796
1830
2797
6965
1718
5576
6790
2588
2384
5171
4669
5376
3719
4758
2803
2206
4328
6166
2585
3741
5375
4549
3743
5213
6086
5432
5057
4696
3813
571
2811
3749
4655
4638
5225
5078
5331
828
5872
5706
5372
5821
3315
3450
1606
5459
3759
6862
5403
5048
5525
2480
4310
2801
5672
6658
2724
62
5494
4621
6860
2055
5599
4161
5329
3057
5936
5507
5065
5783
5299
3610
4324
6555
6238
6917
420
4921
4962
6301
3326
4524
5503
3608
1725
5982
2839
5550
6430
3031
5396
1894
2842
5759
4739
6841
6800
4305
4268
5272
5573
3416
2847
5450
5438
6755
5224
4387
4341
4210
4478
4563
4970
3612
5393
3632
5533
5972
4983
2757
3964
4571
1336
3276
3811
6991
5407
5621
2860
4946
4292
4350
4765
4875
4295
5054
3819
2497
2865
6258
5123
4624
3106
6369
5506
2307
4738
5073
5567
1251
6152
4212
1406
5025
5645
5644
6248
2768
3685
6000
5683
4741
5348
4634
4793
3986
3869
5484
4987
6297
2881
2305
5424
6039
5011
6942
2313
4426
6540
2230
2672
4374
3970
6389
3833
6873
1239
3769
408
4985
5826
4354
5259
4500
4413
5605
5344
162
5429
2404
3454
5680
6898
5455
5667
1261
2899
2040
2225
4973
5045
5669
4353
3921
5675
4866
6438
1747
5904
315
5434
1142
3770
5733
5732
5032
5789
2169
1575
2129
5305
5499
4854
494
5703
5468
78
810
6864
613
3230
2818
4376
5969
545
5557
5948
5543
5496
2119
4869
5674
5199
1948
3654
6812
5394
4061
4773
4592
5777
4683
6586
4361
2928
6961
5009
3060
1348
5688
5335
2232
5277
259
5384
6678
5113
6858
5719
5378
5161
5614
5771
6789
5237
1444
5585
4058
2940
5401
3613
5444
3923
4335
3679
4529
2602
963
5660
2821
3452
2868
5627
4559
2948
4033
5663
4419
5693
4148
4427
4356
4025
1968
5063
5805
5804
2546
4123
5547
3355
5638
5745
5062
5110
6460
5179
2518
5816
5334
1041
2005
2962
6429
5186
5081
1579
5271
4448
5325
5726
5619
5193
4242
2830
6835
5345
4438
4274
132
5200
4631
4954
6849
4852
6520
5765
4327
5308
6280
5355
5324
1040
4595
5446
1131
6762
1944
4561
5784
5111
4009
5091
6361
5895
3991
5641
4264
6052
5798
2986
6047
4733
2501
2912
4272
3245
3787
4984
5285
5796
6801
4558
1551
4490
5095
4434
6697
5563
5892
5891
4904
145
3997
2998
3555
5899
5229
6878
6397
5756
3477
5967
467
5965
4005
3004
433
5912
4294
3731
5534
4511
6701
5722
5092
4729
5697
3010
4806
6378
2634
3300
4269
5815
6380
4823
6565
5368
6216
5571
3797
5850
2784
2569
5984
3473
5004
5873
4515
3021
6628
2677
4743
2647
609
5699
3890
5711
5827
4937
5665
2889
4907
3261
6068
5251
6041
5628
3338
5823
2591
5549
2953
4165
1494
5651
6207
5059
3048
3729
5870
5949
1190
5387
2035
6516
4053
3040
6101
5914
4867
4474
6439
5843
623
5074
1582
5927
1257
3600
2808
5681
6005
3175
4317
4609
1148
4976
1011
4797
6020
3052
5174
6556
2524
5874
3200
5975
2369
5307
4891
4586
5888
5281
6002
5791
827
6144
5180
3061
6075
4083
6969
5442
4766
4903
5153
5839
1588
5931
5859
6031
5813
3142
5696
6412
3886
3070
3482
5631
5603
3072
4780
3400
5521
5657
2280
4613
5611
6119
5479
6011
3798
3078
4404
5655
5905
5836
6741
5473
4931
5991
5021
5753
4034
4318
6017
3085
3247
5795
5797
6159
4119
3088
3356
5739
5399
4311
5884
5410
5108
5545
3020
6063
6062
3526
5586
6188
2869
5867
6185
4646
5698
5164
4817
5629
4822
5094
5865
5230
6657
6890
4137
2925
3845
5519
6771
3105
3692
5735
4674
4143
2545
4136
5527
5437
5676
5001
1552
4235
5849
3205
6866
4297
1838
6428
2210
6364
4668
4155
5364
6358
6082
5346
5574
3119
5845
3120
5656
4489
6025
4832
5194
6490
5509
5624
3571
5155
3918
5999
6376
5452
6844
1621
5291
5007
4754
3130
6583
3904
4794
6135
4177
4700
5241
6382
4627
3135
6221
4667
3423
5170
6394
3138
6038
6069
5602
5583
5620
4293
6162
6161
4151
5561
2393
6828
2096
6856
4494
5244
1328
4721
3738
3841
6766
6279
4647
5314
4147
5515
6346
3152
5405
4813
4205
5678
6530
6111
4991
3734
6916
4044
5430
5264
4894
6240
4514
3160
1998
6124
5374
3162
6687
4519
81
5274
5418
6802
2916
3166
5844
5741
720
5412
3578
2604
5117
6173
4853
5855
4229
6155
4428
5933
2159
3385
4714
6097
6488
6195
2714
6128
3080
6170
4477
6253
4389
4508
2120
3934
5666
5987
126
3183
710
1992
6643
2645
4186
6908
6323
5538
3695
5157
71
6335
3604
4588
6049
5879
3830
2556
4622
4037
1929
2919
5643
3994
3395
6117
5977
5862
1729
6138
6236
6359
1080
6357
5148
4802
6278
2244
6479
4805
5915
4486
4273
4808
3069
5819
3316
5613
2138
3208
3810
6065
2371
6440
6943
5985
6597
5633
201
3213
4484
6023
6312
5551
548
4790
6404
6218
6984
3463
1359
6094
2906
3220
6187
6245
6708
3417
6679
5101
734
5909
49
4838
5282
6099
6631
6431
3521
4534
5690
6136
6758
6193
3952
5071
3229
5713
2642
5928
267
5539
6711
3235
5983
6224
3498
4856
2646
5616
6777
970
1285
4641
4321
4323
1296
5971
4783
5383
510
5854
4543
3786
6093
6375
6501
6265
389
6459
489
1504
4504
5195
6951
6153
3274
3252
5966
5347
3961
6374
4191
4476
6506
1972
5211
6503
3799
4978
6500
6461
5109
6497
2866
6057
4349
6148
2457
5267
1526
6149
5006
86
5559
4355
6379
6592
4357
6121
6486
6244
5522
5320
5088
5725
6617
5454
6819
6163
1380
4584
5236
5817
3094
5536
6434
5575
5385
5492
5720
5493
5831
5381
4573
6730
6059
6418
2738
3283
4686
5474
3513
910
6425
6402
6349
3028
3202
6370
3278
6194
6081
5700
5883
4915
3950
4093
6787
5921
4338
4889
6140
5439
4471
6299
5275
6331
1661
5653
5513
5609
5818
3932
4685
6095
5508
5137
1501
6495
6566
6373
5807
6563
4278
2002
6104
3493
5598
3007
6478
3309
2574
6019
178
6209
6399
5569
6732
3313
5114
4640
5932
5636
4051
6013
3980
6285
4522
4888
4425
5809
3927
5903
6232
6492
3768
6569
6824
6587
4818
6589
2535
5640
1570
4435
3684
6442
2956
4963
6217
6419
5301
4222
4441
5830
6199
6160
120
5808
4445
5749
4213
6115
3231
3056
4449
5491
6989
6306
2464
6390
4322
4882
4074
6415
4380
2671
5250
3514
205
6614
5981
5018
3112
3346
6304
5858
4399
4725
6060
6469
1701
5686
903
6527
4602
3352
6393
5589
6009
5367
6314
5738
6728
5594
1342
3357
2670
3358
3366
6561
6616
6615
4481
4097
6156
5427
6509
5803
6167
6487
6803
6446
3597
5875
6077
3181
4144
5568
5566
6659
5242
2094
2288
5934
3967
5013
6400
6607
5160
6449
3087
3375
2587
6731
6175
5990
6832
4577
2778
6291
2474
6341
4469
6283
6518
6572
6813
6191
3867
6179
4513
2105
5730
6605
1360
3387
2258
5851
5498
5423
5365
3390
4521
6624
4129
5707
5552
4757
3209
6229
5554
4944
5082
3424
3273
4905
6542
5664
5183
6599
3754
5794
6902
6307
4082
6300
4537
5105
6189
5447
5837
6226
1844
6571
6724
5963
4410
6072
6686
322
6519
4547
1193
4848
6719
6868
6064
3893
3144
6559
4553
6276
5770
5694
1940
6056
6347
6733
3721
6820
5014
5411
6748
6747
6746
4078
6026
4803
6087
6649
4736
5652
6698
5743
4112
3427
5871
5714
6003
3429
3397
6423
2681
6096
4373
3432
6539
6204
3412
5495
4480
1556
6118
1723
5774
6311
2809
5917
6464
6664
4914
5512
5130
5162
4955
3755
5608
118
3330
6465
6788
6700
1104
6127
6749
6033
6269
6329
5487
6623
5458
4701
4461
5240
3500
5893
5607
6122
3965
6435
2597
4607
6957
5107
2304
6091
2383
1885
4716
4753
6151
4230
6670
6422
6699
3462
4617
5590
4263
6689
5973
4173
5093
3466
2773
6646
6181
3468
5156
2376
4465
3098
2208
5192
4216
6761
1680
6935
2851
6532
4939
1300
5456
3476
6165
6203
3573
2033
677
6534
4103
5207
6897
6896
6895
6894
343
6863
4342
6625
786
6753
5937
6022
2171
6143
2423
3488
2929
3489
1470
1828
685
5528
5419
6365
3885
5542
6843
4224
1338
6255
6929
977
6264
5246
6355
5121
2332
6964
