17000
1468
16168
396
5865
11904
15
60
65
852
1779
3338
817
0
16067
4
7
86
15763
2142
15934
3
31
3962
301
804
12845
532
11
1466
12517
288
5333
7780
9973
9
1437
210
143
8842
11382
2606
3187
26
10010
29
1623
15030
2941
136
59
38
3813
1910
13335
43
3257
45
15177
5832
69
196
56
2520
10281
11168
32
61
15005
66
399
7382
47
378
8315
7452
73
1298
151
2040
15114
3786
51
386
76
72
14303
5080
6501
7022
4539
20
12037
1090
183
16646
64
1102
48
15418
79
54
783
10288
173
16014
96
46
381
6450
359
92
77
12
15460
354
13565
9628
16873
57
8769
109
12233
121
9277
104
10663
1636
13605
670
139
39
1501
492
11495
9444
103
13886
13723
940
7589
93
16857
117
181
5724
3923
7026
10521
95
15169
5928
2945
3448
131
14066
135
5238
167
62
8944
722
1275
6
11677
94
12391
11882
2857
1116
15899
7686
107
1880
102
754
142
58
8880
174
119
37
16943
122
373
6864
13702
70
16553
153
10609
10700
10272
170
105
274
10885
10532
188
388
4409
185
100
115
11401
15444
263
200
175
8072
99
1386
16898
1276
12487
189
191
178
12491
152
16189
16160
206
88
222
11434
9763
6818
6841
53
4559
13410
13638
84
116
13636
14501
8640
132
10460
16929
114
219
80
841
209
182
6172
16457
9946
16677
21
12052
229
11651
12534
6817
144
15816
238
10994
11868
10995
16988
15181
259
237
198
15081
120
13399
442
2177
5782
9307
163
267
11052
16490
275
224
13640
212
4740
10996
534
8635
9860
215
22
16419
240
997
1922
15298
1474
7781
251
15507
1718
264
15202
12755
13486
625
16598
11518
1986
296
8352
2559
221
13236
14886
491
293
10992
6128
4375
2548
14449
1012
13581
14110
302
6820
16911
217
8253
1148
13284
242
1541
5412
16611
11132
328
6816
335
74
7909
309
13875
4060
14196
624
225
3380
1993
157
334
2856
285
7606
14041
15810
177
5766
14263
2072
12352
325
15681
204
553
5654
11061
1492
13340
16728
14424
15146
341
2866
14655
16176
9357
2516
8605
42
303
1596
16323
71
12813
13354
1667
128
10998
145
324
1312
10937
3610
16021
16794
4017
13632
366
5040
13069
292
963
7650
9580
2634
14505
6658
1401
165
419
1878
407
7492
4791
374
14198
9658
723
97
8929
129
815
12150
10597
11994
4531
3568
331
323
9489
270
383
68
2195
376
4897
12020
895
7428
438
314
16635
11426
436
1224
14711
297
15165
244
280
413
16877
422
7311
13790
379
2538
12483
16246
10201
336
395
570
367
414
12270
4370
452
7890
16499
353
1017
12970
523
2784
9322
2868
8913
123
472
406
15430
305
7837
372
404
1168
16853
162
16234
6620
2221
118
1175
10308
12510
385
3843
3466
494
424
10767
2408
16338
485
14556
503
4185
15822
16819
501
319
497
11373
13508
1353
213
7823
11028
1849
9902
345
5668
463
7644
262
403
515
3192
389
1356
12762
12068
7903
13644
14200
524
340
9018
1269
3762
282
361
409
218
506
299
496
426
13750
7766
477
9276
337
7114
13630
776
1495
493
16801
2208
449
541
11388
1734
14463
1288
549
14730
455
233
11000
11140
377
459
431
574
509
8818
14145
1688
9867
1800
1697
527
10347
554
3213
557
7079
6478
11661
8382
16747
12364
446
3972
235
16470
567
10
517
588
563
15304
5991
349
12553
581
15229
603
1845
5268
14201
584
7245
938
441
1200
1049
350
16770
28
610
13444
5915
208
559
591
489
6822
10928
15396
14125
1814
529
272
15185
599
511
13572
7051
10216
4721
638
12315
9238
245
4306
16787
12202
300
286
1335
9540
628
5136
7483
619
7581
9586
671
617
3613
6314
602
2412
10988
450
10549
8
307
6240
460
11784
13978
1988
975
1242
655
33
658
8732
11128
339
1367
2016
4617
6248
14013
317
451
2550
13735
2024
9198
679
394
232
669
311
13083
683
14202
3514
575
10118
589
230
687
664
8425
9308
6331
3564
357
4098
665
30
709
202
15506
290
1557
514
362
633
16038
605
11625
6982
548
211
12055
629
15748
428
9222
6036
14764
518
13948
9252
686
4674
2603
512
443
1268
10459
6700
727
510
16515
10784
5257
417
678
689
14509
1586
12406
810
5297
7912
613
13628
3573
344
714
9760
14292
8608
13303
6762
398
918
16290
16760
1809
1728
12827
757
391
8954
1003
547
15286
1992
697
1496
780
479
14858
12774
1597
3116
713
543
16529
360
9933
3752
16657
160
16481
393
15592
201
728
15930
11588
805
435
11482
171
558
4187
8016
13909
1502
11263
194
662
5742
9403
13006
803
483
16421
11770
766
5576
9102
5236
11002
812
15655
16310
969
829
11587
674
12550
792
13363
538
737
519
6219
827
824
5
14737
710
748
7352
736
276
851
4620
6823
342
5337
3828
15377
849
738
236
12399
857
14897
782
850
774
2977
2892
604
12130
859
10760
734
7218
13013
3834
3135
743
14472
6448
11586
1282
6813
474
595
874
14341
1482
15027
717
9025
130
612
401
767
1694
845
880
2633
16830
8689
12338
759
16000
15161
869
886
540
8863
4252
14204
9778
16881
346
11310
246
462
3958
8037
9626
12789
1452
11593
16
10255
12004
905
4558
699
351
444
7518
7783
5902
831
16674
3435
5192
927
729
12479
316
944
269
466
4956
14906
8596
1543
14792
15669
9420
7931
2820
10986
15740
951
5476
877
6970
16849
126
908
530
2087
794
562
8168
651
369
13214
653
8695
9332
9750
590
15107
935
607
13226
13603
863
915
330
958
5974
11422
13648
15850
813
11488
979
866
1710
13813
654
7255
10920
11370
416
15459
921
775
1796
13431
13246
507
522
12316
5102
965
800
15097
840
596
663
746
544
4445
12598
13626
1550
16152
4318
10913
3234
601
5772
10507
976
13901
693
657
1076
12565
956
14205
408
498
1042
13819
781
788
896
1022
843
1031
1013
942
990
974
8668
941
150
1006
13590
929
1011
9400
390
739
1034
1617
961
14875
14244
3641
1192
16731
912
12232
1057
1763
456
565
4844
9261
2262
807
725
11509
91
11961
168
546
9574
16141
161
731
4936
1074
733
9213
5396
955
1048
15386
2376
15828
8096
1119
207
972
476
999
644
873
24
2231
6408
939
8456
1053
179
16281
11326
1083
2942
1091
3426
790
15756
15352
281
15013
907
1124
1133
967
1202
2629
15330
14647
465
7641
16808
566
8136
1024
382
11319
1044
13810
9000
1149
502
15505
1328
8943
10128
11144
5908
1041
5950
1141
9564
10247
630
1007
127
16299
1120
819
6936
14607
15620
14085
1536
1883
1004
15693
6812
719
1127
14206
854
1080
6068
923
1776
15890
11442
893
2030
11115
6924
875
6772
10797
5756
11029
253
796
5008
1035
1099
3711
900
12662
1169
12268
1058
2461
7948
681
1211
1677
598
12547
75
11596
998
1207
16938
1189
5484
2843
4480
711
1616
11709
1009
1047
228
5307
3914
9918
586
1631
703
13309
1094
1226
2800
15593
1084
879
12582
1039
1426
14419
16048
836
1244
3055
239
10145
3402
1183
312
9693
3252
15443
552
1103
7764
12867
11970
1172
9660
1599
1229
1071
16212
1077
16548
637
141
14601
1251
639
1063
6483
10458
11538
256
13403
13200
15310
9908
11476
468
380
1232
646
1064
15337
1368
14513
432
1059
387
4063
618
10300
4134
13650
3032
980
1291
1241
1272
1257
9176
10101
911
1221
453
13291
847
1289
18
16993
3076
661
16780
2151
616
673
1026
9244
791
8853
343
16575
4866
2437
9966
1195
1325
16184
40
1253
1105
4741
13624
672
321
2505
1329
842
15978
11597
668
676
11234
10077
10666
1217
3196
12078
609
1231
2878
1344
5314
14941
4100
585
1010
12824
12246
1199
11652
14775
4230
9496
890
1324
8540
11889
133
16508
11626
1271
8794
1187
108
1040
925
1060
6680
1333
1318
1359
16902
14485
5858
13263
4870
13917
1162
1435
1173
1286
16444
16423
1182
11950
5828
1109
937
3281
2010
13807
9794
5073
883
16603
5470
13101
930
887
4078
12413
13768
1405
12940
1379
87
14694
10230
945
2546
10875
1347
16580
957
2551
839
1969
1361
16217
1302
1082
14324
2127
1101
14753
1427
13897
569
16570
550
15368
7078
1358
304
14371
16336
6929
1346
13695
1165
1280
1393
732
8058
1521
112
16459
1050
14033
981
16536
294
2277
158
14613
985
6825
9722
8953
14598
1462
1430
865
481
1373
928
15778
860
870
266
1025
9274
14208
564
12568
4496
9501
1196
16967
1680
3981
1245
11851
9058
11261
12186
1278
1337
1448
906
7595
5878
4885
1479
1264
8472
3449
1455
9955
13082
1142
10584
2111
3042
16885
694
1511
318
3293
5380
16962
13844
6381
14860
11873
1160
4009
1425
770
13
14636
1441
971
1104
15157
82
1239
615
13825
10936
1535
4834
15206
1454
15723
10196
1247
891
1547
520
1529
8154
1357
892
11861
4918
1255
1532
9972
1558
14333
3204
9412
1493
10176
1228
769
2188
15771
11900
1561
1267
2267
525
16845
12810
1377
6520
537
15798
11155
13718
1443
1222
16643
1394
15504
1556
1313
12220
11006
2854
12267
5060
16321
4048
4019
1073
13776
1375
9547
894
1087
4882
1037
1856
1514
3870
786
871
811
16202
2131
2446
818
11838
1106
1509
989
1350
9011
1594
15142
14716
1520
704
1516
13020
1619
3026
13237
1362
1624
9712
418
9890
12339
1523
4601
1634
12931
959
9862
750
9107
1500
1159
1296
1167
749
1559
13534
832
13652
833
13056
16239
12628
11880
258
3267
9310
9950
4756
516
11552
16972
809
7763
15682
542
14744
1404
966
1054
536
15594
3002
12108
2602
1588
6504
11641
1499
848
186
2369
568
14563
1402
14065
15904
12017
1676
1463
10036
1424
825
15056
1648
1273
12794
1403
6330
16671
572
1703
15002
478
1601
1582
7690
10261
261
1411
773
16061
917
1873
27
15640
327
806
1369
9075
13380
1679
1154
1473
4720
9781
876
1565
9600
16258
11356
13983
1338
798
8500
16265
7488
4257
2870
16585
2632
13673
2512
12100
195
3273
8754
882
4176
1750
7656
5899
1210
1723
1575
7815
14048
16957
368
888
708
1989
1574
14143
14616
2357
5154
12730
677
1191
3492
16565
994
1775
1140
1510
358
16750
106
3727
49
1774
531
1147
834
1431
13934
1656
579
1355
1406
14019
1150
11181
1590
16095
5364
1693
10730
15732
1712
13421
1213
1153
5510
4437
2284
1327
4902
913
4778
12877
8896
1773
1811
10728
1422
7705
1032
13943
1225
13414
16222
1761
1460
15050
16624
11007
14546
7453
5518
924
1233
508
14280
1610
7854
14210
1449
1488
685
14929
3582
1828
1052
10221
16734
10387
16098
1219
487
16924
623
1832
2638
15785
6702
10173
1072
11791
265
1768
626
8443
1613
10732
1130
1185
277
2713
4772
15913
853
12521
2160
946
13704
3801
2202
1459
756
1709
15656
4407
1770
13601
8116
13182
50
4101
5392
12959
636
1895
10836
1829
13278
15458
1701
1632
1158
1663
470
14915
640
2913
12514
1256
2292
7577
1442
1736
947
1889
1315
1606
10726
2953
13388
9840
1322
904
1659
970
214
10185
1673
1111
1238
8421
5366
16915
3106
1695
306
1487
15344
1303
1647
1803
10392
16089
1950
1307
11460
15062
1178
982
864
1607
978
1419
4840
1478
1902
13828
1753
987
2976
11178
768
1934
1896
1727
1321
1831
5704
2107
176
13100
499
13921
1423
826
5556
996
1658
1277
10432
1220
8392
3329
1911
11187
15248
16101
1429
13215
1759
9273
573
15993
1061
13466
5688
1948
1844
13350
5362
16616
1904
16654
10350
13563
371
11333
464
12741
1290
1973
648
1959
744
867
1161
14265
10734
8978
1826
1977
9146
1954
156
1589
4872
1605
2039
1580
5248
1407
1365
9579
6010
1899
12112
16472
15834
8802
11070
872
11148
13893
1916
1030
295
1999
13864
1822
1949
16977
7608
2044
2012
3725
13686
15243
1742
4465
1766
1784
1385
13654
11162
1387
649
899
1389
1371
10042
1043
1522
16163
16492
1045
597
16171
9874
3521
1397
1163
11312
2029
1609
1470
724
14658
7394
1943
1812
12201
2076
1687
14762
1416
1118
2027
13962
12757
844
15087
10866
14000
6112
1867
535
1475
2114
1062
2099
14056
11526
2063
13620
11577
3496
2023
10550
2007
2070
1068
9160
4609
9826
5367
17
7001
1947
16197
9072
12061
1816
16815
2112
9676
6236
2144
3672
2001
4260
1689
16086
954
977
15670
2059
10900
1731
1595
14986
1089
1445
8299
889
10066
2075
16826
2126
1716
13492
1088
475
2139
560
13227
1412
2113
6252
11923
2902
1093
1121
16251
5850
15253
12096
1096
11248
1097
2157
15131
14592
2149
2169
1193
1131
2921
1469
14040
10160
16272
9358
2196
7786
1086
1767
5583
9114
14968
2192
3147
5258
12964
6466
1110
4092
1791
16104
1400
1069
16952
2189
12319
2133
16632
1967
15065
1841
9165
14468
4951
1887
1114
12660
11830
988
14553
13524
1122
1604
1743
3458
7539
434
12593
6556
1491
2135
2183
2182
9995
614
1645
3050
2185
2716
14212
1434
1132
1715
1259
1579
16889
2578
2249
1568
2036
13036
3353
8922
1143
14006
13801
1274
16130
760
1818
11952
1650
149
13472
1852
12139
2207
8533
5760
15895
2424
12616
14246
1531
4000
16590
1002
2391
3956
2071
1835
10241
3772
7597
9842
8079
248
6365
1681
2227
5264
1929
1985
16763
1545
2174
3128
4387
1649
14862
7014
14823
14666
13285
15442
14459
2303
10980
10382
682
2121
1678
1792
1635
1865
2315
10078
16841
15316
1639
1875
2294
3148
16560
2946
15955
2178
6165
1706
2089
2153
2293
6716
16035
4240
15044
1573
1180
3632
13570
7444
2255
2886
7077
14108
12949
1263
1866
960
1186
2298
2105
3780
4931
1508
14829
14
1917
2053
15982
4054
9523
1735
1591
10722
14679
14440
1810
897
16446
7974
14821
2124
2317
333
2364
14142
3227
1970
1593
15866
2119
2164
2120
802
16011
8912
2355
631
4823
10456
2365
1592
2213
7552
16773
2620
11455
920
2407
11470
1212
808
11692
1821
12910
2056
14953
5578
11931
16144
2351
916
10343
2417
10569
172
16083
1137
16501
10794
12265
545
10557
326
16334
1538
2220
1352
2414
881
1227
2057
16483
6596
10153
320
1230
2429
2239
1262
1287
2247
1583
822
16227
5420
2212
454
16933
2399
7057
1754
1651
6102
1549
1598
12585
11720
2453
2241
15947
4632
1395
1702
2209
8860
2313
5448
12891
14084
2079
3028
13457
1503
11364
365
16018
6298
1171
1733
1249
2242
2501
14788
15959
642
5233
4742
1675
5748
2343
838
15502
861
2483
52
11603
1879
2403
7004
10423
2165
2290
9100
16107
1530
4921
1936
1661
2489
4497
1179
2493
226
2609
4396
2438
457
6757
13656
2478
11508
2155
10958
2504
15876
718
2545
2544
12764
2474
1994
1564
1028
1279
3980
1707
2096
1281
2051
10095
1886
2353
16668
13099
3768
2533
2324
2375
1618
3581
1001
1177
12400
9694
2046
16543
14430
5041
11204
7371
795
1940
10738
7239
16998
9517
4102
2021
1600
2287
2571
7887
15376
16045
16288
13618
10850
13045
1562
13475
868
1955
9002
11397
2253
15596
2210
3327
15622
726
2197
2481
2348
15694
2396
11031
1453
2152
2572
2322
14936
2402
12172
14639
2312
2443
627
1316
3946
14833
5052
2302
8666
2579
15258
2370
9526
1982
6424
11887
7980
15641
1765
6859
1713
8745
4588
1905
12160
1825
14342
2372
13878
2459
1983
1330
2362
12025
6604
16982
1777
14817
2810
12649
9042
12717
2573
2482
6494
9012
2508
16155
36
2344
2223
2630
9978
14973
2624
9243
12906
2663
329
16179
1862
15861
15110
8848
8274
2567
885
8827
14622
3229
1871
1987
6126
4033
2136
2669
1236
1444
2582
14589
1744
1807
2123
16906
5656
14305
9032
13675
2497
15749
793
1620
1166
2540
2224
9095
2462
16461
1764
16737
1919
1962
14532
15792
6144
2640
2519
1332
10510
2346
1515
14095
11628
2085
1314
778
15416
15385
9312
2639
16608
922
1078
2413
2397
2649
13336
2552
2201
5209
2705
15041
2968
1381
2556
2593
1726
15197
6852
15274
1699
10006
2584
11807
3832
1308
2378
1388
1587
16004
745
15943
2766
2667
556
6491
8268
2719
1261
2709
983
11996
1070
2695
9784
2562
6828
1398
8580
2449
2190
2325
2678
2715
3490
5055
2405
14397
16080
11979
705
2621
12992
16797
4140
8750
2289
10870
10046
12574
702
15963
1008
4797
5844
14350
991
15297
2018
16297
1638
15457
10696
1525
6148
2799
1893
11487
2549
2837
2836
2835
2834
1421
2419
12935
608
7357
15922
2699
2700
2811
12732
11407
1270
12420
7050
1428
952
2694
1354
1197
2855
1972
9622
2611
34
5097
370
16319
1570
10102
2821
11101
5194
2610
2274
1438
13952
2591
257
14012
2275
13798
12244
10543
2103
16790
1797
16947
2697
6637
789
10067
2676
2171
16192
9573
2675
13454
2327
14391
4862
2881
2684
11328
2735
1563
3590
1939
1490
15817
1941
1507
2384
6261
12366
2664
16110
10689
12426
1584
1960
11090
2876
14521
2423
2744
1533
2787
1190
706
837
7743
1760
12673
2760
2824
4406
2899
2923
12818
482
2657
16524
1472
2273
10978
2714
15811
1546
4705
696
1847
6034
1135
2743
1971
8166
3209
2717
8680
13202
6793
799
14215
2598
2925
2148
2435
1081
2456
3456
15657
2134
2747
2518
13298
15210
1633
2118
2565
1216
15881
6934
1526
7970
2323
730
15219
2806
15501
1859
2238
2528
15233
255
12601
13396
12781
993
2382
1098
14325
11804
12001
1642
8621
2654
7659
13326
2936
2692
16517
1964
2145
13742
2011
2880
6149
8406
2898
44
2990
3004
12860
193
968
6078
13519
2597
14141
9250
2959
13304
6585
1585
2944
2687
5269
2115
3723
909
14948
6274
13216
1608
2793
81
2974
12922
10621
9170
2553
11550
16025
2999
2991
2802
2897
3014
16703
1020
2297
7044
6555
2775
14837
15138
2642
14890
5113
2367
2928
2557
16753
830
15303
2230
16700
1156
2851
2319
10786
2467
2094
2645
15597
184
2883
3450
2318
2916
4191
4874
9133
721
13747
9822
2479
2998
10167
962
2521
13264
2568
461
14721
777
16279
1036
1927
632
14425
3009
14813
2930
15351
1410
2495
4068
16706
2081
3095
13616
16555
3073
3104
1476
3019
2726
2725
5610
14403
2754
1567
1843
9486
1311
14294
8290
3065
4058
3517
6444
11232
3366
16893
2191
2842
2701
11573
2129
2240
14864
2366
3145
2577
4368
16804
3134
2045
2617
11841
6214
13098
1780
13773
2138
2852
3041
1915
7760
1467
1306
16697
2972
14122
16640
8604
1363
2106
2243
9718
2859
2825
15090
2523
2125
3160
1343
2963
720
15757
10330
11353
5678
9591
3886
4109
14560
2331
85
2627
1364
11663
13080
5713
8876
10114
8718
9112
3742
1933
6704
2767
1998
2590
15856
3212
5896
15823
2321
14216
8514
2537
2583
2236
2341
15939
1351
16837
1951
1802
1019
2635
2872
10191
2337
14334
429
2721
3058
13938
12074
2637
5232
6653
2463
8704
1840
2980
5106
1626
2904
13737
7788
1628
187
16709
5932
3198
3036
5457
14064
3443
2969
10441
6150
14674
1965
3219
2181
310
2619
3170
2696
15367
2933
5529
7228
1640
2988
3029
9664
15967
8882
10957
1494
2470
2193
3249
2276
13977
15724
4517
6412
2283
2492
4309
124
2285
521
2831
6254
9418
4468
11437
1392
16531
1653
3295
1146
16651
3236
1657
1925
9135
2409
15149
3846
13141
14586
1566
8734
4007
10278
9313
16232
1979
8100
9212
3126
12658
919
15805
425
3731
1112
6829
11730
2770
3090
3335
2006
12393
3140
2510
2422
16694
9846
3885
4478
2194
12414
11012
2130
2335
14450
10377
3802
11833
11032
3319
9936
8727
67
13688
2893
3124
2047
13713
3888
15671
3149
2887
2000
2814
2172
2915
12492
16783
2686
3275
13144
1692
2332
6777
13228
2259
1382
16113
3278
2490
2803
12385
2729
3120
4450
3263
4910
4611
995
3081
3008
15441
445
3299
6366
14107
2812
1705
13292
15705
6888
14385
2804
1708
16448
4549
14032
14978
4452
4021
3016
6283
8520
2938
5358
2066
291
3158
11896
15336
7894
1717
3256
3131
2895
3407
3403
2755
1698
15285
3179
3203
3063
9792
2098
11629
63
11572
3232
2354
2763
3176
2823
14570
6070
2940
3146
3117
3194
4361
2309
8598
3258
3365
332
14999
3080
3359
2334
16987
5404
16712
16332
8607
10742
15909
5250
2937
2450
8337
3279
2987
950
7673
3268
1974
2756
3328
3498
14217
12484
13066
13146
16665
13752
12129
2333
2677
3276
8812
3394
1752
2599
3083
2430
3197
7968
2844
3362
10005
234
2058
16510
2903
3271
11169
2514
9493
3509
2336
3814
14760
3294
3233
6468
3469
3047
1517
8006
7351
2554
3093
2457
3476
7622
2359
10302
14047
1746
10846
16474
5347
3155
2975
3383
12432
3215
3107
3467
2983
2764
3504
1283
2371
3013
3011
2373
3201
3112
3431
505
1782
14248
3121
15986
8899
279
15642
3057
15598
16822
10321
1433
1788
3377
3400
12200
6151
1258
13310
1194
12322
7432
3021
6382
5519
1980
11196
1214
11643
2156
2043
3537
1450
2256
5469
3323
16691
11116
2702
3089
14991
2068
3559
3207
6979
11096
15997
1819
1806
10764
7237
164
8907
2711
15074
2753
10551
13586
11986
5986
10157
3522
11400
2100
3266
13660
7301
2311
2867
10454
3283
1621
15900
3369
12006
2647
8467
9928
15733
3635
3098
1996
13321
3607
3138
6880
2655
9090
3410
3459
13706
15886
3478
6140
11965
3137
11607
2441
3547
13418
12243
1157
3631
2445
2935
1611
3569
16740
14771
14140
14841
2762
2451
2257
3495
3671
12022
2137
2534
4200
5711
684
13185
11778
3626
1418
1021
5316
1846
3304
12496
2389
1848
6198
15309
1117
1850
2488
3399
3639
3487
3530
7021
5640
16919
5440
9181
1234
3159
11854
2733
1946
13720
2425
4249
2776
14316
3766
2960
15394
13947
1833
13677
3163
2592
3717
1668
2398
3557
1861
2439
11282
15715
11278
14809
3437
1870
12042
3491
6174
1872
14358
12192
1725
7759
3673
3349
8950
13435
1748
3231
9066
15456
3254
2739
2625
16942
1206
1480
3648
1882
3284
3687
2650
16715
166
2575
1537
9751
3167
14218
3721
1551
2175
9901
5202
16055
3743
5641
7484
1892
7392
9550
2525
11859
2229
8656
15772
2251
16074
2919
16306
14055
6190
3189
2352
9898
1737
9258
3043
3541
2248
5397
2636
3609
1817
11381
3689
15201
13732
6205
2055
14642
3533
3246
943
13203
1415
3791
10564
14083
15176
3497
2734
15935
3053
2873
2280
3620
12448
3265
9348
2651
1903
10905
2906
1756
1863
1921
10874
1107
15228
3015
3317
11284
1471
2905
2077
15035
12588
3223
11378
16147
12048
3473
10146
1930
13346
3779
3091
13781
3157
7573
3815
3783
1360
2261
2581
1830
9732
3761
9532
16187
3424
15829
1704
2587
3796
2912
10644
1860
14502
13597
13150
2589
2765
1945
3833
15103
5824
2434
12898
2967
3483
3444
8800
15971
6586
3391
3869
3868
1336
1953
4782
12039
2472
2607
7710
14917
1304
3764
2476
1646
439
12974
1643
16621
3900
13837
3589
16811
3684
1963
14018
5139
2745
16688
3818
3737
16928
14661
2102
10408
2924
16494
8312
3445
1129
1374
8224
8821
526
3925
16116
9059
3220
1975
12218
10677
1581
1853
3308
12511
11822
13044
10336
3940
12342
3455
4154
13867
3502
3375
3806
15499
13248
11305
7542
10391
3899
3848
1864
8523
4050
13561
10096
1990
10512
1504
2564
15851
3707
3608
9620
12759
3683
15180
2922
4675
3824
7137
2282
3216
4012
3959
15168
12525
4156
12873
14494
3371
7298
8385
3967
2004
2673
2005
2014
7287
2228
14525
3501
2008
9598
2009
1997
16463
14628
3017
2772
3596
15018
3897
2970
16263
3218
3583
16042
2631
12838
15120
2363
14583
11286
948
3142
3740
16166
16600
11274
14843
10956
3078
14306
14121
3945
4031
4030
8643
3754
3947
15658
2028
2693
10641
216
3132
3654
13448
4029
3812
3037
3841
3442
16431
4024
16032
3822
9787
3259
9326
8380
2038
3570
16864
4027
3948
3184
14550
13054
15415
3282
12721
4278
3909
3625
1857
7332
15127
15624
15918
500
2048
5682
16629
5856
12367
4280
14506
9150
15427
3995
3255
16868
9139
10650
14901
1370
2674
3291
5605
3226
14807
4392
2316
3691
3892
3657
16550
9546
8841
4125
7921
4123
4122
4121
4120
4652
11535
3700
3101
1924
12835
13568
4089
8536
16718
2595
4597
13514
16485
3508
3025
3767
2064
16256
3550
6090
3932
4696
1956
1984
14931
411
3119
2773
16897
2827
3122
1966
2078
2777
16317
16910
3474
1958
2956
3851
2086
11630
4148
1747
3045
3979
2838
2002
8587
3007
2614
9004
2092
16860
2093
8562
3085
4043
2911
7742
2795
3166
1690
2797
14473
3006
10194
3416
3970
3665
9225
3463
3162
3324
3546
3842
3054
6922
3860
765
3876
3186
4147
4041
6075
227
14249
3617
9607
15786
3425
12844
11387
12036
4055
4083
3503
1319
3702
3314
1820
14784
3963
7528
3392
3185
4087
2049
11515
11956
3735
3944
3750
2894
4103
3471
7379
4107
13662
469
4199
3656
8582
7806
16833
12500
4256
154
3773
4253
3034
7864
4250
11220
4047
1789
16174
1246
4202
2101
16872
3419
3206
10430
14455
4216
13484
13908
2140
180
4139
3427
1926
3971
4115
397
4081
2
15765
3077
2090
11864
16776
2268
3401
4860
4259
4258
4225
1323
16613
10714
3423
13982
4040
2517
15279
2847
11272
3787
3838
2511
3817
3175
12261
15268
3239
3370
3872
3695
3195
15184
3604
13612
14536
4106
14139
2652
8940
5778
2560
4174
3799
1913
7075
2110
16685
3368
15375
4241
3661
8664
4151
4283
2173
4211
14379
14692
15093
3647
3420
15684
3629
16270
2350
3601
4265
1868
3363
4074
3343
2594
8862
7758
4276
2807
11909
8746
11752
12832
8911
4099
14220
2491
4178
2950
4339
3103
13532
10080
4287
3949
12165
4305
2291
6388
3511
10202
5265
3746
4232
12804
3139
2496
3664
8316
15384
7056
9907
11756
8121
3069
3499
2570
16158
3470
10069
3805
4231
3804
16071
4026
3986
2211
16237
3436
10974
7370
13912
1223
3975
8554
4016
10638
5005
4239
16856
11410
2215
4091
16756
4326
2217
3551
10287
3835
11064
1615
3677
3439
8013
11974
2222
347
4217
9666
3518
11372
4379
2444
16503
7144
13537
9818
15145
3821
16286
3200
4267
14106
4451
13554
2232
4295
7173
9488
13999
2432
2235
4382
15498
7064
3553
1627
9335
223
16450
4422
3153
12958
7433
2989
1391
12656
3875
611
4273
2993
16992
15440
4172
4065
15113
1498
1901
9398
4399
2596
14687
11548
3578
16662
15643
2966
2875
3114
3915
3755
16210
3826
13011
4304
14892
2237
12847
4708
4114
6892
2260
8048
4263
1630
16295
1075
1152
582
3489
13498
2265
3587
2266
2219
4466
606
4296
4004
16330
4301
3748
3716
15032
7324
10368
2858
3031
2952
2849
3320
4389
4175
14881
5764
14005
3936
2278
8152
2279
4059
2025
1683
4138
4814
6367
3052
2981
1827
15891
652
3301
4034
2616
16876
15600
3183
10888
2128
7169
3938
15931
578
3224
764
2109
4487
4277
2618
16215
1855
16721
3061
1932
3926
15672
2954
8255
13900
2509
12476
5427
1067
12953
4469
2785
2167
4143
4189
13229
4443
3374
3152
11215
2768
4038
4454
2308
7010
4377
11748
1342
7662
4586
13316
3507
2020
10526
1542
9079
3367
2929
828
11795
4428
5481
10052
14268
5356
3704
8460
3937
2271
4088
11290
3736
4264
3485
690
10339
1014
1724
4119
2326
13004
3782
10120
8795
1552
6805
571
10687
3600
16577
7716
2269
4289
3775
1719
15975
3113
3357
9200
3395
5904
3646
11316
2338
363
9141
3774
2019
3344
3895
11390
16648
2506
3484
2604
3751
4224
12796
16572
16743
13204
4335
1524
4073
1877
4417
16390
4357
1218
4383
10746
11610
2272
13257
3005
4666
4665
10865
3513
15750
13690
4025
4398
16388
2558
16392
6050
12963
2187
3542
4049
4623
11480
3545
4057
4685
4481
4367
3701
4207
2840
4661
3866
4415
9688
12829
430
2641
12438
1894
12554
3728
1935
3560
1016
4624
1439
4223
2250
4168
7522
4523
1266
4236
3432
4691
4616
8115
13916
3679
12138
12343
4322
3575
298
4598
16386
4503
89
2727
16394
4576
4164
3243
6312
6409
12560
3984
1928
3759
15742
3660
2862
2052
600
13679
3453
2395
11156
4198
4094
2789
4184
2117
16008
4629
4196
14557
4364
4338
4649
3941
4760
801
16852
4346
11350
3987
10842
11403
4942
8197
348
7723
3238
3614
4298
8415
1539
10360
3784
16682
308
13993
8526
4759
10816
11568
4535
14733
1243
4432
2198
16637
4713
4828
1722
2531
4117
16937
1614
11943
15160
4271
3356
15625
4311
3718
4127
9535
16582
12985
3191
11107
14726
16384
1755
4419
8566
4711
8404
16396
984
2433
1622
12099
635
4349
680
3351
1237
2885
3643
12745
4181
4391
3421
2440
13942
4439
16966
15835
4162
4731
14702
14769
1123
4297
5286
3653
4509
4195
13156
16220
4541
4871
10180
4388
1745
5585
11034
15990
4444
4829
3605
3839
4268
3990
4642
4458
2948
2962
2830
14847
2296
10224
2792
1898
3056
11016
13664
13351
3789
13961
4769
4657
771
2465
14682
16052
4857
3515
5926
2741
3591
3989
4394
16567
12850
4737
4686
13187
13078
4631
14868
13966
3680
2475
7272
11907
12184
8613
763
16961
4787
13933
8720
2480
9436
3211
4633
12111
701
4907
3861
11680
4342
4745
15706
1527
4619
11716
4502
3405
6626
13584
5230
3393
4492
3864
16382
10635
25
15497
4405
4579
5738
4159
16398
14283
4472
2718
14138
3331
5946
11369
384
2500
3141
4725
4003
14803
1548
3306
400
4334
3523
16880
11230
12631
7964
5003
1136
9005
4540
4919
14960
16971
3389
15080
7038
4307
4552
15205
192
4534
4072
10893
12148
3355
5346
3776
13432
13095
903
4959
356
15725
4584
4655
4243
16200
355
4416
1682
2406
16022
9193
9462
4331
8334
2347
3855
14965
4508
10484
8190
13381
4940
5373
2679
2746
4771
4500
6470
12504
3136
16476
13018
11268
7884
4987
2254
14938
3181
4262
858
4993
645
8852
12948
14011
1674
6097
16182
14514
4424
15601
1781
10183
1018
2986
3397
7891
146
10485
1729
4470
1700
4639
12604
5091
779
14645
4479
5087
11072
16818
1738
15350
5866
3129
16068
5025
4071
16724
3413
4333
2615
9460
4717
11687
3417
2563
7850
4274
10552
16277
4610
2393
4904
2442
364
2817
2543
3274
3792
4284
4052
2218
10174
16380
4076
4348
5212
15659
10810
15793
1436
4510
1655
16400
5075
12532
4594
5111
6202
10486
5196
14782
4776
4643
12736
15242
14082
13299
134
8505
488
2586
4654
3330
4245
6435
2917
3699
4709
3217
8932
15252
4269
14317
4939
4905
5064
10479
4929
10796
1730
9597
1869
3168
2658
4858
3465
11112
742
5167
3382
16793
6718
9583
4714
5109
231
2736
2601
6693
6056
1540
6634
14436
9618
7731
3676
3624
1625
15905
3688
13522
4234
4421
11998
3920
4647
11869
13778
13377
14398
4573
9466
4963
577
4697
12826
8189
16956
2507
4799
5105
5214
16605
2914
4386
1555
4724
8200
8962
4425
14955
13034
14392
4983
5723
1447
4974
13762
15015
2530
11993
1834
16587
15758
2421
3352
2184
4712
2737
249
4825
4219
12241
1758
4135
2662
5159
6832
13971
3710
4316
4972
15393
3494
3747
4664
14529
3070
2304
8620
2345
9714
5893
5071
9696
5646
4133
5243
12415
12368
13920
11764
13853
4784
3811
2710
16519
16800
16901
5151
13053
16122
4943
4498
10607
4727
5186
14046
3663
2874
16848
5279
5278
5277
4735
4826
16304
4475
2665
1907
15426
8550
4581
3230
2668
1976
5019
4602
16545
16378
4607
13158
5931
2204
3151
23
12259
9992
16465
5132
5017
16402
5303
113
4793
2132
4719
6186
13332
495
5261
16150
16526
1671
2683
16976
13389
3462
15296
2381
4947
5324
5327
4673
4886
7200
13789
1505
14031
3571
2691
5180
3086
205
4489
2487
16679
3593
4577
1670
14307
7074
15716
1798
14431
4867
5231
2454
4080
8142
4438
2084
3603
2448
6845
5197
4729
16562
5339
278
3250
5273
9172
8948
11163
3733
16829
2428
5308
4146
3615
7434
4423
5062
2300
4757
14719
2612
4463
4008
3983
15414
16225
2390
9755
4920
10294
11210
3309
111
10748
8134
12883
4980
5081
1938
15644
5335
5156
3894
4925
8188
3339
4946
3199
2368
5319
2724
2730
4855
2731
8054
5045
4385
8201
13708
13249
1612
2394
4699
15106
3555
4328
6598
5426
3558
15734
5305
9241
2703
5376
4854
15927
14460
9468
11792
4879
5281
11612
4343
4345
15914
12997
10788
2748
5435
14469
3433
16315
10356
2751
4403
5227
3156
4895
2682
5306
1836
15496
1740
8760
11506
14801
16786
2758
884
10849
4640
15156
11182
12696
11828
12472
12522
14105
1842
15696
2455
10476
3520
3360
12694
4843
4752
11782
5451
2781
9976
4362
10342
4850
4435
5486
3572
15273
5424
16039
6268
15872
4732
9108
15812
14296
647
11711
2288
5004
15302
14482
6346
11645
5255
4300
5414
5531
15328
5012
12876
5522
12698
13815
5099
16376
16452
14707
2388
5564
9790
15335
5035
2791
16884
4441
4242
4707
4806
16659
1691
4352
4084
13547
2794
13188
5142
10407
3562
4404
4150
3706
5342
4847
4969
16923
6136
10773
5131
15004
3111
6617
15096
4811
15626
5449
13818
16435
5378
6349
5235
4693
5512
4312
10954
5480
4832
5487
8920
16769
3753
4095
6752
4979
5046
3602
4376
3526
16328
15454
2263
3599
5588
14677
13812
4255
1513
4235
3765
13666
1923
7033
2580
4622
1884
4970
2264
16195
4896
2829
5475
4578
2426
9852
5554
3333
3777
5615
338
5249
4483
5074
4700
9267
7904
14137
3261
6791
11632
5675
4315
12700
695
5671
3749
9343
2067
16512
4336
13094
2653
3193
4163
9207
5158
4515
5633
7603
14386
12909
155
6383
901
14373
3422
15685
4536
14988
5653
14359
2017
667
6046
3023
5566
4286
13892
5177
4901
16997
11988
14446
15896
13240
8764
16727
1908
6021
5910
4583
7378
8906
5020
16951
4809
5496
16242
5133
5222
5124
5013
3898
2964
12725
4530
10825
5535
3831
2080
10559
4373
5079
1205
5627
14634
9256
14950
10611
13280
16914
1885
5066
4067
15141
7944
4804
10710
12917
4486
8674
5372
5660
2258
14577
5571
4863
1851
1906
3713
4045
1015
12433
6368
5301
5709
7643
3857
15862
4961
5353
1339
5492
16746
15877
12754
5725
3161
14903
3865
5683
1544
14883
5341
5591
6588
3830
8756
6477
2850
4564
10692
5266
583
13951
4651
5088
3298
4197
5642
4839
1837
2994
4493
13273
16496
3883
5459
15673
7792
14119
11188
3887
3512
3092
2349
5178
5673
16807
159
5579
6552
2815
3903
4193
16374
4186
5393
13393
13160
5687
12702
4663
5037
2926
4869
16533
1366
5352
14518
5575
16406
4208
4960
5130
5795
2932
3068
5618
2420
16759
2469
5504
4194
9048
5624
5649
10282
5141
3738
5799
9006
15806
5360
10002
11432
5849
3364
13501
5498
12258
12060
11665
13722
3640
3060
2947
16592
5441
5692
2949
3933
2026
4762
16065
6058
4548
5369
9490
110
5712
11176
14870
5525
4171
3758
2957
2387
5379
4538
5859
2485
5888
3580
13976
5885
16981
8300
12688
846
9689
3953
5147
12788
5408
4183
5839
3957
8451
3724
9589
4112
14975
5093
8353
15824
14038
6306
4460
3694
14919
4868
5495
2623
4188
4763
5011
4411
6351
14926
4056
3973
3251
4627
5608
5629
14851
5771
9385
2832
13749
5117
3311
2742
5149
16844
5228
3018
5861
5464
8529
13870
9015
5176
2732
9454
7203
3237
8548
5776
13559
5044
11428
8186
5912
7962
13490
4887
11355
4136
5679
1991
5148
4668
3859
14894
5312
1085
5256
4005
10254
10390
5434
3205
15773
4574
5695
6005
5309
4166
11309
5736
10071
11546
5873
6402
14547
5288
4520
11656
8859
4180
16676
4877
5892
12890
11130
4086
3974
5560
4529
5717
4292
8778
9328
13924
16626
11700
5508
2786
4683
1252
8413
4288
5990
4141
11565
4695
5401
934
15780
5994
15383
5538
4547
14284
14608
2622
5919
2022
14799
9538
10473
5794
11436
5685
4153
16618
13863
2095
16169
4053
3040
4516
5921
9034
14225
4728
5883
10110
5879
268
4177
4738
4427
15374
6047
5962
5039
15342
16557
1654
5696
2411
12665
12240
11235
14540
5107
4783
15284
5625
5729
1805
13692
4891
5813
4077
5413
4818
10924
2301
15308
5384
16125
1897
12091
5332
9605
13806
5539
2158
5935
4807
5551
6119
16932
14780
5026
8226
13517
2884
2498
1931
5555
8104
6012
4780
5958
2515
16372
2801
2295
551
15603
4739
5354
5998
15123
4105
4927
5163
5924
2542
5300
5602
12327
4528
16408
5517
16049
5565
3210
1408
5732
2246
11852
4842
3373
12686
4325
10248
4229
5750
2050
5282
5833
4254
5823
12856
3094
2299
15232
3115
11947
8790
3097
5737
5468
2782
3099
5537
14611
6398
16230
3722
3719
4137
5032
4434
6134
5406
15026
6060
4214
14344
6077
6352
9101
4145
13369
3171
16161
4556
5056
5548
4949
2643
4670
10168
4512
8086
3535
4585
4155
4170
4676
1711
3118
3302
15841
437
5096
5532
3567
4118
11191
284
6191
2082
16779
14252
6042
15660
9203
7350
1978
3452
16293
5689
13189
4173
10143
3823
5219
6224
15857
10750
6221
6220
14599
2965
11057
5473
5070
2939
15882
4097
3649
6071
12973
5138
3935
486
3297
5419
5387
2329
6741
5262
12809
4400
5596
3595
16888
7284
10472
5817
5321
3916
13734
5995
5403
3760
5318
5722
5254
190
5680
2698
11019
4911
4733
1518
5862
2104
8185
5628
15952
5509
12449
6026
6269
2788
6267
5059
11903
8286
6162
15218
9969
4440
15196
5490
5783
8204
4751
9768
5960
10450
7537
4433
16261
6230
9833
3703
4955
3270
5411
1317
13937
8356
5715
6076
5945
16284
13093
4726
6115
2170
12529
3905
9293
9868
4213
15956
13287
14136
4412
12706
5389
2015
14092
4796
7055
5874
4781
5744
4251
1995
5103
2961
10413
9266
4329
6107
12387
5140
5691
13582
15627
5809
6175
4848
12747
15994
4755
10932
5676
11142
8925
2997
9771
2377
15645
6067
5718
352
5603
13162
16730
6285
6299
12008
12738
5542
5981
6326
8521
4864
12345
8502
14747
15948
2943
3854
6209
13668
6461
4285
13827
2418
6271
5694
14270
6514
4764
16946
9067
15130
14614
1497
10395
6896
15766
3033
16437
14410
6265
14478
10494
4570
5399
7120
5545
5129
5761
6510
11633
6037
4743
3074
1900
660
14226
8854
5842
1838
5543
2216
5175
4698
4915
14912
5745
5179
4856
3621
5763
169
7569
3968
2360
13206
5443
5187
9295
5494
14756
6180
12684
16370
3245
4374
11463
3896
5815
5168
5714
6297
16505
6106
3681
7480
4995
14554
2199
4337
4880
12572
6359
16410
6104
3165
13467
13464
10158
6396
6395
5493
13606
10082
6178
1301
14081
1804
6073
12170
6399
4747
16177
6320
6301
6485
11223
3969
4934
3934
3488
11126
6319
5775
16268
6708
6183
6432
6723
14712
12485
9616
3929
3690
6341
4542
4544
11086
14853
15800
6356
11440
12901
13266
14380
5417
15960
5251
6431
5969
11485
7826
6509
2841
15425
6568
14352
16634
13888
6564
8291
6562
11706
6560
15787
4270
6499
3950
13573
6328
6038
5561
16254
6473
11218
15012
11347
11874
15453
1215
16905
3108
9829
4591
11363
5116
8752
14104
5573
6566
14336
4988
5739
5224
4958
4281
5007
5291
4456
4580
2805
1506
5751
2206
13767
4430
10708
3549
3312
2790
11160
4190
6590
6286
14421
13470
3316
16478
13461
3807
3318
5355
10345
4808
5165
9318
3182
10428
12793
6347
4985
6321
2882
5948
6490
6489
3326
2661
4484
5388
13552
138
6521
3438
15983
4903
6579
3999
6253
10260
16610
6155
5846
8036
6357
752
3336
11458
4859
755
9247
2234
15944
2226
3340
3976
5385
10768
4418
6456
6925
10016
7219
4592
6213
16986
2605
9774
11332
15438
5708
12468
15604
125
12183
1341
4873
1285
6226
2091
6455
5834
16454
6004
5033
6575
13042
6425
4671
561
16825
4941
6648
4981
13946
6632
3272
6374
15055
4447
8872
4485
12328
5963
6671
6760
5891
10516
6188
1888
14118
2931
6249
5563
5807
13076
3902
5889
4909
3286
16597
6044
9219
14308
16673
16656
10200
10244
5964
6350
3378
6114
5407
4852
16840
650
12925
6023
13033
6616
6551
11298
8099
6156
11092
15058
16326
16062
12073
3524
3388
5752
16540
12768
14297
7000
5983
16814
6557
11262
6535
14980
4906
13856
5009
5084
15413
14574
6241
5759
6167
15726
6527
7698
3579
6581
10332
5730
11615
2452
5956
7516
13017
6418
15086
2270
3406
1644
6599
2646
3408
4706
6589
1794
6110
4788
3411
6464
3412
1778
5120
10380
9419
9186
13998
11522
5416
11194
5126
4557
3418
8722
6079
6093
4353
4774
6665
14004
11805
9180
5247
6087
6085
5997
11881
1489
14227
6259
5877
15392
6295
289
3429
12682
3430
5871
10072
6244
4758
10662
16368
1554
6411
7818
16313
5735
6513
5785
13981
13458
9827
5549
6815
7722
9298
10882
6405
5918
6278
3123
6719
11688
16412
9762
6496
3287
9943
9474
5171
6052
6740
16302
13846
1519
6698
5030
3451
3289
5900
392
8830
6480
3454
2626
6335
1066
16142
15964
15061
2688
3144
14872
15049
4613
9240
1208
6235
1384
6231
8832
5195
13830
3464
6872
5375
10192
10135
1790
6731
1079
13190
5875
10309
12158
5784
5829
6788
6799
5284
5800
9337
1029
12239
4964
14253
6439
10546
5349
16153
4637
6744
7730
6089
6679
11563
6401
3481
6574
6065
4928
6707
3708
16749
797
5975
12652
6022
3795
6103
8090
6537
6415
12629
5108
6095
13250
15852
4014
14465
1968
9642
6747
4599
6062
10496
4994
6967
12024
6843
1134
15887
3386
15697
4521
3500
6853
6638
1824
9975
6369
6943
16552
12859
3873
3505
8828
6512
12594
9641
16128
12256
484
6539
4011
3543
2340
5267
13164
11505
90
4015
6879
6878
9350
9841
4645
13493
6544
13092
15278
13365
1629
6159
6345
3020
587
6686
4226
15910
6263
11736
5851
13729
6808
3525
5777
5909
15314
5057
3536
3528
3982
12984
6139
5587
9900
15717
3874
13317
15686
6881
13800
15674
4838
9405
15548
13635
5069
2168
15550
3538
10892
3539
6532
5190
6857
6863
10538
15547
5967
6623
15940
6959
6215
6303
8206
15551
7028
5951
6767
7096
9450
10469
7093
7092
7091
12142
7089
7088
7087
7086
15546
7084
7083
14045
7081
11901
2314
15901
1576
5478
6792
15349
15552
12643
4608
6403
7029
5054
12938
6317
6280
16019
4238
3565
4075
6517
5707
9646
3720
3977
16892
7037
6437
15545
2380
15493
7274
13641
9690
14285
3390
15109
16036
4767
2539
14778
15064
3928
4684
15553
3729
6801
15046
6904
2252
12226
4820
3241
6487
7693
1176
2644
447
16733
5436
14053
15628
7110
6238
11867
4785
11802
3172
7073
7012
4938
15544
3592
1793
16096
7498
16275
6724
6931
2561
12612
11674
4111
3732
4575
2672
7099
8946
16235
11722
2992
15554
10731
8476
6783
6884
9189
12428
6009
2750
6206
5595
9777
2996
6978
440
11249
3992
14620
4659
6627
5677
8627
3919
10968
659
4819
13476
5423
9378
6684
10856
6722
2908
15543
6497
3619
6096
9883
1046
9812
7139
3622
273
7097
6819
5973
4833
6363
7560
13591
11634
15605
4837
4201
6661
6533
7123
15555
13992
4351
12416
6400
6177
6930
2818
16099
12346
16005
4571
13643
2374
16090
5361
6064
3178
11616
16366
5295
10952
5462
2704
16247
5294
1890
6910
10284
5348
12680
1056
15001
5835
10497
5927
6764
6806
6212
15542
14010
6833
3651
16414
6850
9502
6611
5390
16439
1891
3655
4132
3105
6610
14690
7253
3658
10058
5489
1378
7178
7177
6877
10864
15735
11772
7098
15556
4397
2951
7247
1481
14695
7171
6775
15200
12897
4827
11444
1203
3670
5244
5507
6583
13220
2307
3666
3519
16941
2890
3675
3482
13165
14030
6662
6726
3678
4006
5887
6316
12147
7138
8801
13504
15661
13540
15646
6835
6284
2062
3685
6558
15541
6304
15148
4917
3627
504
10725
4330
6550
2460
16762
5907
13512
4716
14456
7289
9319
6542
14590
5638
11757
2464
3697
7058
13207
5665
3757
2757
6281
16772
4935
4442
15557
4937
6944
5145
6915
6041
13717
7286
7061
6270
7106
3880
15968
4945
7007
3440
9283
6941
7167
5609
10690
3277
6619
241
12359
8532
6502
10566
10560
7194
16102
7067
12123
7309
7419
3035
11562
6311
5582
2342
16087
4792
9798
4965
5959
3597
13401
1284
14765
9492
6057
15540
4971
6233
5184
2486
6928
4908
6576
6228
2771
7181
7115
7216
14499
6447
7271
4359
7032
9894
6669
6218
14367
5816
5719
5467
6875
6691
3741
2547
5216
16918
6655
1944
16046
7335
7334
15558
5562
7494
5287
7377
15043
8612
11352
8182
5982
5001
6712
9704
7002
3927
4625
7430
13419
7140
11473
9952
3756
6659
11820
3046
6443
98
14474
5740
4898
3803
7105
5881
8207
6947
14905
4179
12996
11058
7440
9990
5242
7446
7375
5940
14896
9906
3769
4218
13833
533
14561
8806
9636
4079
5966
6672
16670
5520
3827
5368
7443
6122
7441
5852
3778
11320
7361
5208
15452
4228
12501
13694
8586
6250
7199
3618
5183
7672
16185
14940
14495
5049
5623
3988
14685
6720
15794
5053
3790
7246
10000
6969
6013
7024
3961
55
15559
203
4744
6123
3882
9132
12712
5182
16796
13306
6774
5527
11380
2896
4402
7435
15175
287
6339
3260
12929
6902
6797
9128
13783
11544
7071
5077
3188
4749
7365
580
14393
2330
7207
5115
10083
5465
6890
6695
16489
4108
14700
1909
6755
13884
12013
4160
16927
3516
12729
2656
16521
3150
5774
13294
5359
9370
8133
5853
15936
1092
3825
15538
6229
11360
6901
1652
14117
8772
3829
7008
13075
4587
16642
14254
5663
11786
7628
1051
16991
7504
7503
5501
3836
6129
6160
6846
4817
11240
9534
4299
10852
7485
14416
16836
16105
147
7147
5125
11962
1139
7063
2660
14103
6830
6031
15560
6635
4533
16084
5586
13281
6277
3726
6232
13627
3396
15492
8296
13797
3800
7470
6569
13965
13412
10582
4514
6961
13452
7519
12740
7127
3387
4313
5870
3862
15836
8838
12798
16789
5790
3904
2073
15382
8388
6247
7211
7664
7596
15334
6554
3930
1662
3871
4646
16498
5911
6343
11712
15919
8060
16026
14328
13907
6426
16416
4593
6137
5770
9134
1696
7416
2108
3881
4658
15537
2588
5825
7593
6559
4765
11617
4766
16213
7463
11761
7633
3630
6807
3794
250
3890
12678
3891
14134
7241
16208
10737
5006
5452
3428
5843
1942
7712
8574
14717
5933
15327
2447
7109
4957
12872
7496
5845
6020
7616
12066
5855
6986
7739
12238
7737
7736
15561
10626
3907
2159
12132
16602
15424
5213
15606
16528
3911
4694
8723
4381
3913
1486
10639
5848
13436
5594
14037
3133
7182
7345
3918
6766
7719
4282
9166
5296
10338
14374
13911
9192
7799
5599
15089
4532
7331
4810
7655
1349
6690
6821
15373
3030
6549
3584
15167
5241
6541
10604
7658
7317
14857
5546
4554
7679
7678
3010
6730
6749
11022
4650
7682
16456
7104
7454
7587
3847
6891
9264
16803
6452
3943
15536
7699
14080
10841
5363
3290
16514
7851
6108
7849
6373
7847
821
7845
4801
3951
12388
14985
7280
6646
7677
3954
2088
3955
964
6594
7204
10721
7188
14571
715
7809
15070
4124
7751
7881
6024
15295
3244
11745
6223
7422
15040
3965
5144
7618
7694
6751
751
7802
6921
13941
15562
15847
7895
4369
16324
6849
6488
6337
14526
6889
5600
7383
6333
2526
3247
7547
7810
3978
7856
15892
4344
7853
13426
9968
9780
10195
3921
8181
4290
16574
2574
3985
7034
7415
1749
9845
4888
7576
5150
7409
1138
7367
6208
6882
13970
5323
4626
6053
898
7839
16218
7035
2901
16653
8208
14962
7558
3998
3313
6999
7111
7369
6407
7647
7784
4002
1485
7727
5643
7475
5203
16736
5802
9891
7541
7347
7936
7935
7934
16909
7932
15535
10798
13333
9432
16291
5234
5351
4682
16579
7526
7027
6840
7003
14754
15998
6040
16081
5569
6993
9136
11701
6376
1808
5181
7505
7511
12661
2083
3634
1757
13557
6838
15301
2864
7795
6905
6714
5172
5734
7681
12021
10208
7103
4294
3942
6515
5787
2826
16623
2305
13361
15972
10155
6242
7878
7877
15563
4062
4039
5672
6734
5604
7481
7545
4042
6163
7413
11416
4853
2161
5779
9206
5395
9124
14230
6308
4082
15246
5415
8362
14437
5993
8063
3686
8061
4723
8059
5405
13873
7844
13041
5263
7449
11926
4161
949
12780
4209
16896
15708
3669
1254
9330
12714
7438
13932
8000
8270
16569
6083
9870
5421
7583
4355
7683
13672
16547
7817
6511
8660
14967
4358
5118
6794
6008
9422
11208
7417
14319
4604
16821
10162
4982
4892
6116
5153
5447
3125
8313
1383
8055
15412
7305
15534
7221
2689
14745
2722
15813
7397
3222
7043
8051
7899
9633
7955
11928
6158
7819
7388
6639
13328
7774
6318
15341
4116
7842
2154
4324
1686
14928
11922
6414
4884
1751
1664
3863
8042
13009
16172
3715
14016
5157
13338
6602
6518
6200
7625
16441
8179
10572
8177
8176
16362
8174
8173
8172
8171
8170
8180
4110
5880
7195
16752
7757
4836
6059
11038
7344
2386
7671
4013
16480
7349
12396
7724
9507
5299
12785
7101
15163
16418
8014
15774
7846
490
6372
5942
15819
2415
6735
7709
4126
13520
15222
3292
4128
7841
6652
3820
14511
5418
15020
7193
7312
2778
7949
14442
5119
7270
15241
6088
8046
4824
16965
6168
16311
4393
8210
5914
16782
7831
6787
7994
16282
11302
13685
8102
8101
13032
6563
753
3659
7670
7563
7467
7535
7266
4149
784
7708
13772
8240
8194
16867
8237
12076
13482
16863
3901
9821
3793
13312
6608
11796
3087
15533
7315
13449
7646
15675
5191
10966
7214
8066
13208
6871
712
7989
7136
3468
7635
14487
10834
15272
7145
4753
7248
11512
6584
15647
6965
7300
7624
10770
4096
12893
6170
7224
8238
8297
220
10547
8434
7614
13232
7889
3908
15781
6605
6030
15932
6272
2707
12775
6519
8557
7222
10099
4914
16970
9810
7843
7549
15126
2306
12035
8150
8243
3321
15565
528
8561
8069
4192
5765
7688
7342
16960
6860
9930
5598
6994
8029
9653
6713
15607
13382
14914
8369
7993
3994
6538
10060
13288
2861
6305
7566
6727
6113
14626
8233
6007
7649
2410
11732
7685
7557
6109
7975
4210
15102
7721
13168
16667
5617
7753
140
16240
3049
12053
814
4152
8038
8307
6135
16871
7958
5274
5611
4220
1198
4221
7157
7930
1108
15073
7326
16859
6101
2865
5637
2845
7933
13221
10848
8167
7380
16078
4380
5952
9570
7436
13794
14353
1451
4233
5645
9999
7879
7927
16936
6484
7118
2879
5223
7250
1553
15698
15532
15187
7125
7223
6784
3347
7676
9738
15662
6780
6471
7645
4916
4246
12634
10818
8235
4248
4861
13386
199
8215
16198
16300
7874
8811
7391
11932
3730
16564
5681
14133
3130
14952
5370
7886
8349
12331
8347
13764
3012
3606
8510
4261
8359
8507
4551
7448
8504
5781
10596
8501
15256
14231
11200
13741
2385
15451
13002
12589
2846
7862
11918
8405
11344
8753
1184
8081
15566
5699
4641
9233
5701
15307
15144
8435
8158
14972
8308
8431
13016
8123
4129
6422
9672
15727
2060
8279
7215
6855
3638
6428
6577
5957
10612
8231
4546
13405
9386
10314
2708
16507
5721
7695
3506
7410
6983
4293
8567
14859
8458
5541
6980
16810
13074
10741
914
10447
1432
10184
11860
9345
1578
8515
3441
15767
6482
10530
78
7871
8531
6847
4401
3303
8254
8652
8322
7036
8465
10074
4555
4310
3594
7776
6899
8398
16702
6434
4332
13919
16156
7735
4565
7925
7897
4317
6386
14427
2891
6479
772
7771
8384
4321
15744
7490
6048
8412
7356
14584
6118
7209
5612
15531
7509
14461
3633
8213
2473
9989
6977
16705
6011
8302
5580
11741
2888
5121
6640
16699
8076
4461
8820
6968
6939
7952
8195
16975
8357
9654
3763
13323
5483
6960
8030
8483
6325
12933
7729
16259
5793
9565
4966
13653
6955
9521
6043
8423
6948
8525
7457
7143
10122
8159
15868
16875
7713
7965
7571
8642
11478
2659
3867
16955
7718
4701
5726
5402
3001
8610
4222
10915
6761
5326
4384
16855
10872
4363
7825
5819
5749
15752
2910
4366
3024
16360
5882
6371
7767
10821
8135
15718
6913
16832
7154
4372
1456
6803
15906
8424
6185
8735
4952
4272
10084
15873
3202
12831
6273
8679
13950
11081
16266
6572
1144
16420
7941
8575
16056
8724
5992
6578
7637
8611
16708
8609
5894
6621
4167
6258
7648
8097
8513
7319
8494
15283
7787
10717
6573
15159
16696
6279
8417
8331
14102
3071
6072
7386
12292
8599
3712
14763
1027
12293
6184
9171
8074
7339
3262
16589
4237
3447
8497
6453
6530
8998
13390
9537
471
11916
12450
4410
7987
7720
12294
7609
6182
4413
9742
12253
10268
7973
5237
5047
8524
16033
15530
6873
7657
7479
1560
4420
1672
8216
13374
4519
8144
8452
8538
8537
5058
14090
5901
4426
6164
9556
16996
11435
5905
5024
7180
12295
8023
4431
4692
15490
5304
4093
11490
6161
4206
5544
10140
16180
9594
11826
9858
6531
6016
15976
427
11392
6908
7355
5867
14935
7159
8623
2503
7009
8822
6668
1787
16043
6663
7227
1823
12555
8490
4449
7796
13780
13550
8759
8630
8757
5937
4453
1297
6609
973
4455
15568
6615
14044
8217
6548
6173
8471
8470
9926
15112
931
8535
8856
9061
6553
8903
6769
16739
7461
7961
2179
7517
6094
13061
2978
12916
12288
16114
15436
14675
5961
4471
12674
8273
4889
5621
8320
7945
15788
7107
4948
4476
2984
8436
7540
7529
7937
8775
3096
13507
4204
8843
7491
16711
8792
9321
1345
9499
7486
6728
8420
11467
11964
16765
8212
4488
5985
8547
7697
4490
7476
15608
7187
8153
8777
8345
8543
16693
12516
6743
11216
7265
8252
5567
3798
7423
5805
8874
7900
12371
3000
8391
4064
12627
10236
7318
8378
11368
4327
4505
2853
12287
7812
5613
8661
6251
932
11024
12348
8327
4849
7775
6776
14411
7717
13485
6694
15529
6375
8365
7872
6082
2379
8631
7745
4518
6025
12552
13446
6027
243
11837
2532
7746
15878
12865
5521
8454
8904
8927
8902
15801
16134
13193
6458
11457
1095
6039
6612
6143
8585
8480
16252
8696
1155
14710
12298
13674
15076
8909
1294
14998
3228
8593
4499
15423
3598
7263
9008
6338
8741
16458
15034
8259
4070
12742
7747
8209
3342
6354
6061
6996
8559
6063
6222
8858
8857
8924
12882
2037
555
8707
12286
8351
7808
12157
3529
16879
3674
9094
4205
11322
16228
5345
8287
14643
7460
7295
3662
4560
6017
6973
10688
10743
14256
8277
4473
6390
6796
8825
8824
13655
3879
15348
4018
16851
8956
15842
4356
10623
14568
8127
8377
16443
3048
7773
12118
8309
3644
16322
8450
5502
9044
7520
9942
8416
8999
14629
7762
15897
8805
8003
11914
11127
5505
12828
8691
13619
4922
6918
3384
8975
9074
8107
8408
14947
8767
8693
13600
15736
8776
11256
7501
7592
7740
7627
3208
6179
7069
7306
7594
16980
6742
8318
7302
9051
666
8049
14736
5890
6035
6147
8755
16193
6940
3345
13170
8809
8905
12285
6141
4606
5445
7487
5702
14273
5285
6074
7283
8786
1603
3893
9544
4612
19
15928
6353
7951
7601
8077
15528
6413
16714
6926
16900
4618
2468
11238
5027
3837
8774
14977
7395
8555
926
16950
6032
7124
14132
7892
8530
16775
7559
9007
5283
6171
3169
8703
8917
15991
12920
4803
4962
7674
16690
4734
6876
16639
6984
7675
3652
9480
1854
8688
6858
12983
12018
6670
7418
9099
3840
16273
8137
7232
12300
7991
8931
8395
4308
8673
16358
5135
8579
6393
8263
5533
6416
12564
8383
14907
8581
6956
7586
8788
8994
4653
3102
9144
1399
7565
16650
4656
10902
8949
15570
6380
1569
14774
8646
13923
15858
9116
16422
15648
6217
7623
5797
16009
3642
5050
3110
13791
12284
4667
2779
5789
3849
14029
14422
11143
6469
10106
8009
8517
8622
8682
2225
16922
4408
8516
9232
9231
12904
14861
9228
4678
8952
14329
7362
9210
13578
4681
8964
7755
8249
5854
3816
6293
4291
9158
8445
8283
5574
7584
3906
8468
5987
16664
9221
7158
8052
9179
8364
13891
5221
6438
7556
9284
3300
13370
3939
10225
10446
8577
10668
15231
2927
8869
2685
11845
5455
8715
9314
6187
9383
9178
9177
4704
3844
8506
12440
8367
6239
15381
6756
6920
3269
12301
247
7402
6451
8017
12758
16491
7160
6080
8979
10159
6746
14581
6419
15017
8768
8749
4899
8681
5821
12389
3460
5500
15760
9143
6736
15527
7979
7108
5425
8528
7095
9173
4865
15831
4976
7102
14662
13731
8648
15489
3415
4730
878
8553
8708
12252
3346
13936
4703
13499
8350
9323
14452
12283
3409
8831
4926
6092
4978
9359
4636
8225
8844
7112
6810
9113
16542
4266
8888
11329
3100
8700
7304
4746
5769
5934
9092
9091
8484
14789
14310
10411
6893
8447
5381
15155
7947
7525
4215
13719
6687
9047
11938
3997
2555
7714
6685
6865
3637
9456
13318
4347
7052
15450
9612
16117
6678
4566
8062
16594
8918
7148
4090
15571
7407
4044
9451
8568
740
9197
6814
15411
15006
8444
8736
9287
6664
14368
9263
7233
7445
9153
13756
11718
8280
16072
10540
16755
9033
12509
8429
12490
7226
7969
1912
8303
4341
8751
12302
11154
2541
7893
8810
9711
12404
9253
9016
16913
8617
15609
12236
16717
8546
15676
7880
8407
13348
9305
8919
15631
8045
4795
9001
12795
8799
13301
6854
5067
735
9259
1295
10270
4590
8945
9265
13423
8867
8677
8986
8386
7861
11973
5276
9195
4790
12672
12486
9159
3477
9175
1785
16687
2774
8972
7314
14752
9188
8659
14060
6699
15372
8149
12196
13233
5954
8394
9130
4812
9485
10293
9329
5941
3493
9285
7715
11203
6243
8641
7830
16883
7363
8491
9603
6389
8479
7129
7201
10531
13282
9406
539
11315
8340
10366
9334
13617
405
8199
15526
7813
12956
14361
7929
10787
9459
9766
1235
15217
8921
11189
7836
4977
3003
11737
7734
16847
3434
8511
4061
6459
5104
9239
5200
4846
3877
8988
2648
8205
12648
10344
4984
6467
16500
8898
5984
11955
12146
8089
6117
15709
9671
4786
1461
12811
5204
8887
14826
16023
3361
16309
7772
16817
3240
8839
7390
7768
8877
9423
9590
13945
7524
11245
12610
16148
9552
5398
8987
12546
8866
10745
6302
11511
7206
8699
8989
10462
9349
10660
4687
9281
9352
4875
9296
11637
12494
6503
4429
14828
6505
6758
15572
6507
12136
4881
9539
9169
14822
12961
3532
11099
10578
6329
9555
15277
5334
13562
9511
9510
1396
9364
4085
13295
7514
13533
8236
10827
5614
4893
12460
15079
3475
5068
7261
8141
5876
2666
8868
7497
5471
12281
10362
9019
7707
8220
8934
16931
8140
7119
8393
14889
9988
8473
5754
8889
8606
9659
7696
8879
15688
12924
14346
8897
2065
4736
7859
9638
7290
5791
16002
16289
3966
7373
5122
3022
7230
6643
9453
9452
15980
9183
3027
11075
14830
7703
6962
10303
2233
3819
9407
5311
15208
9089
6457
7579
9154
7039
3852
14820
3062
9315
9430
9429
5137
8219
7564
8053
13488
4933
16482
7412
4279
7403
6802
4023
9084
14257
8448
7183
6440
8644
10100
13443
9409
9408
6014
16356
10370
16245
8719
5134
3296
16053
8728
9706
4924
13088
7478
12397
6427
9674
4035
15525
9390
9389
8489
15195
5970
15333
7176
8713
9327
6607
3079
4350
12304
9245
7848
8706
2833
16985
3991
9372
5827
9023
7939
16742
3038
9741
3221
16554
4501
8403
9608
12951
5524
7451
8110
11683
16828
9355
7600
8685
4036
11696
7150
6945
6516
8289
6750
9204
6633
7665
1340
7741
5884
9340
8629
14743
9525
7967
6387
9375
6656
8088
5978
8985
1145
9055
5972
15699
8449
15105
8658
4986
9024
6327
6348
11443
1684
5289
4950
6275
9647
11940
8071
8967
12280
9533
9478
12381
5021
16945
14818
5205
6234
11877
6364
15573
9629
14394
7267
14131
9505
9667
9744
5002
16720
9536
2569
16523
11040
8797
9518
5917
7122
9903
5199
15795
9416
9782
16792
16233
7966
14338
9884
8354
2214
9155
15390
13569
8034
10007
4462
5016
7804
8684
15326
9081
1409
12605
8026
9260
2738
14670
8814
8022
3348
9105
13172
6029
13252
7538
1957
9481
16684
11668
9878
9681
11910
9053
5042
9437
148
15488
13842
13060
9237
6711
3457
16799
8396
12720
13268
9635
7354
11790
4798
15435
9226
9857
3884
8269
7340
7316
8122
4953
9987
9986
9985
9984
10772
9982
9981
9980
8762
8833
2166
12592
13398
8129
8560
16167
13862
8251
7660
8544
10132
12213
11306
14089
4973
14942
9692
7711
8091
8991
8374
16445
14400
6324
12530
7398
5801
9185
9449
9881
8281
9705
1446
5188
9052
3084
5669
9543
11254
6705
7297
16516
16188
9294
4813
8758
9820
8875
16298
5072
3563
10206
7358
9925
10388
11068
9922
14923
13366
9156
7254
6771
5377
5979
6998
5015
1260
10086
8131
14863
9147
5083
2985
14274
8717
16620
7667
5086
2400
9632
6987
8191
8670
10573
5162
9017
5161
4244
8519
15610
5450
8375
9887
13814
9885
5095
6976
14761
9121
16120
3398
5513
4526
16137
3376
5100
902
14878
9333
14715
5014
6379
5061
8457
7399
10461
5636
15095
10029
14541
14548
8592
2979
10079
9856
5110
9096
9899
12966
8033
13210
5391
9433
16069
656
14693
8438
8771
9743
10051
2740
8143
8433
10929
9080
6827
5428
12181
15924
9832
9831
5123
6622
9435
9737
8387
16280
7368
8203
5127
4360
12570
12620
8549
1920
5863
10229
8980
12868
9380
12372
6196
3771
9809
9808
9542
6193
7938
11676
7706
9559
8401
3044
5029
9728
7585
16628
8816
8227
8105
9524
5143
101
9709
10039
9788
5328
13887
10081
8697
6729
13811
6086
9028
14388
7163
2035
15953
10055
5152
8432
9021
4690
7869
9770
9769
4968
8976
7604
16530
13788
14787
6676
15649
8366
5160
12072
9255
16460
16887
6561
11966
4165
9752
4680
5076
6580
14417
8267
6436
11750
9611
8861
5169
9191
9351
15728
6895
9482
15422
12670
5173
15888
8624
15226
4722
13876
9184
10064
4158
4775
14015
9391
10393
2186
14836
9668
9720
6138
7956
9087
10151
2358
16843
14916
7778
7336
9879
8714
12026
8961
10129
9893
10127
3612
16040
9440
12822
9919
8654
8397
9592
9924
16159
1801
16785
910
9064
16320
3889
4182
15523
13726
9098
83
8915
11758
10031
7544
16175
6460
5210
12278
9869
3745
16661
8930
10867
15632
10219
6826
7252
14698
9749
6565
12223
10023
5211
6949
10204
1685
10111
5868
15719
4227
9127
6098
8694
10199
13430
9652
10747
9528
9719
7236
5220
14646
10065
12584
10921
7515
9847
8126
12334
5018
8709
2839
8895
2907
9148
6084
6971
2180
13289
3486
9915
7530
10136
8139
8214
9303
9427
14930
16599
12478
10352
6981
8878
10304
8729
5023
4046
6985
5239
15122
5240
9910
12062
6989
15775
9606
8663
12168
16904
10451
7555
8993
10017
9289
9839
6997
11082
9595
10419
5559
15575
13072
6015
9789
8851
8294
5253
9830
16723
1799
10415
3912
9043
16354
8603
6410
5773
8840
15449
4550
5260
11942
9251
8835
6592
7017
9519
11840
11398
4303
14300
3510
9979
10044
7023
9508
13195
16806
10384
5903
9425
9731
5271
9249
5031
6709
2971
9512
13823
16426
5275
6738
12307
8175
9801
15300
10851
6360
5174
4247
4569
10404
10403
10402
16681
10400
10399
9593
9945
7687
7928
10588
7661
10792
7495
2436
15837
8837
11809
7053
3066
6789
10093
2116
6717
7612
15945
8178
15745
10513
7943
10169
9509
8638
12162
5528
14051
7065
6624
8145
11773
8770
15902
16030
9476
5698
11908
12928
9339
11812
3611
6848
10354
11884
10471
10351
8132
10536
9439
16612
15911
15028
6529
10574
9866
4688
15961
9447
9566
9475
10188
8028
5189
10149
5317
14258
9455
1310
7046
9467
5320
9541
12277
4144
16768
9775
7985
4999
10319
10318
10317
9168
9892
4457
9471
7562
14406
10563
9861
15522
14812
5340
11341
10269
2484
6666
9443
8040
15782
7113
9163
7474
15363
10369
9733
10061
15487
13510
10290
10289
6927
8558
6125
9428
9837
5386
5343
7249
15129
2982
10295
5622
9859
10004
9575
1666
14683
8229
16509
3566
9413
9149
8027
11806
10265
10264
10035
6591
16647
322
10505
7141
4997
2798
8414
7654
13223
7868
10539
9663
11362
3636
11746
10361
3709
12600
10091
10243
14043
3576
6710
6625
9793
2146
14900
10133
6995
862
8591
7750
9880
5922
4562
11324
9367
8304
9604
7165
10649
10222
10655
3350
11957
9320
15753
9071
9779
5812
10490
3586
3214
8701
10178
15664
13661
7322
5383
15576
10724
10203
12101
9983
3075
14534
10517
8012
15768
6866
10009
9344
8984
8130
6315
9346
12250
2681
13353
10186
15995
9083
8093
12896
12520
15814
9331
7197
11815
12308
10664
4628
15611
9971
11650
9814
10170
10592
10527
7205
10464
4028
8108
7840
13613
8651
10175
1669
9717
7374
8655
7213
6991
10154
10679
9306
13491
9623
9365
9060
8789
5215
9300
8165
8583
12350
10233
2720
9699
10948
12109
12722
2783
13440
10617
8125
10615
4845
7231
7268
3574
3616
5325
9282
14475
8683
16990
7754
12465
3180
11832
7950
5430
8261
11853
7684
5432
747
13502
10427
15199
6211
10646
6296
5350
6524
5437
11236
10359
9889
13689
10568
8955
10098
5897
12502
14703
10695
7527
3051
7259
6937
10502
8120
14311
12276
10163
10085
13826
10492
10799
15848
13855
8018
14236
9724
7789
5872
9851
6785
10073
7273
10570
9353
10378
9498
8632
5857
10545
698
10373
835
9104
10405
6869
13234
9220
7902
14840
7285
12513
15410
11041
3856
15820
10050
9568
758
6197
9886
10279
10499
7619
7059
12573
13174
16940
10823
10709
10139
16123
2752
8731
2809
16636
4572
10853
2769
15941
10028
9387
5536
14635
9773
7404
9504
7149
11408
9725
16758
16549
10493
8787
14810
9082
3739
9848
7866
7983
14330
8783
2013
12878
7321
9610
10789
11803
2973
16066
7325
13465
12390
10643
9997
16211
7329
15306
10541
10871
1293
16745
7333
6867
741
15808
12808
9551
7337
12858
13940
8807
9921
10455
7341
5506
14964
7343
3692
15965
9680
16264
10057
14382
9361
10815
8282
9967
8667
11317
35
14959
6446
16473
14100
5516
6154
9958
7640
6310
5485
10379
6673
12971
10947
10946
10945
15577
10943
15737
10941
10940
10939
10938
8602
5526
10108
16537
4507
5753
7296
12309
7972
5530
7473
14433
4069
9931
9825
8588
14600
13462
1572
9687
7988
16257
6862
10152
8161
10313
7385
9807
9497
7466
6839
8725
9914
8193
5818
13585
8894
8871
16726
13678
5078
9631
8024
11461
3698
16206
16050
5444
5731
11623
9073
9897
9299
9465
8372
15380
7888
10806
11069
10879
10878
10877
10949
5557
2401
10250
7611
16216
9415
10955
6322
10583
9700
16447
6291
4582
10410
11944
9873
9613
8804
15271
8584
9279
8427
16891
7425
9865
14612
10333
2383
9673
7429
9431
9576
10166
2003
10480
10678
12646
10839
10838
16678
5577
9850
8025
16238
11129
5655
15347
8330
5581
9888
7553
10307
7240
6204
5584
8324
9369
7728
9835
11114
11120
5410
8323
9960
16352
10463
9828
16778
6472
10808
12195
11109
5593
1665
16839
9727
5898
11466
10285
6834
2955
1795
16307
7196
13548
8498
8301
8992
7161
3734
8298
8847
9695
5431
15689
2934
8798
10781
10780
13596
5607
15520
16428
5315
13974
7986
4414
11077
5939
15434
14443
8634
10826
10126
9786
3341
8496
8968
14891
3744
5999
9111
11415
13906
8148
6887
8686
8960
5550
6054
9772
12772
11023
10030
15633
6715
7191
9799
13743
9619
10975
8959
16493
9962
10736
14750
5630
8256
5631
10385
5632
1783
10524
2536
16824
9944
16917
3527
4710
3235
9746
14842
11863
1457
10715
10716
13910
16576
11277
9027
11275
3461
14657
8306
11271
12156
11269
7855
11267
8784
9530
10438
5648
4130
13196
10697
16183
6342
11063
9721
14597
11060
9063
15710
9424
8221
11103
3770
8095
14954
14937
12988
8542
10680
5659
7269
8657
8958
15650
8595
9703
1204
14808
8892
15789
592
6667
15578
5666
6963
10899
14028
13518
10182
11087
7468
12023
8881
10634
7049
9401
5503
4142
16926
10824
14678
10999
10648
16571
7208
5758
1484
8512
8990
15893
8114
8332
5936
12405
4545
4890
9800
11343
13420
5684
986
7471
2780
5686
11049
11335
8276
7134
1420
14088
6334
5690
13030
11327
10934
15240
14880
5693
3253
10719
11742
9031
7561
9152
15174
14492
8600
10606
10605
10449
1813
13883
11150
13276
7066
10964
9145
5703
10636
14259
1464
10593
11186
16271
12234
10757
15136
14428
9624
9998
15826
5710
11800
9791
9596
14987
3808
16813
16140
11133
9726
16581
5674
5716
2286
9683
8808
9932
11110
10567
7156
15147
1038
8314
12274
9970
7543
10658
5661
10474
9368
11042
10555
10733
8926
5727
10601
14113
14002
9167
5808
8321
9587
8597
10544
13611
10331
12065
9582
15700
2141
15282
11395
7427
10097
16221
10579
15178
8163
15937
9572
10027
7018
7258
5639
5746
10625
5743
10522
9844
5193
10165
9562
15255
11418
7663
5792
10013
9557
10349
11314
10862
5838
9205
9734
10801
2205
11255
1305
15519
11252
7299
10500
11228
11185
15085
7908
6201
5523
8439
10782
16658
8486
11179
13914
15448
1209
11003
7901
10223
4621
10227
6540
11296
11149
15025
1771
8973
2097
16484
9977
9397
9796
11247
6091
15761
4561
12373
3554
11045
9514
11190
3850
5988
2310
5652
11094
5491
8737
15969
15802
9634
8712
15221
12430
4010
11523
10603
4543
10857
9917
11549
11246
5786
11111
16250
10442
5788
9491
10707
10137
6958
10691
10985
9929
9937
10433
8690
11766
13456
12792
13996
8021
5796
9275
10257
10424
5798
9941
14289
9473
16462
10753
8702
10669
13253
11500
8705
10386
10109
8676
9464
9953
12871
9291
8711
15108
7568
10763
11059
9229
11174
7031
15421
10374
10398
1660
10981
1265
16604
2889
10177
14708
9785
7992
10389
9912
9038
9483
12994
6651
14347
7761
9438
16566
14035
10420
10723
7244
9395
8578
8738
1248
10919
10226
11091
3952
10727
3385
13721
6120
14770
10365
5831
9421
9516
7777
9009
13048
16287
14362
10357
10022
16318
16964
11093
9050
11502
11501
11606
11499
11498
11497
11496
5814
6465
1126
7791
2671
10341
3705
8373
6081
10694
9939
16502
6127
10334
5438
11375
9392
4020
9248
11076
9363
12456
10326
6737
11195
9739
9384
7807
6641
10863
11359
10705
4001
11066
8710
13949
9376
7366
8020
10311
9379
11010
14806
7779
15182
16969
11450
11449
15166
11447
10959
11237
4831
8342
7782
11152
9360
14448
3534
12273
10439
9356
9957
11043
11968
16729
4032
11299
13898
8453
9640
10283
1961
3696
13560
12093
3225
8937
9026
10276
4669
15057
7725
16020
11413
14008
271
12441
6033
16006
10769
7359
5371
10997
1188
11399
11690
9201
2819
11559
12046
9876
5616
16126
14618
11564
8645
14741
9920
12595
14974
10883
4157
11385
11384
11383
16586
8056
10729
10316
11946
14301
15312
8855
11073
13379
6266
3322
15518
11604
9729
9735
7838
12336
856
13774
14488
16675
7328
6647
11714
11358
11357
8343
3174
16959
13766
10845
8481
5916
10014
8338
14462
6763
6006
10210
6567
5920
10931
11777
10414
8295
11774
4467
5650
13269
11334
5925
11768
8671
9270
11765
9685
11318
11762
12892
7990
5930
4275
5270
12040
2813
7276
6692
5290
15869
8346
11679
11313
7915
8344
10969
10271
15060
16908
11339
16350
6595
3960
7015
10353
9904
6571
5943
9246
12697
8647
11295
11294
14527
11569
4878
13176
10886
14562
11374
10508
7080
10156
5620
13494
13387
10880
5953
4662
12693
2796
11276
11285
8823
6344
8573
10144
15665
5442
8113
16430
12412
4527
13437
9698
8098
9214
11217
8083
13865
11258
5965
13296
11321
11164
15485
15580
5968
12312
11571
9215
13007
6189
5971
10511
7963
10894
11242
11738
10116
1023
10291
9194
16037
9563
9494
2566
9347
7220
9495
4446
5980
11409
12117
11226
10614
9271
13918
6442
15874
4390
12140
7981
7883
11524
11171
8616
11553
9174
11212
11211
10089
10406
10215
10624
4537
3548
8039
12666
13319
10277
6300
3372
5996
16974
16196
7997
12187
5302
11824
10909
16995
3785
6001
7202
15048
10068
8015
3556
15864
11183
13872
11719
6307
9864
14638
11406
8011
11542
10315
9142
7510
4371
5331
11170
6145
6923
11251
10982
13453
14512
11391
11897
12011
9627
8245
936
11158
12180
6019
8474
9126
3127
10903
12000
9123
2356
11951
5280
15843
10608
11145
1417
8234
3479
9041
6420
6028
12272
6754
4600
16226
8541
15613
11429
5768
6732
12145
4022
11783
7153
8047
10211
6355
11878
13197
7865
11121
10008
8409
3922
9529
9054
11855
10003
16895
11780
9639
11340
11438
11769
5357
11193
11599
15634
11017
1477
11308
10790
9679
1534
6601
11098
11836
13014
9487
14846
11981
1637
16935
11978
6055
1331
13665
11879
7455
10912
11227
8258
11614
4990
12915
8803
9561
11445
15517
8184
15720
10256
15729
1732
10676
9448
10487
9707
12012
5720
15678
4314
9394
8527
9956
7090
12033
10589
16835
7275
15186
11056
10124
375
16748
9947
15933
9723
16561
8064
4553
6309
11046
1769
9036
14376
9938
9434
9558
3173
16170
13990
16449
11036
11644
692
9457
10495
5747
8117
8272
11361
11759
13680
11026
13212
11847
16644
9477
7630
13085
9014
11667
9916
12095
9013
11925
16954
10807
9138
8007
6606
12084
4066
11008
7620
11528
12079
8615
10015
6975
10103
9767
7615
11999
15988
7580
8264
11995
8910
7896
13308
11044
933
10990
9109
10070
9849
14545
7605
10189
10481
16544
9965
11627
16162
8155
9131
11291
5225
7323
7738
4169
4883
10972
7790
6121
13406
11846
576
10123
9030
10134
3650
10963
5552
16625
9803
16278
5741
8218
10659
11079
12077
6130
7041
12313
9811
14621
12125
6133
9853
11729
7011
10383
10113
11009
7629
11510
6536
15045
9678
11051
9311
12907
5458
14673
1240
15907
8183
4506
10930
10809
10012
11619
8379
10172
6957
7803
7533
10922
14312
11349
8509
3414
7431
10765
12630
11557
10914
9545
5022
15879
8618
12960
9463
11871
10907
8923
13848
8211
9813
9855
11933
14925
2281
11849
12171
7005
14128
14050
13358
15409
11386
13553
10891
11829
10262
7493
11779
15651
7536
6169
10884
8601
1320
9257
10130
7833
6650
10436
10950
11621
4634
16617
11229
11856
12144
6988
11288
10869
4992
8239
6377
8400
11556
12082
3910
11678
4320
13058
9458
8884
448
9278
9057
7477
12211
12210
12209
12208
12207
12206
12205
15433
12203
12374
7508
14918
622
9290
8748
16795
10961
6195
12365
16771
6966
10329
6176
9715
8983
6199
14902
12356
5534
9302
1914
6683
11100
8271
8118
9927
12347
5010
9506
16525
3305
6207
16518
11530
10756
12269
2759
10813
11513
10519
10876
12121
2828
12805
3315
14484
10793
12155
12154
12153
12152
12151
10800
14112
8196
11817
1181
11699
11062
11345
11969
11427
11351
12058
15516
7469
6809
6105
11201
6933
9963
11936
9388
16761
3845
11213
9710
11456
11725
14538
11924
15796
13070
7458
3931
16979
11977
12116
12115
12114
12113
6237
1577
10642
13000
8319
9162
10761
12349
10193
9954
2466
16732
7135
10755
9991
4851
11797
11686
6289
3540
12383
3667
8793
6831
11794
4113
6323
10534
12085
12199
12083
12363
11917
2042
12029
16866
6255
8341
10434
12384
13513
8288
11379
10346
12379
15276
6260
15088
10435
14014
16243
9650
13290
11054
6131
6630
12447
12057
12056
11214
12443
13536
11425
6886
12439
10652
16475
10056
12435
16094
8363
9196
16862
137
12224
3585
10701
9630
6276
6974
12618
14042
12143
12726
10989
252
4513
6340
11102
8834
6282
16672
11659
855
12705
9065
16097
6462
9119
9069
10831
11414
13371
11402
16788
15582
12010
513
11065
8355
6292
10437
14848
2494
14979
9601
12191
9577
8726
2074
6498
11608
13935
594
12569
3154
16091
11990
11430
10656
10504
10805
9588
8348
16870
15898
10509
6953
15230
5886
11287
1981
16348
10657
16802
6546
11972
11971
10640
13782
13835
10142
6003
14588
3248
8128
10783
11483
11257
9974
11582
10629
11975
10020
8311
11954
11953
12104
6528
9560
15042
12836
12535
10702
10119
10238
11241
4770
12461
6454
12527
14802
13758
11937
16432
7666
15143
8441
11080
12842
6332
8202
15125
5568
12685
9736
9503
7045
10598
3577
11921
11920
10037
7396
11411
11753
12562
16100
12167
10147
14322
8662
8849
5826
12248
10632
11184
11905
10150
16178
11959
2761
12965
4715
12049
11673
14893
7320
9218
11857
11731
5098
11891
11890
16655
7960
16305
3797
9836
7669
16633
8057
6358
6795
12263
16858
10558
10063
11876
11875
6362
12032
10553
7700
13728
1174
9548
2535
10548
15916
5466
16820
7554
11862
10779
7405
16143
16088
10088
1292
8247
6000
1876
12425
13944
12340
4595
12323
15118
7652
16060
10529
6378
4815
10207
7591
9317
423
6361
9804
9325
12103
8335
8248
16949
12297
9578
9797
10515
7372
9581
12341
9753
2328
12495
11823
15515
3404
11514
10506
10654
8075
11119
1128
16191
10501
9776
10987
11811
7744
12361
4589
11991
2477
11574
5394
10898
11209
13245
10672
7482
11799
7260
9442
15379
8716
6475
10483
6406
12094
11207
7238
12477
11788
11787
6587
12571
9151
12599
10259
12567
402
8551
7639
11085
12683
11776
9702
12653
10465
6417
10840
12676
6844
6404
9414
8965
9684
12505
16874
8563
12237
6423
8565
11050
10452
12419
4996
16511
11755
11754
5051
8571
11346
14869
11915
11715
8796
11507
11624
15265
11744
7995
11354
11153
8650
9913
12403
10832
8094
9656
15000
16231
11733
9199
7025
10179
14058
6441
4644
10047
16556
11911
11724
16154
1334
6445
5929
5804
12019
12531
7190
3668
14768
16389
11713
16391
12776
12194
13178
12773
1065
10234
12770
12654
11704
15420
12214
12326
16464
11989
7613
15711
10397
12687
8477
14992
1937
15738
9655
13607
12771
11001
8765
8619
7704
11685
12311
16387
6765
9701
10426
4998
12710
16393
8492
12222
12641
11325
12081
8893
9815
12047
8164
15635
11611
8692
11666
6476
8044
9070
6935
12539
2031
15769
11684
15101
11657
6481
9324
5944
4894
16085
11492
12264
5558
9411
11648
6486
8649
10542
7610
11123
5065
15929
7982
14911
11639
4638
9645
6492
12320
6493
16316
15783
6385
14261
8590
10337
11821
14418
9301
9117
11141
11751
9286
11622
2244
16385
11270
10935
473
10235
10325
16609
12119
9758
12462
16395
11984
14240
7060
11545
3381
12719
1151
10967
11273
11472
12749
7013
6628
10310
11598
16854
10620
10859
10306
7447
10822
14781
15216
11590
12919
12787
11177
7942
5597
12357
5217
6522
12635
11640
9617
12632
5322
12947
12080
6526
7832
12799
1100
7121
6543
11004
11728
6701
9254
15293
11566
10280
13890
10889
12452
15299
10774
10242
6697
11558
6739
7634
3064
12583
10372
12752
15666
11551
5606
7863
9085
8084
10105
14660
7421
11304
12843
14302
5949
10258
10475
6547
12669
14277
11536
15977
8733
16921
10251
13497
9230
11475
7816
12655
9949
16383
7076
13023
14850
12291
7174
11521
12102
11122
7898
11479
5422
10205
9470
16397
15514
16495
2712
12580
10364
9190
10212
12863
3996
11939
11654
11493
4378
8763
11710
13019
10048
6570
13140
13139
13138
13137
13136
13135
13134
13133
13132
13131
13130
13129
16984
13127
16106
13125
13124
13123
13122
13121
13120
13119
13118
13117
13116
13115
13114
16899
13112
14641
13110
14691
13254
13107
13106
13105
13104
11835
11297
13213
1326
10631
12064
12577
11459
14800
4800
16781
12497
8244
10181
7852
12333
5847
10698
15346
16596
12899
1201
11446
10610
10771
2816
10171
15370
6919
8065
11439
9584
9161
11658
10984
9209
16878
11433
11014
10161
8389
8813
11560
14732
8475
12695
12791
7030
6613
3177
8819
12624
11420
9756
15483
5864
10744
3781
16831
11767
7189
15388
7082
9366
6950
12446
9602
16486
13183
10138
16451
675
16381
9404
10776
13108
13028
13027
13026
13025
13024
13171
14531
13021
6631
15584
12260
3623
11389
8572
16809
11539
11927
12596
14585
12806
12141
16082
13963
9484
9959
10018
11377
10112
12932
10627
15072
11609
11173
11371
5229
12382
6645
7946
11202
1528
11365
8399
12748
8865
6649
5651
16735
11452
12981
12980
12979
12978
12977
12976
6654
8873
10090
16262
12362
9824
11348
12930
6336
14098
11589
7957
14725
11342
11707
5514
8883
8246
13159
3993
11336
9068
12507
2680
3067
13313
11331
6972
8891
6153
13793
12945
12944
12943
12942
12941
14027
4448
13063
10062
11405
6421
6675
10059
6227
2670
13143
12542
15111
9805
10854
10053
15652
12097
6681
11798
15615
7534
6642
11303
9549
7599
10525
12914
12913
12912
12911
11465
14686
13242
10533
10038
16751
7575
12043
12544
10766
12169
8461
10032
16669
16346
7327
11576
6696
11281
13198
10026
11831
14652
12888
12887
12886
12885
16912
12638
7829
7346
9747
10970
12482
197
12453
11834
13071
5365
13064
10011
12163
13148
11260
10633
12009
11035
12751
12864
13151
13968
12861
8241
16379
8826
11250
1000
10187
16434
10585
8957
8942
15838
13163
3693
7578
10376
8963
6916
13265
9120
15305
12841
13771
12839
16401
6264
14467
8969
12962
13592
8971
5670
12474
11537
7873
11224
12715
8078
8791
8977
6733
11219
12821
12820
12819
8981
8156
16850
11575
5164
15513
14076
8761
13038
12518
11930
16930
11693
12561
5272
14340
9567
15194
12801
12800
621
16255
7142
12355
14668
12830
3809
15154
8440
9948
3190
13081
5400
6192
12467
6917
12784
13327
12782
11929
4923
10429
4504
11180
11585
11264
12451
16109
9934
8995
3917
13173
6294
14627
3964
12766
12765
11747
7916
6262
11166
5101
16294
13231
11888
6768
11161
8928
5860
11734
11454
5198
13372
16285
12833
6773
15432
11739
11636
12711
5043
12608
16944
11147
9037
7235
12664
9039
5664
12734
12733
6781
2920
6782
11138
15446
4522
14034
1772
12005
14520
14241
11579
9373
5463
13355
12718
16269
13352
6790
3310
13349
5433
10394
6166
10190
11175
12834
1055
9615
10613
12704
12703
11417
4944
6798
12122
13055
3480
6800
4131
8886
8162
14701
12369
6051
12690
16034
12563
10041
2427
13851
11280
10445
12014
15225
1300
12989
8068
15585
12677
12837
11124
15091
11089
15992
5840
11749
5245
12575
1
4494
12314
6938
13558
12663
3853
12957
8576
11532
11703
16377
2728
9843
9097
9382
315
15019
12651
12650
9838
11067
14984
9527
9754
7387
15762
11419
2585
9553
7617
13175
13404
12637
8845
13395
5374
16403
12137
10253
1115
11394
12849
6837
11702
12626
12625
13693
11157
14852
6660
13639
12851
8103
4648
9951
9125
10239
12614
12613
5472
12159
10706
8773
5837
13238
11638
12324
13235
10675
12603
12602
8222
13260
9137
13086
3645
16539
11021
12854
1164
6856
13324
16132
2628
10468
15790
7607
11013
8469
16882
14370
16504
11743
10758
13155
6111
6689
11005
10298
6644
13427
8001
12927
12290
16641
15408
12823
13103
6157
11816
5626
12934
11471
12814
13256
5700
6874
12559
12558
5170
13477
12444
11583
9086
11464
9088
12607
13463
8779
14798
13546
16044
16057
2200
6883
9834
8626
11655
12840
6066
12538
12537
13439
11338
7217
9748
11697
10965
11441
11134
14001
12528
13663
13429
10340
8687
14939
4596
8974
5155
13039
12182
13481
10141
13479
2162
13753
14262
6900
11555
13397
13529
11858
12508
6903
9730
11047
13320
10358
10904
16186
15636
6907
12499
12498
12778
6909
12188
7288
10817
11519
12402
6912
7257
12489
10927
13244
6313
11653
10661
10923
6721
15721
2576
16551
12164
12659
15512
9227
9569
10273
4614
14871
8730
12471
12470
13724
13364
6210
10908
9235
11083
10671
283
13012
8817
12473
2163
14681
2749
12027
7926
11259
10897
13411
13763
15849
16010
13760
11486
9909
13757
10890
9288
15075
7918
12903
13751
12619
9675
13748
14884
13973
12436
12543
11646
13599
3039
10418
11366
16375
13594
12731
12427
15482
9708
5589
4525
16017
11025
10868
13286
13684
12418
7251
5112
14439
11279
5592
10861
11594
14434
12410
11330
11581
10482
11135
5252
13359
9554
16405
13824
11813
15730
13615
9643
13149
10847
13802
5511
12394
12884
6964
14126
13010
8941
12579
6100
15270
12386
10457
11899
7308
10001
12045
10833
11151
5292
12378
7876
6954
10749
14086
4563
15925
1739
10409
12370
10217
1874
10711
13523
7307
16112
13315
12862
13334
9614
10478
13438
7914
13714
16652
12761
13495
7293
11789
9211
6990
4660
14961
7913
11987
13915
13415
15586
13995
8637
12825
4841
9093
13544
12590
11451
10795
4975
11199
12245
7442
12126
12332
8402
13065
6002
13277
11412
13275
10785
12325
9341
12739
8669
7294
7756
10104
4672
13579
14582
15691
4773
10775
16764
7835
13181
7548
12310
14779
13604
15616
2176
7016
10855
5822
12303
10131
5647
13079
10762
7020
12034
11477
12296
13241
12968
10535
10034
16989
3082
5298
12289
10752
10489
16846
823
13199
12936
9374
12282
9049
10828
13770
9994
12442
7814
11225
12275
12059
10739
12727
9381
12926
13511
13905
12230
15803
6703
13209
5706
7040
4805
12262
7824
7042
10466
16477
9657
11289
9393
12255
12358
12866
6597
10720
11580
15981
4702
13609
1170
15903
10286
10577
8462
9522
12242
11819
9520
14904
410
13838
8982
8410
13964
10075
10704
11842
8067
13809
12551
12229
16248
13588
12999
7062
7100
10835
10565
13344
10594
9297
13712
8785
4802
13683
12216
7068
16146
13153
3544
9677
1714
14242
10094
7072
16076
6786
9961
13583
13832
13785
9399
12131
13869
10616
12908
10673
12197
16165
13670
10670
9441
10622
8534
13715
13360
15281
9445
14039
13097
10628
12185
15827
12149
13247
1414
13871
11600
16373
12713
12431
6545
10637
9469
13037
12173
12623
12161
14057
11105
10991
9461
13740
16738
14193
14192
15311
14190
16701
14188
14187
14186
14185
14184
14183
14182
15912
14180
16704
14178
14177
14176
16407
14174
14173
14172
14171
14170
16774
14168
14323
14166
14165
14164
14163
14162
16601
14160
14159
14158
14157
14156
14155
15244
14153
14152
14151
14150
14149
14148
14706
14146
13057
2848
16436
4748
12807
12120
16209
1881
8275
14332
15667
7631
13859
7048
8743
4761
13707
12089
16303
5499
16466
12679
7132
12969
16698
13527
7701
9513
13759
10587
15331
13659
13845
12701
8916
13642
14075
762
12092
13850
10712
16214
9402
10518
13394
12086
11367
16666
8698
643
10209
16276
10911
5439
16707
14061
15954
13761
16003
16622
7151
2860
7152
4768
12070
14630
13849
8675
5446
6045
12591
14279
14074
14073
16173
14071
14070
14069
14068
14067
14167
11404
15033
15950
13322
13960
9242
2143
12124
3242
12975
5733
12991
14542
13267
9665
16816
10115
7170
6146
11735
10804
12038
8966
5820
12249
13816
2416
14221
10528
7054
13049
12955
14175
12028
1372
7179
4104
9035
1458
8032
14109
16886
14024
14023
14022
14021
14020
7185
7984
7186
13564
12937
7691
13383
12611
13239
6391
14796
12007
13447
12466
7192
9336
13625
12002
16903
12709
8223
5207
10498
16024
15653
10076
7198
9316
14229
11992
12135
13989
13988
13987
13986
13985
13984
8004
13885
5218
7653
15198
16695
9609
11967
5762
8665
11912
14549
14282
7210
6811
8361
15958
7212
13739
8232
11307
14644
1839
15361
9338
13402
7184
13957
13956
13955
13954
13953
254
14971
13836
9354
16204
8368
1786
13621
5570
14194
4816
12869
9115
13796
13489
10453
9637
9585
5572
7229
6430
5409
10590
16710
15254
16827
13927
13926
4822
12853
11934
14423
7765
10440
9649
10125
14189
13184
761
15104
4789
12193
14251
12069
12090
7242
7462
13623
6069
14314
13904
13903
13902
7582
2869
2900
10837
16115
13400
15702
7338
16371
2150
11113
11906
15946
15338
13051
5767
15747
13154
7785
1380
13882
13881
13880
13879
10674
1952
13991
9896
15378
11020
10556
13424
7262
12536
11293
12353
7264
14299
13022
2522
14927
10274
13861
15712
14255
13858
16409
11396
8938
11681
12815
15324
7875
6392
10910
11870
16939
2041
14337
14453
11866
688
16630
13841
13840
13839
14111
3164
6600
8466
7281
13593
15078
10562
10925
10148
12318
9713
15481
14395
12354
8370
12753
13822
13821
13820
13634
11844
10777
6861
7291
12189
6636
9208
13649
1571
11671
7175
13375
1465
16157
10381
13804
15510
13931
620
12409
9923
11827
8589
15445
14144
14951
4821
7303
8518
16614
9996
13701
11818
16573
13786
14237
5028
11814
8545
11763
10335
6132
11810
12967
13526
14676
5619
5705
7512
13089
7680
16578
13769
14755
4603
10232
9757
16692
8411
10979
12110
13111
9761
11793
14179
13385
10214
13755
13877
13799
10602
14387
5488
12067
12889
14197
9164
13261
11781
11727
12015
7330
14746
14195
14426
13738
7976
12330
8997
14343
7532
13551
9854
7733
13549
9783
8265
11097
8192
13725
14309
13745
1390
8914
14595
3788
6688
14997
12306
16754
11453
13109
5382
12657
13711
13710
13709
7348
5330
14209
7439
15962
4900
11027
14619
12254
14147
16713
5336
13697
13696
13325
6287
12455
14219
8747
41
12041
10819
11775
11243
12633
5185
14489
14135
15431
14486
14275
13857
14483
9118
16520
14480
11721
13471
12621
6256
13671
14228
13669
4967
5895
12178
12900
8846
7146
13980
10246
9342
12609
10735
13658
15588
7376
7164
14390
10685
12235
5460
14369
10237
9362
11698
12597
13646
13645
12179
12921
4932
15894
5830
11078
16842
10228
12549
9625
10554
14579
13633
8487
12128
13225
4635
14591
8870
10759
13577
8106
2339
12469
13622
14447
4930
6433
14497
12329
11462
11808
12548
11839
6593
7400
12458
13610
14099
16135
8138
9871
10619
15739
11660
11913
8951
15121
9691
16568
13598
7408
4495
13831
9764
9062
7256
7411
15094
14573
1483
14123
13587
12541
3280
14213
13528
15755
6614
11239
16798
8285
13698
14786
13576
7420
10422
9895
12724
16791
9077
14335
10322
14366
15016
13566
14363
16527
13341
12519
14524
9040
9905
16369
2122
15387
13556
13555
4954
8815
10164
13733
458
16583
11613
13362
5697
13868
14587
7437
7769
14704
6897
14839
12212
15220
11139
10491
6384
13535
6246
14913
14699
9479
9020
7155
10396
10297
10586
14356
13525
11592
634
11919
9759
16411
1125
9935
14026
12817
13516
13515
2723
12424
11469
13047
11960
9304
8119
11578
8151
13506
13505
7459
12524
12434
7364
15797
14464
10327
11740
11205
13496
12457
14772
7465
6394
14648
12874
10117
11106
4830
13487
16689
3714
12895
12305
14543
5329
12454
11554
12523
13478
14649
15128
11117
13378
12437
11159
11547
13274
14680
13469
13468
4913
8739
14793
12266
11540
13896
10323
10951
13460
15844
6804
11958
10092
8970
10249
13311
1512
12417
13451
13450
6677
14671
9599
14669
5461
14667
1815
14665
13442
16488
11520
10575
11694
14738
11517
13339
10514
15777
13433
7499
5166
7500
5000
14321
12003
7502
7917
13425
16546
15369
8829
14471
6288
7506
13969
7507
10198
13416
3531
13545
11682
14281
13574
14855
11494
14508
13408
7513
14838
16716
8936
12615
10021
7162
13050
14498
14739
11484
10025
14757
10412
11481
7353
16513
16342
13391
6500
14211
11618
9029
10033
13567
5869
13384
14339
10887
14790
12351
11468
14684
10713
14593
13376
14783
16916
10043
14572
16925
10045
14932
4991
14751
13367
6911
10049
13754
8329
11941
7094
13194
14222
16963
4718
14664
14384
5757
14522
15921
700
13580
7282
12098
16438
7546
11649
16968
5429
13345
14129
11949
8005
9817
3337
7551
13031
14832
13337
11165
14412
12087
5036
6725
16118
11705
13330
13329
11424
14539
11848
14537
11421
7406
7689
14327
15024
11567
7401
12647
1918
5344
15966
13967
13314
14052
12107
15865
7472
13455
6142
12644
13307
7570
8766
14087
16890
7572
5048
9187
13300
15589
13270
15770
8864
7977
16994
8721
13293
15407
14290
12127
1309
10107
6216
13602
14490
16741
11448
14491
9426
13939
11669
7424
13279
14049
6836
14091
8850
7588
13413
13091
13272
7590
10803
12622
9110
12247
8653
6449
13445
14454
11885
14558
4395
15875
15996
6603
13258
7598
11982
16241
8836
11055
6508
12746
13251
7602
14096
3810
4203
14451
992
7384
13829
2613
13699
14264
5454
7070
13356
14709
7531
8672
4051
16041
14888
8933
2822
14885
12088
10444
14882
11423
11337
7805
13392
14949
11850
16563
13994
11902
6245
6203
13218
15345
14154
15003
7797
16805
5082
14413
13211
11531
4319
16367
13929
15480
7456
13205
2600
13459
13979
10561
7920
14879
15135
13667
10328
11311
641
16663
11561
14727
13192
7636
16784
14873
9765
16958
12990
13186
9078
13727
10993
16292
12227
7642
13180
14559
8614
13899
11892
7905
6682
12708
14114
5755
10197
8780
9877
16413
12946
13167
5477
7651
9182
11771
5497
8455
13161
13614
6525
14191
8278
11283
6629
14351
4912
15275
12299
16973
10213
14017
14924
15269
11635
14355
433
16588
11266
15263
7168
9515
15063
14101
7567
15257
13145
7668
3332
15066
3264
15251
2032
15007
5114
7621
3379
15245
4567
16031
13157
12321
16070
15239
15022
13959
9446
13775
11244
14815
8744
12463
14552
12105
13169
12422
6225
11525
16638
14298
2909
14615
6779
11233
9224
14295
2033
13102
14247
8539
5553
8381
9823
10595
13096
7692
11595
11620
13716
14759
9272
13090
15508
15618
9236
13271
421
13629
13084
13474
5906
13589
12190
14269
14714
7702
15189
13441
10580
16534
11206
13073
7794
10275
10054
9802
7128
13068
14976
14429
12767
14720
7389
12175
13062
7793
9795
11570
15021
16719
14243
13682
7999
12204
14504
5038
15668
14507
4779
15654
5146
14811
15692
13046
3088
12735
13302
7414
8740
13808
13040
8495
10301
7726
6181
15315
14267
16283
10305
13913
691
14124
12279
13029
11504
14059
15860
14654
14470
14874
8594
9669
2245
12894
3878
15329
16606
15193
14604
15264
11071
12763
14291
7811
14401
14238
14575
5338
13008
9371
4835
13571
3858
11146
13003
10231
3561
7748
5635
7749
12998
10740
13407
15047
14994
7752
12993
11136
2147
14989
13803
14895
7278
13224
13434
9129
707
16455
6290
12982
7907
14603
14078
13543
16194
15140
7910
14233
4605
12423
13736
12972
11118
10355
10754
15183
7085
14623
6674
14503
2502
7770
5913
15137
6914
10363
11108
11491
6429
14724
5728
15227
8636
15722
6942
12952
15590
10371
313
14659
13166
15437
10348
10375
14432
8087
5201
14791
7978
15191
7632
14115
6582
14375
15638
13001
3109
10944
9697
15389
11039
13691
15880
9056
3059
13343
10802
14025
13657
7574
6152
14097
1005
14576
12475
14481
12918
7798
13147
15404
4477
7800
13373
7801
4689
14993
9682
10683
15092
13222
5092
11708
5947
14077
14516
6952
11883
12645
9816
16149
15478
15477
15476
15475
15474
16838
15472
15471
15470
15469
15468
15467
15466
15465
15464
15463
15462
15461
11088
14723
9661
16260
12880
7821
12515
7822
11037
7225
16468
11529
9157
11376
8890
13480
13509
7827
11030
7828
5938
14093
2404
9648
1033
13705
14130
14867
3682
7126
7953
16767
12857
14365
3446
11018
15549
5547
12852
13805
11717
15287
11048
12848
1376
16953
9410
13422
6842
15391
3307
13059
13922
13283
7116
15406
15405
15599
15403
15402
15401
15400
15399
15398
15397
14663
10040
9621
3472
14596
1299
14519
10829
15970
13860
12221
14958
7857
10477
7858
11431
8939
12816
10973
15267
10983
2958
12812
16312
13975
4679
7277
10844
15317
1641
16415
14054
7867
12803
10942
11723
8885
15360
15359
15358
15357
15356
16907
15354
15353
716
14214
11760
13347
12790
16978
16934
11642
10960
12786
4989
14271
9309
10470
13368
7923
14378
7882
10953
4302
14555
16229
12639
7885
3285
12905
11074
7489
8628
16683
15323
15322
15321
16267
15319
15318
11489
10523
8508
9571
9140
16506
12642
15703
13005
12217
12756
7313
8564
11192
15280
15695
13052
8901
8111
14966
13297
10926
10537
15687
10895
14569
15292
16121
15290
15289
15288
15679
787
11516
10917
7919
15521
10220
415
7911
7924
13895
10367
11935
2877
16823
14318
13852
15908
11300
10906
12723
5456
6495
13958
15619
15623
15262
15261
15260
15259
15503
9268
16301
14606
13409
14981
8633
6657
8742
6099
12707
2918
10571
412
15339
5634
14728
4491
14515
12691
14199
15238
15237
15236
15235
15234
13503
10581
8678
12699
11662
593
13843
9716
16558
12557
7940
10873
12995
12923
15791
2524
10591
5293
10599
15215
15214
15213
15212
15211
12675
9022
8996
15690
13779
12671
10860
9500
10896
10858
12667
4524
16722
11647
7954
13637
5310
14181
15621
15192
15569
15190
15713
5841
7959
15371
13201
2034
15707
15574
16340
10843
11945
9417
15701
6898
9103
8430
15162
15173
15172
15171
15170
15784
12640
9670
7117
10425
7971
12636
10830
10417
14831
14062
16253
12054
14435
9472
13777
14079
15153
15152
15151
15150
14819
6885
5313
9872
14735
9234
10667
5479
13765
12617
9819
15583
10647
2690
15581
15839
16440
15133
15132
2608
16138
10520
14278
12606
15830
14995
14415
10292
13703
9651
14633
4459
4630
15821
15117
15116
15115
12802
7998
10665
14239
480
14223
5590
12075
13925
16593
12587
14535
8390
11104
7292
15100
15099
15098
5806
15455
14990
11584
14773
12459
12576
8010
10778
8900
11997
11605
7523
7464
15084
15083
15082
12586
1762
8419
12689
15871
13530
16051
12681
15867
10693
13595
10918
15863
8782
15068
15067
15859
11670
10699
10240
11675
14120
9223
14116
10703
8109
10977
13331
16894
8503
15053
15052
15051
15639
13681
12540
14007
2499
12855
2361
8035
7166
15617
2529
16757
12375
15038
16812
15036
953
11695
8552
8041
12526
13262
5780
8043
15158
12954
6851
12797
15124
15023
15746
12071
5989
10684
10416
12879
3358
8050
12512
13541
9662
13647
13126
15010
15009
15008
2431
15807
14718
11801
6257
13179
3924
8187
12445
14910
13817
15291
14996
16777
15974
11533
6049
14207
4677
15614
11602
14651
14313
12488
7243
11664
14983
14982
15439
14404
2995
8070
12481
6370
9686
15491
6932
8073
14036
16363
14970
14969
1113
15365
15884
13847
6824
9745
2203
15957
10686
8080
9882
15714
14957
14956
10682
11503
15731
14564
11843
8085
12578
14072
12939
14235
14946
14945
14944
12134
4436
15833
2458
15486
14364
8092
6906
10791
3628
14934
14933
15754
2513
13997
14834
8781
11197
15595
4482
9644
15247
11131
14922
16417
14920
11825
14500
16127
1741
13874
10653
10901
6778
10651
16744
16119
14909
10811
6770
10814
12421
10267
1413
16111
15870
8112
15011
14899
14898
8639
4511
16103
13142
12411
12987
12176
13357
12408
8333
15224
14887
10019
13608
13531
14477
10630
2320
13631
3143
14749
12398
14877
14876
14354
15494
13521
8262
10121
12392
6951
7820
9292
7870
14866
14865
15926
5206
15320
15923
15809
1250
15920
6753
5063
14856
16093
14854
11726
15832
12376
7860
9806
9280
11172
6748
13259
14845
14844
14650
14479
5923
10600
14381
8146
6870
8147
12506
14835
15524
16948
12360
13866
9106
11631
15029
11527
9216
15250
14825
14824
7172
14272
3072
16680
14377
8157
4615
8556
5836
15741
14814
8160
10881
15591
4876
11222
16660
15587
10576
14696
14805
14804
3354
12335
13067
12251
1720
14003
467
14705
11963
14795
16224
12257
14476
15602
8569
15188
10645
15799
9046
15840
14785
12986
12744
14963
11895
12317
16016
16064
8371
14777
14776
15479
16059
11011
5662
7626
6463
16054
3325
9262
14767
14766
13230
11601
15818
14458
4794
15815
2527
13417
14758
15039
13542
12395
6706
12846
14567
12779
10618
12493
16249
14748
9964
6506
4777
16983
15846
16541
10933
12743
14740
16079
15979
16236
7130
15511
12016
7996
2808
7450
14731
6534
6992
10976
6523
14921
14286
16361
9202
16359
14722
16357
14234
16355
7638
16353
10263
16619
6018
16349
14713
16347
6124
16345
9217
16343
14232
16341
15134
16339
15917
16337
3288
16335
4323
16333
5482
16331
14697
16329
1858
16327
15743
16325
4037
8228
8326
14689
14688
8230
6946
16725
12750
10488
7131
15751
12875
16999
11948
13687
15845
16627
10024
15447
12228
12050
14672
7834
12225
14203
2871
13428
16013
8242
5094
16029
15509
13191
16007
15313
1721
7360
14094
14127
14656
13043
10467
16124
2471
8250
9396
12377
12464
16190
12760
12380
13730
15014
7732
7234
5667
7521
14640
8257
11541
15683
5811
13305
15680
8260
15989
14632
11084
10820
16001
7426
10448
15804
14578
14625
14624
8266
9863
16223
10443
9940
5810
15889
14617
14383
2392
12407
13700
12177
6759
14405
14610
14609
11033
12480
5453
12337
13243
10431
5128
14602
13894
15915
12166
10751
7550
8019
15204
15059
14594
13575
13889
8284
1440
6397
4354
13787
15629
16207
9740
16205
14063
16203
11053
16201
14580
16199
14551
8292
420
8293
11167
15364
16308
16047
5540
8002
14009
15071
7133
14533
14566
14565
5601
14161
2706
15417
15579
12133
13784
16559
14908
15854
14797
8305
8169
12401
16834
16584
16425
11543
8082
16351
14816
8310
12044
14544
16092
15973
15495
5515
15340
13217
12777
15119
816
12231
12198
8317
5955
14631
10245
14530
10718
6868
12106
11095
7310
11976
16274
14523
9076
15938
5976
16133
10812
16131
14517
16129
785
8328
9875
16404
14637
4750
14510
12769
12429
14742
7047
4212
12870
10299
15539
12503
5658
8336
3334
16296
14605
14794
14496
8339
13473
10401
16433
11015
13676
15164
16649
15663
11125
6894
1348
13795
12063
14729
16429
14169
5090
12902
13035
11689
16244
16344
7006
16595
15419
9045
11137
9531
15630
16077
13930
16075
15500
16073
5474
15779
16497
10503
12051
14245
15266
8360
15325
16865
11534
15343
7393
12545
260
15054
15209
12031
4365
10320
15704
15207
14345
14445
14444
4464
2054
14493
13538
16015
8570
14438
10312
11691
12737
16012
14357
11292
15564
8376
15637
16471
13792
12533
5226
16487
12728
16027
7279
14827
11474
7922
14420
16479
13087
16139
9010
13177
10296
14414
15249
12581
9993
15984
5259
13219
14408
14407
16145
9003
12219
10681
2061
14402
15484
16869
15428
11894
8198
16861
14396
16591
12215
8625
15942
5034
12030
16522
14389
15987
13834
15985
7019
13077
16028
16399
11985
14943
15037
15612
6194
15764
16314
11980
15366
12556
15776
10266
14372
14409
16151
16467
15395
13928
9122
14849
820
6618
11221
11323
12174
11785
14360
8418
15473
14734
5977
15951
14288
15949
10252
8422
8031
11231
14441
14349
14348
4568
1602
8426
13483
15567
16136
8428
2863
8124
11672
16920
15362
16615
6745
14457
5085
13651
16538
16364
14331
16535
15077
12271
16532
5803
14326
16442
9911
16607
11253
13500
8008
14320
12344
8442
16453
13015
8947
14315
13746
12668
10916
8446
15179
15332
16469
14653
11265
13113
10218
11393
14304
12950
15294
11983
16058
15355
10324
16108
13152
15885
8935
15883
13744
14293
5246
9269
2069
8459
10421
7381
14287
12692
13539
16181
10087
8463
16766
8464
6474
15031
16645
11898
15069
14276
3588
9377
8358
16219
11893
15759
3552
15855
5644
15853
5657
14266
13854
12881
11886
10971
11301
16365
14260
12716
4754
8478
8325
16063
16631
15223
8908
8437
4474
8482
14250
13255
14466
11591
11872
8485
15429
16686
11198
15825
12566
8488
10962
15999
11865
13342
16427
12783
13128
16424
5089
8493
7906
15139
15677
14399
4340
14528
8522
15203
8499
14224
13972
16164
