9000
893
334
5407
6302
537
7632
7301
3
1
68
8833
24
2993
6
5257
8298
6165
720
8653
78
6021
11
6612
28
8882
15
39
4316
1857
3286
7
2652
45
5986
6583
1068
7644
27
8043
5540
9
64
5435
21
35
7538
41
23
8573
29
40
3194
2841
1612
155
4116
169
380
5988
2458
8576
30
651
6552
4741
658
8959
246
6298
5510
915
234
221
3960
3831
55
48
49
8187
1732
7461
434
12
7432
6545
25
8859
5282
80
59
407
5334
4593
2300
5571
83
88
562
8911
938
3241
6922
131
63
1093
5300
7084
6340
8705
74
115
6774
1981
2382
143
73
42
58
187
111
617
6058
6675
4672
8601
93
3659
119
116
2750
5871
4134
8393
22
547
2210
7141
107
4727
127
2497
764
90
7998
6198
113
8139
8132
561
138
7803
132
50
142
70
77
17
4
883
139
114
7894
6231
2466
741
82
98
2758
5741
6130
4921
8984
7186
103
154
2362
7404
710
37
89
141
4312
1963
1388
3301
2862
8674
2622
705
99
146
167
6072
4870
6111
71
6121
376
371
3268
101
145
1383
135
6405
96
7269
168
385
1108
623
1474
5686
7860
160
199
8489
828
6870
184
517
110
6781
1338
215
488
7887
5746
31
174
1755
153
118
75
7875
3606
8349
6216
43
223
7100
1912
5391
1856
8305
3222
33
123
5977
8726
807
784
5960
175
152
608
8689
702
575
217
8698
197
8371
38
425
1030
8310
7226
121
468
6253
684
1537
806
4807
266
5984
5388
6835
3306
5
188
229
4038
6553
8486
285
6468
67
271
181
6662
227
251
7547
4882
97
148
6711
269
244
150
843
1628
243
7702
7311
263
205
216
1603
7224
94
198
8745
157
429
946
7733
279
106
404
7935
275
653
162
8445
303
5626
6006
8570
4254
3757
6896
5353
5608
5024
207
272
289
1897
314
347
676
3321
4538
1959
60
8738
1360
1243
5990
1813
4276
8935
936
276
307
6435
346
81
624
8652
321
3385
304
8579
212
765
295
5062
2754
6262
322
270
4670
529
5818
34
189
5646
291
1083
5230
6633
186
1599
290
8920
2052
373
654
130
196
7698
389
509
313
341
5752
2725
2604
8126
248
717
1442
1419
7228
6436
249
8337
5834
4077
5406
8253
337
329
390
7813
383
6686
218
377
482
7000
6708
342
213
395
8960
7117
3964
6433
8430
1423
259
417
302
4571
1606
348
220
379
332
3821
66
7129
8790
3777
359
286
3226
301
410
5526
327
375
8998
8071
297
423
357
87
339
112
692
1519
5790
224
6370
3483
235
7965
364
442
20
274
6602
247
3588
2237
240
1695
3158
4585
8086
7834
6676
5997
391
16
534
8417
3870
467
351
5094
5518
8975
367
166
497
445
431
2165
436
2359
6818
1081
1858
6101
2494
278
632
411
503
6437
1782
91
6120
2305
318
6811
1690
510
485
261
185
4808
4422
419
8814
6697
413
455
4822
4149
1808
6738
7222
324
1764
8392
4646
519
3972
8675
1876
7521
416
156
814
1541
6160
241
493
6432
120
8897
511
3645
8456
57
469
7577
7492
515
6188
451
398
8285
494
6477
532
4987
287
6482
388
558
1010
513
3784
472
381
571
230
8379
440
7472
454
393
6614
250
506
7607
242
1489
6998
2995
1228
7513
566
5925
452
484
437
149
491
239
365
8197
458
3737
473
265
536
372
730
4103
6390
3985
233
173
311
283
288
7279
6146
8781
569
3035
556
4525
4500
4567
4840
545
521
354
6050
599
7182
7085
597
614
505
8589
1618
412
2080
5107
8610
557
6232
8483
607
5217
422
54
4090
8268
7774
164
3068
2425
2352
7004
5166
7018
3902
356
639
583
660
6456
8112
225
499
2027
579
470
495
7671
182
6172
8766
5484
647
345
1596
8235
2586
456
3802
6571
105
8469
1870
563
524
401
3292
8465
681
4281
7810
8031
635
475
862
7867
6014
4621
553
3911
615
596
818
8451
840
102
4522
7221
8330
8637
310
4859
362
338
6500
8215
8364
443
366
8010
551
7624
706
8651
591
574
8934
360
667
7157
3426
5539
6450
793
976
257
7276
5508
280
8823
5002
6044
3498
531
104
724
1774
791
7320
254
382
7363
671
194
910
7371
8054
471
5568
433
856
159
3566
655
714
6020
645
7357
776
2881
523
1199
7470
525
8188
598
2164
317
8838
668
627
6505
664
530
2550
620
6194
656
1972
300
180
6379
6956
3457
177
648
6724
7917
5000
7723
747
444
771
5083
514
163
6154
8961
803
5577
3300
14
800
129
461
8515
4394
6105
824
7487
762
2449
1508
595
1998
4628
4788
782
5098
2637
657
6877
343
689
4180
1231
695
631
685
797
427
1009
5760
1463
501
7500
7424
8547
649
8060
2802
662
6132
789
554
6532
3562
2277
781
749
874
690
438
675
1412
783
697
680
441
400
6086
4809
823
6398
868
1591
502
798
7642
7765
1626
740
483
5163
693
448
573
773
8530
769
603
8992
369
860
7282
6651
7924
5992
751
731
3536
7413
665
315
6526
613
780
4407
1492
6745
4750
3939
679
13
805
7340
913
8418
6542
4801
863
7546
887
8676
4676
625
5452
3347
822
734
903
5079
4966
6341
885
817
7676
1293
951
5272
477
1369
5150
7603
895
8628
1074
7231
5168
4558
953
8582
312
892
1700
1911
809
8717
735
4827
663
7593
659
8495
6828
5596
490
1803
911
842
927
8391
555
804
857
8605
4776
876
723
535
86
879
2700
1747
845
7506
867
968
5316
6621
4100
1339
902
811
4030
7983
8224
4761
447
760
264
1689
508
6780
965
4061
875
487
7478
6328
683
8559
3312
8116
3418
4573
1007
8621
516
6141
937
8052
633
3755
909
899
8534
3535
851
704
1041
8289
4428
1641
1021
481
176
728
526
604
2398
8078
1034
7906
6170
323
2424
1055
630
638
1000
7966
5016
36
1062
3211
6178
869
8508
6383
930
7845
1075
6283
1040
1613
7006
721
541
960
904
319
775
6768
8862
7911
992
8300
2602
7890
8690
8554
716
795
837
396
6294
1707
973
6413
1926
7872
859
191
3240
670
4462
7618
5492
812
872
7454
753
8041
7976
4662
815
8615
1378
432
6872
988
6660
420
1036
5307
7694
209
6070
4595
1043
6324
5872
368
1085
1205
594
2451
5500
1048
969
8650
908
226
1718
7827
935
26
2238
1855
5162
200
950
8933
3130
1133
1274
464
808
2945
2656
409
763
1001
989
560
585
1112
640
6091
1071
3869
1006
2311
589
424
787
5105
1175
325
4562
5599
2910
6440
1172
504
8062
548
1097
1032
4606
854
1087
7110
746
8138
600
144
5022
963
825
6233
8910
929
1154
827
7164
8873
1049
1651
1197
179
1100
1189
1590
6097
3254
701
1752
8722
761
8919
947
7290
1156
4931
1834
1104
330
974
6852
578
3538
7716
7232
355
1067
1165
621
8461
8962
8788
1151
7033
1144
7851
418
2473
1220
5398
4998
2589
998
1045
1223
1221
2934
5461
4640
1893
1229
2159
1320
986
1015
298
1259
6773
1530
6163
8886
8358
2596
715
3250
1158
1079
8985
6556
7862
320
1169
1271
260
1069
331
1215
4873
8526
2611
1203
6185
1140
8277
961
700
6214
8891
977
1244
4686
349
1296
8536
1105
2731
983
6133
584
8431
1095
2269
1233
4435
6796
5318
6288
1028
8480
1114
866
2939
975
6541
1196
7843
5196
669
1080
6795
1301
5614
459
6812
549
8976
8020
1184
1279
8816
1167
7807
6740
5805
1281
1883
1564
644
2822
4731
1016
6797
6118
1207
1159
309
3534
8677
991
1182
1234
8877
5290
996
637
5607
888
1098
686
1124
1185
629
5842
6687
6678
6616
990
921
5930
1107
1357
8699
1349
5005
8742
1031
2536
1372
2886
5520
1046
1308
1370
1222
861
1561
6794
1193
1247
703
1253
8419
5672
4800
1397
4031
2206
813
1211
848
1307
4844
2050
4677
709
405
634
8370
711
5865
712
5559
1379
1386
1286
926
1252
1150
7666
8083
1678
2649
5192
18
1204
195
2922
480
1562
8220
6798
210
1266
1427
8050
8023
133
1328
6352
8131
2672
610
8706
7175
6636
1116
1346
1198
4728
8390
1008
7587
4118
1364
1078
326
5584
1127
8378
5247
1413
6009
1776
1457
1368
62
8256
7172
1448
6717
742
1210
4816
1385
744
2383
7114
1278
752
8291
1121
4860
748
92
1459
1176
750
5161
1037
6301
1493
1025
1246
85
4532
8712
5278
7480
2098
1190
7132
757
1011
1350
759
6793
1451
758
1142
1393
1462
1335
7796
7933
1483
636
6994
1825
1356
864
1343
8774
768
476
2360
1027
770
7525
6246
1153
2852
8869
7218
492
1084
699
1291
6322
1441
1583
1155
518
1311
6987
4288
5045
2674
7233
4342
4626
1478
6693
1553
8017
1024
6331
1047
8333
786
1430
1832
1500
788
8168
1309
6045
8636
919
1014
778
1377
8649
3970
1267
1586
6587
841
1510
386
2487
924
565
1117
8073
7832
7285
1241
1373
1948
1319
8932
8169
1567
865
1589
4551
1874
46
666
1089
1503
1336
1374
7800
5170
7853
1297
914
1465
834
1313
6659
5368
542
5090
8166
3112
6428
406
1342
1543
183
1574
1411
1598
2937
4794
7731
1232
1174
1545
7509
1607
1551
2250
253
2154
1138
397
4963
3436
1506
1872
799
1629
282
5232
725
1403
6885
7106
8064
1250
1447
2302
8170
2294
1194
4548
1004
1302
8830
1200
1636
1535
8198
7822
1088
4150
1761
905
8849
1639
1125
677
192
6792
7266
1209
1468
847
1256
7446
8963
6480
954
7466
5640
1391
6180
6408
463
8538
2793
1329
8165
4024
570
140
3151
8446
4229
1509
2547
1384
777
8104
6493
1608
1494
1330
4884
1663
6557
1699
718
1723
69
1325
8003
1380
1676
1552
0
3180
7841
5994
1191
1415
2917
1488
931
2202
1585
1566
1740
5506
6368
1381
1637
1838
2889
1816
889
1711
4537
3074
1418
1395
6197
1518
836
202
1758
1704
8852
1426
1226
3110
5697
1647
8564
1742
5890
6800
7245
2904
258
1491
1655
4000
5629
1638
6257
4242
1433
8344
1621
942
1099
897
5433
4408
1161
1734
358
2244
2295
4620
1783
1547
1111
1581
602
8498
8307
1358
5198
906
1693
4382
328
1721
8678
1455
8752
6750
527
8266
1749
1499
8164
1409
2457
1219
8275
3370
1181
4002
8758
1331
5924
6882
877
1652
7897
2634
1648
5698
392
922
932
1431
7630
8232
6321
3464
1640
1544
7178
846
618
7722
7615
1828
8585
4224
6973
1827
7137
1452
8769
1400
1245
7388
587
1727
8245
1136
1157
2486
273
1251
8846
1863
5572
940
1861
832
2705
7362
7387
7262
52
1754
1363
1242
5097
1149
378
8026
7389
948
1687
1771
5361
1635
2747
340
641
2798
8172
1854
1659
1454
5748
4924
134
2482
8420
957
4485
1315
4683
1791
1524
2428
8731
8146
1444
962
8125
2790
642
5736
486
7234
6392
7252
6013
959
1850
6756
1661
5160
6457
5588
1236
1860
1166
1765
2919
7386
801
2148
8513
6904
1394
982
1931
1303
6404
7026
2467
4032
1143
6274
3047
6418
4357
8120
8691
7390
5390
3726
8242
3708
8205
3466
1502
1806
8389
6572
8163
1715
1044
1753
1348
3640
1514
1323
8999
1668
1733
1946
5941
1943
533
1627
6951
543
5734
4986
8835
208
1387
1065
580
1735
1202
5436
4833
6260
8881
1674
8048
5694
5866
1642
2307
3136
7185
1623
5215
3868
821
1646
1924
1932
6801
559
308
3750
474
1942
4315
4364
1145
5956
1993
2472
7653
3732
1881
5040
7433
7414
5271
1824
539
1989
8034
1977
682
6032
708
1367
7385
1026
6982
2900
2989
1665
8648
1029
1602
3674
496
1805
1238
387
5833
4202
7792
2039
1882
7710
1424
2049
829
1902
1601
896
8173
2966
333
4996
8931
3448
1649
1261
7449
2058
1748
8896
3463
2083
8248
2340
8918
1582
7489
6842
1132
2043
3713
1050
1316
316
4201
2024
8627
1631
5121
1779
6957
3624
374
4702
478
3090
6100
2075
2675
6702
1817
6254
1218
1961
8825
4716
1390
1595
713
7536
8855
8014
5457
2078
5940
2131
1237
882
7333
8600
698
7516
1713
2071
1979
1109
7855
1968
8348
1745
1790
601
987
6966
7651
2070
5913
1353
2022
993
1909
4972
2143
3956
245
3138
8162
1896
1927
8786
5125
4714
7322
7482
6373
1903
1554
1889
5087
6658
122
8964
1799
1818
1724
415
6109
1077
7932
6790
1471
1235
7701
1096
2575
2163
2489
1392
838
6598
238
7384
7673
5700
1714
1102
6813
1947
6320
881
736
8522
8977
1177
6763
1719
6081
4070
2008
2530
1162
3360
1481
949
2149
8592
1053
1705
1485
8432
1458
4186
2183
5580
6333
1507
8749
1118
8540
1919
7681
7392
1064
1495
1784
572
6469
1843
1845
2194
6285
2794
2697
2218
1762
1879
8993
1892
1505
2019
1449
2232
5027
1980
8761
1853
8727
2063
586
1300
1513
1839
190
2209
2105
894
6865
7330
4843
5560
3101
8818
2173
6510
2255
1523
8174
2261
891
8066
8137
722
8477
1984
7782
4546
2929
1531
626
151
3565
6644
5356
1871
460
1152
8679
1208
1326
8302
8452
457
1675
2135
2647
1901
1985
2247
403
8190
1066
6802
8457
2010
2188
2032
7869
7216
546
2284
1446
2894
8440
137
8091
2418
3969
6836
1352
2144
1950
7804
1090
3682
2029
2225
8909
1173
3993
1670
622
4368
628
2139
2044
6278
4713
2312
1164
1179
4165
1180
4647
1575
7730
1324
7029
2182
8865
2752
2101
2047
2733
108
2707
538
8609
2172
2066
2345
299
1587
6443
1103
2379
1192
8239
2324
964
6618
8161
1793
1801
5332
8377
1842
2809
5256
2026
4308
1371
7336
2046
8620
5397
2263
1884
2321
1970
2168
1054
2375
6962
1206
2384
4446
7464
4386
1527
1935
1645
1891
296
8986
5630
3072
1280
4456
1549
1619
5393
2399
5233
2660
593
2287
7649
2414
1625
1951
1123
2108
8211
2349
7393
8216
835
2213
1576
3456
5020
6116
1751
7020
577
2023
8421
4132
6190
2836
855
2944
1597
3880
2319
1643
6879
1460
7425
2089
8635
2351
7877
1073
6747
2136
5044
2632
2471
2470
5376
5606
3183
2402
2129
6772
4774
6680
1964
2118
512
2614
1106
2235
5701
2303
7148
1248
7407
7010
2124
1691
8273
336
3705
2147
2299
1899
1736
7608
2266
7864
4582
2116
2411
1997
7690
1160
6426
2437
2215
1260
8388
4260
5017
1781
1128
2740
8097
3462
8175
2459
2396
1987
4075
2453
3549
3210
7088
5692
2309
1270
1282
6270
8700
7588
2405
5292
1685
1873
7045
2463
1701
4270
6513
2087
890
917
5025
2239
1880
4474
8647
3990
1538
6166
6709
2353
5612
2055
2142
2654
2448
7150
1332
3532
2254
6036
4891
5382
500
1290
2301
2395
4812
2551
4199
1321
2641
8930
7705
4554
2274
2123
1225
2387
1135
2378
1345
2443
6712
5054
5511
2337
2388
2199
5337
7146
5910
7096
1940
1305
2234
6212
2175
4510
8369
2498
2133
2211
1239
2138
56
3586
2554
1017
6319
4512
955
1840
8251
7382
4597
2431
1227
5172
5824
1318
5590
2567
1975
1725
2093
7886
2865
2546
7317
1851
1945
5200
8160
2389
1894
2308
6577
2591
8506
1865
1023
1633
1216
1572
4291
2219
5178
2386
7659
2000
4798
2664
8801
5740
1039
1785
6867
204
8029
6462
8803
2514
1653
8556
3575
978
5305
1709
8614
3910
2097
1504
6567
7394
252
1528
8965
2643
72
4568
4311
7288
7246
3294
2644
8718
2109
1304
8111
2279
2407
2167
76
3862
2666
8080
2171
2618
4009
1811
4475
8046
1550
1757
3487
2042
8145
2161
1529
1983
1421
2456
8323
1365
8088
8336
1852
2633
5549
4056
1398
5276
5548
2329
6731
2479
2306
5792
8739
1787
7905
7990
916
2371
1974
2348
550
2926
4609
462
1038
2736
1743
2603
2609
2072
2619
1382
8858
8466
2756
2520
5878
2715
4205
1918
2702
7776
7161
6310
6263
2223
4545
941
2276
2638
6161
2745
8799
2447
694
3408
7166
1939
1826
170
370
2741
4409
8130
952
1399
755
2334
1186
1401
3061
2150
2645
7236
2485
1340
8805
1577
2495
2478
2251
2727
2190
1408
7327
2795
1456
5464
5547
2743
2500
2330
8680
2582
7857
1697
2772
5214
1139
5052
3375
1417
3769
1763
8707
2271
1833
3134
1436
619
4793
5242
2627
2491
507
6538
479
1425
8326
2214
738
2759
6073
4092
5421
5702
3153
4914
408
2326
2160
7452
8259
2651
8520
8692
7437
2153
2430
2842
6037
2156
8604
5402
1904
2849
8357
4282
8575
6360
2240
5008
8075
2229
2246
5650
2315
3336
7102
2292
5683
6788
8470
2855
1012
2174
1284
8542
1461
1265
1600
3676
7144
5598
161
2864
1163
3774
7381
2076
8115
4248
4694
6820
6280
7040
8320
2233
1406
1864
2834
2397
5517
2327
1921
61
5595
2017
1310
2915
8746
1467
6649
1634
732
1469
8561
2073
2767
4066
3661
1472
8159
2679
1965
2595
2723
2787
6205
1476
293
7922
5754
2753
6417
2737
2537
6944
7633
4572
2177
1482
2192
8572
900
2947
4151
2671
2357
2189
5937
2107
8764
2771
7111
1254
5065
3064
7395
2887
2949
1560
2780
2655
853
1682
967
2243
8917
1496
2534
4476
6520
2762
211
3490
1914
5302
2911
1622
4936
2777
7814
2571
2906
2659
7135
3424
6706
2903
8890
3002
3015
3014
7058
2314
3021
3554
3867
2708
4970
2847
8797
2270
7837
2711
8011
6136
8422
5096
3020
1517
281
2823
2025
2999
1539
3576
1240
2282
2335
4852
5659
4012
8588
2824
6478
3384
590
1526
2599
2691
1516
8352
8487
2967
8068
2770
4227
1777
2484
6300
8807
2768
1022
4920
1019
6804
4910
2377
1844
4508
7969
2933
3023
2980
3001
1540
8713
6096
6293
1542
2204
2535
1146
2265
8840
8578
2061
2923
6115
4218
3077
1195
8646
7638
3025
1831
8387
2583
6318
4190
5919
2883
1453
3040
4732
7874
1580
2130
8978
2336
4113
2057
193
3041
8236
2006
6681
3046
4560
3556
8929
3059
2681
4022
4771
1796
7130
4470
1420
5800
995
1847
8885
2668
2442
1570
2693
6400
4930
2661
2612
2784
5836
3420
6833
1322
2720
4748
2914
2892
2001
2613
5817
2444
3541
3834
361
1807
2742
5678
5989
1082
3461
1588
2113
3093
2838
3127
8462
2322
1470
2650
8433
7978
3172
3171
2121
3932
2694
353
1739
5758
2639
1594
772
4156
7817
2724
1916
2584
1611
3164
774
3039
7368
4334
8511
2483
7661
2060
2137
2806
2925
3188
7415
1605
3198
7032
1285
3107
8784
1731
2145
3179
5545
100
292
6012
2722
2863
5719
3792
1658
7198
2871
1615
2597
3120
7535
3185
7749
8966
2346
3652
4901
7788
8551
2682
3099
3032
6389
7306
3096
6990
1119
399
5082
1681
7107
2959
2973
3113
6635
1929
3043
4854
2746
2526
6458
5058
7089
7562
466
3193
609
6504
2181
1212
2721
7750
7304
2117
8158
4838
1686
2825
6407
2013
8626
2355
8329
3018
4950
945
2085
7214
350
3245
2110
3282
3281
3103
7563
3244
3653
1650
2542
7462
1129
707
255
1900
928
2978
2665
3242
2002
1255
8271
5080
6573
7396
2195
733
3266
1660
2316
2392
2507
1662
8484
2807
3279
8772
2631
7560
2699
2545
1677
6516
4949
2533
8221
2971
7693
2957
8820
1671
1354
2698
8569
1673
4613
8376
5101
2605
2873
2196
7751
2401
2610
673
7017
7746
7625
5874
6211
5690
3304
2669
3181
4902
1122
6148
1249
7564
7505
1484
2474
2729
2455
1688
8681
3119
5637
4544
1141
3311
2958
1692
5469
1593
277
3029
8795
8634
4477
7142
568
3207
7889
1698
7308
6560
1949
3248
4883
2552
2594
3143
1978
2555
5498
3299
2450
2527
3319
1273
2011
3366
8136
1708
819
3510
2924
1710
8493
6090
5092
2854
7559
1532
2506
3135
3097
3247
2964
933
237
3019
1609
51
2714
2579
7797
5050
6063
2827
3091
2568
8809
6656
1101
3269
3044
2041
3443
3442
4797
3327
7581
4498
1091
4898
8085
1830
7115
6958
1717
1775
1268
1867
8872
3204
3531
3429
1632
7752
3057
3940
2426
3033
8178
8832
7745
6394
5655
1741
3049
7302
8254
3742
2220
5138
6357
3200
7645
1746
2819
2170
2420
4252
1498
3133
5553
8876
7012
1895
1875
5266
2761
3389
1617
3258
5970
4104
1170
430
2811
8908
8309
1768
3338
3423
2673
6916
7283
4278
6805
236
214
5806
2908
3471
7491
3197
1999
3058
2524
1767
5544
3517
907
3409
3881
3654
2361
3100
1898
1772
3719
3489
2994
4182
2381
6876
8441
1952
2488
2636
5829
1264
2835
4710
2461
8474
2544
8362
2851
766
1188
7600
1804
3518
2169
3305
2778
1536
7267
2432
8044
2523
2385
3225
567
2805
6737
3359
3314
2281
7263
2391
5366
3434
3422
3142
3038
3137
8987
2696
5434
4040
3118
3511
7985
6744
498
3569
1450
3004
7379
3328
3527
2983
2511
3482
6296
2640
3460
3163
3223
3563
8827
3438
3144
3203
7930
2717
1759
3551
3275
3152
3520
2540
5315
294
7753
5840
4335
3452
8994
1366
3367
1819
1407
7744
8423
7566
3104
1822
8157
3599
4726
3499
8895
3508
3600
810
5033
3494
3603
8518
912
1829
1439
2373
2441
2184
2198
1798
8645
3315
5605
3302
5331
2951
1908
4642
1061
3067
2657
6060
8861
3265
6336
2629
6175
1841
3617
3297
6699
2317
3280
117
7801
3675
3560
8928
2216
3447
8544
1569
5401
2404
582
2677
3656
3117
2818
6848
8119
1973
1359
3702
2508
3567
1821
1616
3673
3693
8386
2872
6777
3224
7097
2987
8037
3051
2979
6282
7421
4360
544
7310
3156
2260
7820
1866
8701
2801
2256
1868
421
3195
2354
2201
7557
3455
5573
3519
1990
1936
3259
1810
6771
3625
6001
3818
5950
1877
2600
1878
3630
3727
2248
7324
5711
3525
3513
6588
8004
2587
2569
4602
2096
4664
3233
2515
2783
2367
5389
1888
7057
1042
6977
3451
3749
2808
756
3386
7319
1052
3201
3584
5157
5832
540
8032
2701
6066
6309
1131
124
3647
3746
6114
674
3271
8693
3277
8619
3543
2976
6786
8967
7188
1726
3858
2615
3709
3123
3748
980
7670
1976
1910
7970
2231
2549
4556
2224
3695
3296
3063
4131
7754
1558
3593
2975
3330
2557
4848
2452
3583
4650
3484
7743
2882
8368
3469
7769
3415
2565
2749
1789
2843
588
3477
2620
7628
5145
3383
1906
3817
3596
1930
2630
3815
3571
3376
8179
8000
745
1934
552
3320
2713
3780
8343
2683
2791
1938
8793
3547
2435
6894
3805
2503
6898
5750
7675
3721
2100
2356
2831
7508
7777
3657
8481
3350
3125
873
3088
3809
6752
6004
6243
5260
3620
5148
7835
1953
3701
4478
2559
4044
7001
1956
8743
5456
2492
2955
1375
4410
8916
4904
4207
8868
7542
2415
7714
2454
8200
3794
5543
2948
7156
1966
3147
3115
8453
3758
6703
1969
4638
3795
1720
2719
32
3580
3851
2208
1314
6762
8811
3883
3413
3812
6967
2943
2021
5826
794
3684
1630
3608
8682
7556
792
3364
6884
2815
3842
4818
8767
4170
6908
1986
7171
6380
2828
3756
1486
8070
1769
2690
1137
3887
1056
1992
6999
5958
3671
2393
2081
5392
5793
8192
6585
3773
4784
3731
2003
3950
4521
2667
1657
3827
3114
1788
3609
4506
2538
2469
3888
7486
453
3121
8212
2509
3604
3361
3468
8566
2817
3597
8880
4019
1604
3497
2028
3285
2734
6806
6648
2015
8332
3289
7921
2931
1559
3965
6755
3507
4993
7434
8103
7350
1955
3467
8979
3929
3573
3509
8156
2891
3996
2
8496
3379
2034
652
3968
3369
2226
2030
3789
7720
3974
2412
7519
4516
7177
3987
7755
5294
3428
7950
7163
2372
6378
5018
3492
3263
3387
2040
6871
7742
3267
2950
7949
1664
6766
2577
7515
3979
2773
3725
8347
3167
3688
4014
8732
3607
3770
6266
880
2051
5610
6628
3056
7616
6718
3698
8837
3340
3680
2077
5775
3797
178
8458
3026
7700
3431
3205
5100
3651
3374
2423
7909
3439
8018
3303
3341
3122
3980
8608
5981
3618
7444
7948
2590
5776
3635
3765
4007
6536
3667
2763
4003
3912
4115
4880
5653
4792
6953
3148
125
3116
2127
4073
3401
3579
3837
8434
6655
3845
3331
2517
3005
2203
4381
3474
5915
2558
8233
6210
3249
4117
8129
2088
4527
3295
3502
3988
1277
4167
2789
2092
8599
3901
6473
3351
4977
3165
3954
3235
691
4336
8217
206
1515
994
6821
1683
1869
5998
3334
2678
8339
3601
3581
5912
5967
1262
3000
767
3307
3161
3174
3761
3078
5562
3897
4122
2059
4095
1525
2112
7947
5576
2927
2114
1130
4139
2821
2262
3629
3882
8314
3353
5235
3412
7312
4140
5086
2621
2829
3473
4158
3923
1555
4296
3860
8708
6840
3521
850
7360
6997
2128
5527
2291
7025
4824
7953
6470
3734
8008
8644
4157
1443
2561
1276
4564
6578
2475
3999
4968
2820
4221
3382
4251
5773
2140
8613
4231
7582
4420
8424
3823
1334
2859
8927
2342
2861
7828
3435
3937
3841
402
2038
1703
3552
4208
5118
2151
2869
5716
1440
3230
5648
2996
3352
5344
1134
3594
2556
8728
1438
2920
2953
3779
1614
4618
8077
3857
4083
4143
7259
3003
3444
2689
3798
3590
4925
958
2525
4592
2499
3855
8375
3919
6625
4174
2726
3013
8633
3811
2176
4932
5208
7756
7475
3807
7005
7946
5535
47
7704
7122
2905
2833
3655
3771
7460
5010
8385
3775
7569
4146
2162
3495
3378
8504
3613
4130
3849
2257
3976
4091
4561
3649
2358
7534
833
95
4039
8736
2014
8782
4101
4274
611
8584
3196
4237
1464
2785
7929
3957
8558
4099
4331
7954
7471
3669
3523
5778
4192
4183
898
878
3529
2205
2941
8968
1230
4323
3577
3947
4863
4062
2570
6946
612
7416
4377
6830
6169
4181
785
2853
4148
3816
3717
3694
8143
2217
4373
4730
3859
7212
1885
1076
6391
7298
3178
2963
6179
3891
7636
3826
3854
4283
7073
4060
4421
3411
3326
2228
966
4236
7192
7254
2152
3677
4088
4367
8719
3895
3909
305
5363
5772
3062
5350
2134
1257
7904
3236
3962
3839
6016
6384
3227
5688
3704
2242
2543
2991
3262
1982
8791
7072
4176
4290
8625
3515
7605
7892
7035
4389
6057
1941
5587
2814
4451
2252
3506
3095
5922
4399
2593
4415
4362
4471
4923
3745
3050
3202
8356
4384
3287
2480
1534
4465
7028
4233
4454
8822
3356
4322
8591
7554
4490
4489
4203
3611
7049
2268
1512
3631
3345
3027
3585
4297
2936
2528
7039
4419
1115
7686
4106
2275
3740
2782
6683
3416
971
7168
2521
4499
2874
1862
1520
4400
3215
4347
3553
2283
7996
8262
1988
2285
7805
2286
4391
4523
6690
4493
8813
4722
3879
8042
7477
6156
7332
2893
8509
5156
2035
3220
6723
4543
2907
2296
1837
8448
3679
1058
4220
4169
1848
6192
2313
4786
4496
394
7971
4442
4189
1295
2986
3458
4318
1750
3028
4047
7528
2653
2909
5442
3766
2310
4053
8756
2774
5638
7823
4263
3085
6476
8553
6354
4249
4302
3398
3687
3753
4464
2685
3943
1546
2325
5665
4535
5900
4507
6459
147
2146
4424
8243
4065
1915
4159
2786
4228
2998
4246
2832
8246
8257
4238
8851
4557
3357
1351
2094
3111
7757
8848
1556
3055
5413
3935
4444
4142
3832
2338
7248
4055
8057
8284
4013
2341
7770
7740
8714
4287
3759
3885
6223
7570
4198
3238
3129
6902
4058
5898
3739
3054
4379
7014
3076
4325
5597
4343
7119
4279
3877
4704
3470
6574
5448
7070
8907
4625
2111
4380
5581
4129
2663
7944
8282
3542
4549
3335
3559
2363
754
4333
4017
2365
1744
2366
6252
4587
7914
3481
1414
1716
4575
2370
3722
3955
6225
7180
3231
2241
414
5918
8181
4195
4171
3177
4837
4345
8889
4133
2380
4691
4759
7158
8478
4756
4755
4754
4753
4752
4751
4760
7727
8694
7665
8110
3819
3073
7541
1445
2347
4547
8286
3187
3782
3587
3632
3323
8059
4616
2434
3917
3449
3685
1770
7956
8603
8988
3105
3441
2290
4749
3733
6594
4630
3355
3570
4093
8442
2403
7882
3699
2902
3961
2067
4123
3729
4643
1051
4097
1967
4337
3213
4447
688
4526
3257
4651
4469
2413
2125
7590
2221
3925
2186
2416
5175
3905
8114
3169
4206
3714
1092
2374
4275
2421
3229
4846
5379
4735
2857
3899
4696
3638
1522
4193
6467
6490
7329
3392
4663
2429
997
4432
2573
3219
6226
3243
8864
5902
4043
3589
3472
4740
3491
2436
6535
6308
5026
3372
8915
7098
2074
2440
219
2992
8193
4992
7689
4699
1584
831
4598
7108
5556
2446
5952
2207
7069
1018
8643
4164
4378
6238
2069
8280
1960
3011
4829
5038
4530
3927
3273
4591
8053
4724
3124
4160
4235
8926
739
4627
6361
2460
4661
3546
5886
2464
4779
1317
3998
5342
2804
8854
3260
4125
3524
4747
1802
7128
1795
4654
7833
4339
4262
4703
6338
2913
3951
984
4645
2409
8093
4110
8845
4897
2264
3796
8702
4943
4942
8240
4940
4939
7943
2481
8425
3410
8154
4511
3363
2981
3313
4858
1362
7680
4649
4495
4528
7376
5377
2288
3892
2490
4529
8750
4069
4154
8563
2493
4814
4619
4277
3743
4187
2323
5823
2585
1922
3926
2476
4579
1666
4632
2376
2501
3184
2502
5733
4068
8980
4826
6095
4295
4697
4790
3790
4768
4668
4473
4298
8288
1292
4847
1466
3767
3349
2406
6364
7758
3175
4823
8361
8884
1437
1298
3034
1644
8724
2518
4631
4319
8061
2769
3337
4952
719
2522
8995
4416
4341
7850
2054
4851
5681
4787
802
3159
2197
3371
7571
5706
4314
6914
1327
4919
6488
2877
7354
6770
1780
5770
6878
6102
3915
2230
8775
4967
3783
4008
1013
6162
2764
4234
8123
2541
4886
6642
4918
3391
6386
4581
8335
4828
7596
4811
5321
4961
3318
7400
7885
1886
7613
2921
5053
8096
4324
3403
8367
2553
3405
6080
5265
7240
4893
2730
4974
6186
5031
3199
6907
4479
3844
8226
6816
4955
5001
2562
4109
8090
3838
5126
8471
4105
5123
2566
4074
4707
7493
2686
8463
5856
4767
4285
7467
5075
3086
2792
2916
4289
3626
4119
4266
7920
6273
2576
8531
3866
4463
1224
2972
4127
4366
2580
3942
8306
4864
4603
6617
6076
1722
3994
1214
5103
1815
3873
2005
3402
8740
4166
8435
3884
3971
4138
4452
5021
5726
4210
6399
4247
7488
4957
7601
4306
7296
5140
4155
6808
2718
3683
3465
5670
4712
3977
7422
2601
7641
5129
6181
5176
7928
4989
4245
4608
4501
4953
3814
5512
8529
4845
616
4486
1148
2592
3414
4789
8533
3548
8789
3084
4979
5003
5283
5187
830
2616
4994
3828
8829
4466
4861
5059
2179
8894
1422
5220
4999
5116
8770
2623
5084
5109
8051
3738
3446
4121
5995
5219
2155
2628
7672
3681
2439
4519
2531
4135
4913
4795
6396
7552
8222
1497
3764
2635
7876
4418
1923
4948
2079
5171
6931
5135
2048
4372
4108
335
4675
4905
2090
2695
4128
4875
6228
5093
816
3544
8106
3558
5673
4892
943
2036
1766
3132
2739
4895
6277
1610
6954
4617
3037
5273
3430
5794
4162
5195
5279
2505
6929
2333
4908
5186
3582
2037
2158
3145
5274
3696
6289
5183
4817
8632
8815
7264
1994
3485
6932
4147
3557
7958
4635
5329
5110
2670
7852
8142
6700
2364
2417
5222
6358
6042
2781
6684
4241
2676
5289
3616
1624
4637
8267
5091
1786
8374
8311
5926
8012
4865
5904
3952
1479
5370
7043
3475
4775
5137
4514
5119
3333
2680
3904
2608
5072
5189
6203
4671
6993
2692
3154
3591
2082
1258
4706
8762
1995
7798
4264
5860
4450
4540
8290
5204
4188
2662
5971
5618
3094
5354
8834
6112
426
4145
8527
5042
5411
5410
5409
5408
65
4815
446
3793
1060
1905
2875
5343
4804
5333
8535
4660
7972
3619
1971
5854
4805
7868
4701
3623
2868
7842
5046
4079
6933
5254
8063
4082
4355
4667
2178
7738
972
5013
5287
5534
3894
5327
4363
3967
4172
2728
4610
5319
4072
5113
5303
4780
4054
4937
2646
7572
4739
4375
6082
5267
4209
5405
6295
7278
8857
5124
8153
576
4163
7116
8587
8118
4387
5339
5114
4959
5209
4574
1548
4395
3168
6862
4866
1991
4576
2748
6145
5099
2990
6486
7268
4743
4403
4370
7359
4589
5798
5451
5731
8842
5557
4601
650
4136
6064
2328
592
5239
6098
5246
7375
7080
4744
4604
4938
2095
450
4584
7326
4430
6897
8322
5357
6822
6049
5513
4494
5041
5286
4874
8230
2166
1178
1389
3697
344
2227
4624
5245
4431
8325
1944
6927
4857
3261
2607
7941
2779
7165
3707
8642
5132
5473
4553
5953
5255
2800
3934
7533
5491
1405
3637
8925
4427
7009
2788
3984
3042
4578
3574
6721
3791
4614
5459
8747
3080
3644
7692
4995
8128
3440
7458
4944
4665
8454
985
3108
2799
2879
5427
7431
4669
6860
2797
4004
2803
1086
5499
3419
3781
3741
5291
2245
4991
7794
4971
3666
3936
5625
1954
8213
5262
7281
5478
661
5438
4762
4503
4636
8514
5073
5351
8087
4020
4734
3981
3963
5591
6218
4835
5521
4232
4204
4709
126
5487
4841
5184
1094
5180
7726
1778
6106
5275
3216
5036
3368
268
3995
6534
3720
4483
4634
3339
8875
4359
6126
5264
7540
5293
1890
4723
4539
4256
8426
5423
2895
4596
7417
5240
8780
7812
4926
8276
1033
3092
8030
5554
3007
4057
2031
3941
1005
4983
8709
2848
7551
5471
2091
7908
3342
5611
5134
4239
4982
4429
4916
8970
2468
3550
5567
2856
3284
2830
5386
2858
4084
2304
2997
2860
2812
5642
5244
4112
5477
4653
2369
7048
6893
1836
3380
7066
8040
5633
8624
4849
7092
5015
2419
2870
3872
4307
1126
5238
6279
5223
6926
3672
6691
6986
1568
5306
8871
5419
4286
2020
2390
5699
8537
3648
8383
5519
4611
3843
4338
5627
5399
3065
8695
7210
4402
4250
5060
3393
8134
5349
8183
5490
4941
5324
4326
4819
5485
3155
8001
4340
5585
5309
428
7854
5056
3017
7255
6372
5745
2102
1573
4349
5308
5594
7802
3711
5589
6968
3395
3799
4922
5228
7863
8194
4695
3875
7427
5657
4708
3787
528
5043
5429
4911
4976
4536
1294
2912
8319
4153
5761
1289
4997
5133
5880
5146
8301
1002
8824
5297
5713
5712
3024
4317
7183
4467
5739
1269
4890
5550
8577
5669
4773
5340
4885
7196
5193
5367
6809
5251
5480
5789
1669
4956
3730
5130
5795
8488
8914
5102
7081
7992
3592
2935
2516
5380
7826
5762
2932
2938
2626
5788
3503
5104
5234
8328
5314
4280
2954
5503
7737
5579
2191
5226
5466
5051
4607
5532
5359
3931
5502
5968
3715
7652
7620
5575
678
2952
8685
5531
2572
5839
8612
6054
2104
7940
4406
3322
4655
8292
8571
6858
5538
2960
8607
5631
7840
2962
5476
5879
4960
3432
8475
6388
2293
5804
6666
5431
4397
5322
5055
7818
1147
2970
5613
8906
4764
4715
8459
3256
4037
4899
4327
5453
4344
5136
1996
5237
1355
5258
3255
5883
3973
7634
5250
5821
6230
3924
4980
5221
5486
5899
5117
2709
5312
5089
2755
5582
6269
2988
5528
5933
3346
6208
7136
8218
3989
5815
6249
5730
5617
4684
5954
8342
8065
5951
870
7656
6589
4656
8491
6010
8981
2438
4001
5143
3140
5602
3388
5495
4005
6256
5759
5875
3192
3006
6307
158
6217
5369
3703
5718
4682
3010
4988
5723
6672
5763
8989
4520
1288
5939
5378
6005
8485
7960
7591
6029
6028
6027
6570
6025
6024
6023
6043
6022
4029
3022
6259
5039
2965
4426
2016
5695
5362
6346
3906
4541
5948
1928
7927
5261
6122
5224
4041
4830
5964
4868
8879
2846
4045
3920
4600
6286
5816
3036
8346
5647
4791
5064
2126
5999
4700
7514
3658
5069
5482
6017
8787
4267
5190
5749
3209
3045
5415
5551
8443
3237
7016
3048
520
5489
7650
4067
8507
5991
6034
3052
5394
4681
7065
4887
5955
7374
2703
2222
4214
1794
6732
4990
1187
6094
7913
7294
5422
4177
6089
5352
4413
5488
6978
5841
7831
5474
2018
5085
4552
5537
4692
5213
3760
5074
5432
3070
6901
5923
4915
3665
5280
5944
1684
5414
8555
8208
8260
6730
7498
5867
3246
5417
5131
4927
5268
4502
7703
3081
5205
3082
6484
5623
5969
5934
2056
7550
231
5907
5680
1171
5111
2625
7507
1962
7341
7284
5966
3291
4947
5154
3836
5847
2062
4301
8355
6754
5400
6155
8523
6153
4404
3098
8765
5199
5882
6051
6685
53
5524
3102
8817
5167
826
5979
8703
3008
5978
5684
1168
5767
128
3190
8502
6139
3804
7038
3762
4491
5809
2757
8539
6209
6673
8436
2716
4673
3012
5194
6134
6018
6038
5066
1072
5570
4693
5830
7903
5797
4388
5768
7779
8560
4179
8
3628
7402
5771
3126
8580
5358
3605
3128
8641
6129
4678
8924
306
3131
5844
8598
4258
6131
2977
5632
8405
8404
5903
4855
2760
5467
4449
3182
5732
820
2648
5852
3621
3141
6610
5387
8274
6071
8141
6219
4853
6734
5858
3146
3776
5249
4197
8860
2845
6886
2624
3150
4010
8406
5819
5441
8733
2004
4906
729
7483
5785
6518
5862
6906
3399
1434
4211
6883
6960
8202
3160
8715
4215
2529
3162
4217
3615
7606
5784
8867
5791
6117
3166
4033
6143
7997
5191
6627
4928
6550
3170
7987
6187
7761
4674
8839
6306
6305
6304
6303
6119
6637
3176
3803
2588
4393
5983
3459
6347
2813
5720
5165
6343
6937
5304
7034
6339
5210
7736
8407
6290
5564
3186
5609
8402
3106
5884
4954
3189
6646
4480
5891
3191
6868
5355
5530
5449
4448
4259
5892
4223
4261
2253
8568
6329
8729
5725
7617
8102
6052
7272
8971
839
4269
4517
1396
4271
1263
6245
6244
7574
4080
3206
5323
5505
5174
5057
8373
6377
2710
5497
8427
6337
5396
6397
4917
6522
5141
7718
5231
8494
6630
5656
5147
3217
6849
5364
7961
6359
4293
3966
6213
3221
4729
6152
5963
6199
5426
3212
6551
5727
1347
6173
5028
4945
5812
3228
4305
5779
8338
5743
4392
7648
5755
7610
5803
2918
2236
3234
4219
8744
4417
3691
5616
5454
4294
6240
8401
6074
7772
5555
7785
4862
2642
5786
8996
5365
5870
6168
6981
6065
5737
4583
2560
6033
6229
6193
6224
8482
3930
3545
4644
5529
6533
3252
7209
3253
6150
5269
6955
5475
8382
5947
5211
6195
5536
5849
3598
4889
1738
4565
4820
920
5248
5493
8331
4049
8888
5747
5996
8360
5106
6366
5173
6492
4272
7490
2735
7242
5696
6330
2180
5071
4912
3272
4026
5243
7597
6039
5218
6604
1712
3276
7981
5708
5908
3278
6641
4509
2940
4946
2744
4064
4350
6431
6489
7838
5078
6810
7463
4027
5320
1925
7725
2539
8294
3288
4385
5007
2896
5501
7353
6183
6079
4698
4834
6491
3723
4353
8265
6255
4594
5808
8255
6207
5936
6067
7821
6422
4437
5197
2200
6499
3512
5504
8409
4719
3400
6056
8151
7024
5341
5674
5144
8400
3053
5514
8686
6549
5668
5850
3975
6485
5574
3009
6472
6471
4896
6442
6923
6652
6035
3316
4175
4423
1756
726
5835
4398
5037
2810
5620
6287
3986
4633
7629
6167
284
3324
4433
3325
4973
4329
5604
3800
4120
6559
7695
4439
939
6438
5814
2273
6449
5661
4935
3488
6421
6124
5807
6393
5774
5068
4178
5067
6202
6439
6736
5943
1275
4111
7113
2884
2876
606
7549
3343
6412
6085
8067
4856
4376
5980
4016
6463
1679
3501
7143
2084
5781
5843
7083
6748
4396
5685
6353
6227
8617
8350
7123
4803
4570
5801
8122
5985
5894
3358
1760
5375
8737
4481
7891
5412
1344
8022
8019
4842
5861
6609
7027
3365
3404
6363
6414
5893
6972
7938
2343
6144
2888
3871
5796
3270
8602
7660
6707
7442
6177
5777
6234
6527
4721
3865
6157
6237
4320
4590
6007
6083
3861
6669
5728
5873
5288
6367
3864
6623
1933
6474
6622
6568
2331
3785
8195
8410
6041
1913
5905
6059
6325
3390
5993
6015
8521
4796
8399
4114
4742
4461
2099
5942
1667
6880
8113
3397
1283
5664
3660
5881
8308
8696
2267
6497
8773
4878
5346
4599
3896
6128
6350
5108
6055
3406
6611
6446
8512
4505
2272
6566
1113
1473
5311
4455
8541
6639
1501
6575
489
5328
5048
1672
5169
4555
6275
3417
5666
6048
5509
6584
7250
6026
2280
7806
6511
6803
6264
6419
1035
6769
6742
6741
7042
7318
5639
7602
3835
5460
2867
6075
2465
7674
8893
7762
6479
5929
7179
8590
3983
5384
201
4975
2606
8550
4374
6351
8109
5820
4468
7448
3396
7962
918
970
8913
3453
7707
6815
1958
1287
7735
3445
7305
6127
7403
6863
2298
6448
2775
6539
6565
999
4778
5703
3700
6362
1361
5651
4605
3454
6206
5615
6088
5011
7495
6615
7120
5764
8033
6799
5120
5783
5634
6592
6619
2765
6668
6061
5416
2898
7126
2394
2320
4586
6496
6503
6586
5896
2445
6409
3264
6395
5034
6859
1480
6643
7926
5859
3109
5236
8185
5371
6425
3526
8883
5252
2318
3478
1846
6569
5938
3480
4641
5347
6765
6191
1435
5225
4810
6892
7047
6890
6889
3486
6416
6751
6375
2185
8923
4434
4832
7418
6142
7162
6544
6251
8640
3493
5542
6854
8725
8398
6593
4869
5920
6776
7669
2837
8947
8468
384
3847
8948
6591
5603
2901
5004
6959
6590
743
8623
8664
3643
5523
2942
6779
5158
4813
5032
6746
7585
581
8982
6839
8946
8662
1737
8272
4685
3514
4894
6947
5888
3516
3087
8038
8949
6677
5428
6159
1859
6250
8127
5014
5682
3522
5012
6891
4321
4328
5494
3763
8665
4152
6547
6271
7364
5317
4705
6943
8802
6847
5863
8016
5679
6665
6696
5889
6292
3848
8785
7334
2816
4330
7331
6843
5142
6284
1957
7031
8945
3089
6782
2115
5667
5296
4459
6201
4725
5671
5463
7007
3825
1416
6764
6979
1110
3476
3903
6460
8950
8778
2103
6881
6761
4806
2368
4566
1432
5533
2187
4063
4300
8800
4268
5336
7865
4962
4745
3833
2885
3692
8303
4758
7023
8972
7021
6632
7870
3564
4766
8804
4550
6785
5707
6466
8464
3568
6784
7037
6561
6726
1213
6495
5715
6875
7287
5622
4765
7099
2339
5689
8045
6663
6200
5047
956
7858
6710
6451
6775
3945
6758
5372
8565
2249
8944
8660
5076
6629
6011
3344
6976
8710
6682
4783
849
7140
4785
5479
3728
6845
6940
1341
6529
6077
7974
5828
7174
5751
7002
5928
5757
5885
8951
4021
7309
7075
1937
7124
3878
3232
8905
2086
6945
3602
8819
7139
6140
6221
2840
6092
3329
5202
7154
8412
3540
6791
1511
7086
5654
3610
449
6965
6984
3612
2408
5281
203
6921
8667
6327
2410
6385
8223
7127
5722
5263
1487
6087
6634
6935
6387
7548
7207
7206
7205
7204
7412
7202
7201
6900
1057
5641
7074
5227
6975
7041
6733
5444
4900
5906
3496
6613
2007
5446
8479
5601
4436
8826
2141
7103
6110
5241
6603
5932
4212
6735
4984
3639
6371
7592
8943
5152
5619
3642
8659
8990
2563
6864
8798
5468
5164
6985
3060
7199
8381
6941
6248
6267
5935
6084
2712
2289
6869
5649
3016
5563
5868
4226
4006
6989
6316
7244
8437
6819
7241
5470
8952
6099
672
6834
4881
4161
3662
6326
8806
3663
6281
2344
4200
3394
4144
5848
6512
1809
5644
4196
6846
6605
5112
5837
4025
6272
5914
5277
6137
6679
8313
7249
3293
6135
7200
5212
5959
6103
6348
3678
6912
1333
2258
6952
8687
5259
6807
7191
8244
8668
6268
7235
6824
6595
5756
1800
5383
8296
7078
6509
3959
3689
6236
3690
1917
7351
1217
7121
7799
6502
2462
6650
1823
6895
522
5325
8863
8630
3149
6164
8472
7056
2548
5447
5987
1312
2961
7313
5465
6235
3953
6915
3806
7173
7203
3706
1729
5561
8444
4484
3641
7405
7051
6184
7763
5975
4124
3712
7398
6667
8942
7347
7346
7345
79
3716
4460
7149
7251
8658
7773
7008
5206
4965
3373
6722
6204
7153
4738
7409
5159
3724
7795
7734
2519
2510
4969
7003
5721
8836
2796
7219
6631
6313
4876
6841
2985
4679
6942
5600
6401
6971
5982
6988
8953
7271
6554
7286
7829
4441
3916
6599
267
8334
8247
7780
7293
7292
8413
6911
2897
3744
6445
4515
1020
6410
5525
858
8704
4438
4414
7918
6961
7160
7380
8396
6003
3752
8519
2504
2433
8372
7307
5735
6829
5201
6948
886
2119
7261
7260
2751
6899
4497
4781
7576
5374
7101
5030
6936
4563
5270
7087
5917
7358
6783
3031
5023
8754
5139
2512
7323
6125
7077
8105
6715
7369
6241
6365
5660
7208
4457
3772
256
4799
5035
8543
1694
3083
3778
3239
6047
172
6108
5122
6903
3208
7499
5592
7213
8241
1773
8611
2839
7637
4559
6564
4023
6995
4802
6465
7169
7181
6689
3427
5687
8850
2890
5458
7194
1120
7878
8186
8796
8757
4518
7059
6453
6873
1654
7190
7295
10
6515
4284
3801
8941
3069
7176
6543
3670
7239
5628
8450
5957
3533
7439
7530
8209
4265
1070
7565
8657
7503
7502
7501
8076
7408
7365
3813
3614
6757
4253
7523
2968
6247
6464
7497
6837
5229
8741
7145
7217
5127
5418
7447
6949
8808
2212
4687
6261
3824
1797
5738
5652
6276
7131
7391
8954
6992
6548
3829
4877
3830
5621
7184
7299
2532
1402
7316
7457
7456
8092
6661
7717
5115
5310
6258
7220
7275
6581
7167
737
3840
8847
7071
6147
5207
4094
5765
1730
4524
6789
6939
5381
3846
2564
7093
6501
6158
165
7435
7496
3850
646
6827
4622
3852
5373
6498
3636
6424
3504
7229
6624
7936
8095
6767
884
4964
3214
7079
3555
7193
3308
6760
1490
8922
7401
5151
5976
6814
5153
8028
8365
5155
7243
6299
8013
8670
4085
7438
3914
5845
7568
8606
3251
5742
8639
7561
7622
3874
8505
5813
2122
3876
6344
7982
3479
3978
2513
5029
5876
4652
8853
6851
7030
7611
5177
5946
7361
5179
7988
7481
1563
8196
5326
7443
3332
3808
4443
2496
6355
6430
7420
4821
7739
7011
7344
7315
1620
6149
2106
8414
852
5313
8231
6447
2598
3898
3595
6888
4303
3900
8557
7328
1428
6113
8219
4879
7397
8460
8940
7253
2278
5911
7484
6402
262
5552
5895
7419
7430
4666
1337
6519
6555
7258
6671
3913
4648
5019
3437
84
5822
4850
7664
8656
7662
3918
3283
7594
3949
4736
3407
3921
7321
3922
7314
7781
6345
5965
7778
4831
4639
7545
4191
4909
3309
3928
3578
7589
5658
8874
7273
4354
8697
3736
4240
3933
5516
5569
8955
7367
7925
7626
7524
8258
6930
3938
8973
7091
6918
7964
5253
5693
6030
5857
8149
4929
7349
3944
2427
7423
6138
3946
1578
6579
8354
3948
7567
7504
7238
7599
2946
6991
7377
5962
4746
7138
8270
6601
6182
5887
2982
435
6069
6596
8250
3958
7274
7639
2706
7455
1477
7640
4888
7627
7575
7527
5285
7441
8760
6729
8912
6441
7819
5455
4513
3622
4690
7919
2956
4028
7708
5295
8006
7197
3997
7555
8586
5299
4872
7871
6040
3856
4772
7683
8997
7784
3139
6964
6031
6856
8263
1680
3317
3982
7537
7775
6850
5578
8671
643
3907
7658
19
6844
2658
7343
3173
7643
5450
6174
790
3991
7520
3992
5541
1299
3747
6832
8716
7473
3668
6974
7297
7152
6826
6664
7902
7901
7900
7899
7898
6002
6403
6000
6582
7916
2132
6674
439
6008
3218
5927
3786
7955
8794
5077
5345
5424
5810
6963
5663
4011
6749
6753
5128
7511
7060
7512
3751
7476
3079
6104
6427
7338
7598
4018
1728
7544
7677
5635
5744
7195
5009
6530
8939
465
6487
7888
605
5855
7849
7848
2684
7631
8844
4348
796
7450
7706
7366
3664
7055
7159
6925
8359
6189
109
7724
8870
7062
7957
4036
8983
7931
6969
4615
5385
6913
1533
2984
8655
6062
7790
4042
7816
7815
8810
6562
7068
6068
1812
5395
6475
6171
4871
4048
5710
7289
2617
6176
5095
7090
1475
7912
4588
4356
7934
3886
3310
7604
5662
4076
8956
5691
944
7688
4659
4059
4770
4453
5558
7211
7619
7579
7223
1183
5483
5645
8415
4825
6420
8510
5070
8015
5973
7767
8688
7975
8878
7973
8341
7125
6524
6857
1849
7468
7586
6452
7682
8394
7873
3066
6523
1592
5437
4078
7747
5439
925
6688
7356
4081
6531
5443
232
6919
5445
6019
1565
5901
7429
4086
7984
4087
7825
7729
8783
4089
7991
5061
8035
7623
7054
6645
4769
7451
7352
7370
5430
6335
6980
6506
6704
7712
8552
8500
7406
7215
7728
7844
4213
4504
6714
4102
4720
8616
5827
2053
8108
7697
8021
4907
7614
4107
8856
5869
4623
5753
6640
4951
5481
1907
4934
7768
6494
8150
8562
6787
5335
6314
6342
6853
7064
8672
8100
8099
8098
5149
5780
5348
5203
6983
7836
6332
4569
1521
6861
7479
7655
4933
6716
4126
8124
2400
5404
7861
7517
6607
5566
7046
4688
6695
8177
6356
1557
4737
3377
7979
8748
7237
6608
5515
6924
6910
4310
5181
5049
8210
4577
8056
8207
7531
4580
7013
8324
7621
4015
5802
1003
4836
5851
8007
7109
8176
4472
7595
7526
7469
6576
3500
1814
7265
7859
7053
2581
6297
6540
4985
7225
1702
8938
7105
8024
8147
8622
4657
8036
6239
1706
7372
2766
6242
4051
3908
5298
7691
6866
5949
8887
6312
979
8476
7187
1696
3572
4168
6546
7291
7999
5462
4903
7896
5006
8238
5831
4173
5565
4425
3354
7879
3686
4492
7300
44
8082
7678
6429
2688
8517
8654
7558
7977
7230
7325
6728
8201
2844
4184
6521
4185
3754
981
5624
5583
8597
7383
4958
6514
7789
8117
7170
5677
8072
7741
2477
7280
8957
4194
5593
5724
8283
7337
1404
352
7436
8227
6606
4782
6369
4711
7522
7939
3646
1820
5909
8047
8084
7539
6670
3768
6657
7993
6701
6720
8545
5496
696
5472
7923
5185
3853
6317
6739
3505
4542
6374
7104
3362
1306
6323
6558
8438
7952
6647
3537
7907
4216
8228
363
5846
7112
5864
7881
4222
1429
8191
2297
7809
7824
4225
7893
7044
6934
6600
7474
5916
4050
7895
7699
4230
7811
4052
4096
5643
3298
8351
2120
5081
6444
4035
2574
7459
8144
3820
8629
7657
4757
8214
2826
7866
6349
8281
8229
1920
6692
4243
7760
6508
7277
8904
8318
8317
8316
7847
1410
2578
4658
8249
4098
7721
8921
7061
3075
2974
6334
7147
923
8730
7303
4255
6415
8892
8252
4257
8135
8234
3539
901
7830
6654
5636
2064
7787
8049
5216
6928
6705
7410
4046
7583
8673
8278
6920
7759
934
779
8638
6831
7883
6517
6694
1656
7808
7134
8734
4273
5853
8340
8763
6727
7019
3788
3421
4244
2880
7667
5705
8503
6093
8501
7994
8499
5709
8792
7378
8532
3348
6855
5838
7573
5188
8321
8525
7647
5717
5403
8991
6434
5420
7355
6996
7510
2704
4292
2068
4867
8225
4629
3433
7696
7270
7076
8403
7951
4365
2009
5301
4299
2866
7428
7373
8027
6909
6950
8002
6455
8937
4304
8204
8203
2422
6423
6970
6461
8055
222
7942
4309
1201
8528
6215
8133
8574
6053
2878
7189
7732
7766
5546
8184
5063
7133
7050
6046
5714
4612
171
3071
4313
7151
7771
6315
8776
8304
2065
7715
7687
8167
8439
8287
4071
5782
6528
8812
7663
3650
8771
6481
6719
8974
3030
7063
5729
2350
7022
8397
6887
8069
7518
7793
8101
8279
8327
7711
6291
5766
6311
7839
6917
5787
8711
8516
7719
8079
7445
7963
5425
7764
6580
7684
8958
4346
6454
7465
7532
4718
8121
5799
7668
6411
6713
7411
7426
4352
8841
7995
3530
7453
7256
3863
6265
8107
8299
5586
5182
4358
2930
7609
8074
8345
7578
7543
4361
7646
3528
8094
2157
7856
7399
8596
8595
8594
8593
8293
3810
6938
5825
4369
5284
8081
5972
4371
8408
7227
1063
8237
2850
6874
4351
6698
844
6638
8669
8524
8546
4978
5338
8467
4531
4717
7980
3274
7612
6817
8058
8866
5522
7015
8182
3718
8206
2687
8189
6220
8269
6537
4763
8549
8548
4390
2193
1579
7529
3889
2928
8449
7989
8684
8492
8155
8497
5811
8429
7915
7884
6825
8455
8199
5704
7580
8025
7036
6123
8295
3634
7339
3822
6196
8721
4405
7945
8683
7094
7713
5877
4137
1792
7937
6483
2776
3290
4411
8005
4412
8828
6620
8140
5440
4689
8411
2899
7155
7067
6626
7118
6382
564
8631
8490
1376
5974
8039
6905
7986
5897
7485
3735
8755
6597
8753
8171
8751
7846
8363
2738
5769
6778
8416
6151
8297
871
3450
8759
7968
4383
6743
3890
7095
3893
6653
8777
8261
3633
7959
4034
7635
5088
7584
2012
4440
5921
8583
5330
8447
136
8821
3710
6222
2969
4445
5675
4488
8618
7783
7440
5931
8089
8009
8384
7709
7494
8567
3627
8428
4839
7335
4680
8843
1272
6823
2045
5507
7654
7553
3157
4458
5945
8473
5676
1571
2033
8831
8720
6563
6406
8180
1835
8264
7910
8735
1059
8315
8936
7791
5360
7342
7880
4332
8395
6759
7348
727
4777
8661
6838
2332
8663
4401
4733
5961
3381
4981
4534
2732
8380
6507
687
7679
8148
6381
7052
7967
8312
4482
7748
6725
6376
8900
3425
8366
8666
7247
7685
4487
7257
6525
8723
4533
6078
3561
6107
7082
7786
8353
2259
8581
4141
8152
8768
1887
8903
8902
8901
8969
8899
8898
228
8779
