5000
527
24
501
2792
2593
3298
4469
3798
6
2
3100
4264
4373
12
837
50
159
216
8
11
243
4904
4938
558
3107
13
2409
4
3397
282
4746
34
2838
2842
19
26
4523
1666
825
2486
29
2080
21
32
15
5
2854
43
4463
1240
4026
4924
3933
88
677
41
48
51
2728
4128
3693
3364
4588
61
59
47
4976
1170
38
23
53
63
17
55
4506
3028
99
516
76
588
4221
914
35
1206
4931
84
77
4248
4960
85
3692
45
71
2338
3345
3822
239
2790
1405
3342
4555
3184
2962
82
1783
25
52
1288
4528
104
2998
4104
10
75
4497
3616
18
968
457
65
4967
60
4240
95
3642
118
149
3180
125
2582
1005
504
3755
93
128
67
4647
103
4485
78
100
464
177
4080
3423
81
3088
110
122
2350
4178
2124
4987
2082
1561
2830
3539
2806
3553
79
3463
141
4362
142
3555
151
2989
456
3767
268
146
4934
4680
155
4785
131
4399
2630
2581
796
2777
90
40
2710
4590
143
3829
2356
186
1460
66
185
4367
372
173
3138
1059
188
3398
1168
190
3944
36
1890
148
612
3694
172
2698
4476
521
3906
1747
4408
2061
206
30
28
1221
4232
307
684
4721
1708
4972
112
109
113
4922
490
2977
4964
2167
760
4153
1948
339
236
202
3160
124
178
212
121
174
348
3329
191
4441
240
721
4684
491
4266
2025
1700
56
1806
221
194
134
226
224
175
4391
1456
246
722
4888
2488
4926
1554
3271
136
255
1428
3499
228
247
3686
903
4944
4617
3366
266
241
3117
2940
4687
259
96
4490
2860
198
235
258
4614
4262
3577
145
4621
2574
4398
1802
4767
300
2620
3666
2562
350
166
272
3760
203
305
2332
3
158
245
2826
3292
4954
288
822
515
1098
2754
2516
234
314
725
1984
4836
842
2101
562
4319
592
225
230
83
4014
2732
231
3813
3500
489
289
4250
466
269
319
256
294
309
1536
329
337
4246
193
1
2614
284
335
325
211
2504
3052
4287
332
252
2884
611
356
2001
1982
347
1998
581
331
164
315
421
371
1391
912
609
2068
192
526
367
4134
471
3312
4048
3526
4586
2206
2836
2492
4191
210
797
3498
411
238
3994
313
3815
622
273
359
117
275
1901
153
4591
208
4740
374
380
169
302
251
139
1380
4224
320
3661
394
4845
2194
767
401
1813
602
161
2692
1613
399
3552
378
1333
640
2645
222
1789
390
417
98
3918
4804
3556
3986
3462
303
346
4468
429
416
691
4186
4532
377
4207
4172
299
363
3070
2376
407
4040
3235
472
2566
447
4338
2156
3466
431
242
4284
4866
450
3493
425
165
395
341
147
135
4314
3956
1086
473
4520
3439
433
4805
419
4726
3710
217
467
3262
459
2485
2162
4803
494
3245
439
488
1900
4857
244
3419
443
1237
1562
402
2358
180
4230
499
2968
3844
3412
3695
264
1113
1964
4833
756
4361
4500
133
404
318
1762
2171
4422
4402
528
452
503
138
652
795
511
4905
2074
4397
510
369
505
1819
495
2405
279
4671
280
661
375
449
563
3729
519
2965
4978
7
2544
4707
559
344
557
4579
4098
1881
2996
4482
1464
4042
552
506
455
340
2580
39
2010
4425
1714
4312
3586
3838
3678
4515
4672
4732
287
3785
1888
204
1850
195
3376
4505
327
538
384
3501
1804
108
306
446
3308
4291
308
460
790
3243
2664
297
545
4560
1032
4024
470
276
601
3476
2670
1095
4670
2157
2398
4019
1302
4261
3836
783
427
3545
595
629
398
44
539
604
4806
468
3194
410
435
414
573
437
651
584
568
4211
311
441
580
663
554
181
333
4122
4802
4110
4884
3047
688
4030
2288
4869
338
3690
2016
453
2044
261
569
167
966
3528
3362
3007
659
171
3862
644
2122
1213
463
2519
593
232
1208
493
1060
89
2746
632
513
2773
742
598
3000
692
591
3367
710
2796
675
4446
1742
4477
1180
3927
904
536
542
550
3718
3974
623
3175
3062
957
2218
4067
3630
4585
643
2520
1110
3821
637
3973
3644
4638
2800
4673
219
2005
645
4035
699
290
3724
3903
579
3165
587
420
662
694
664
207
4494
4592
631
4173
382
3394
2748
4235
764
4488
4658
560
1560
3168
673
3774
3080
614
3868
1427
2556
1785
295
3487
680
4814
1126
674
773
3190
4216
4091
638
478
487
3139
3246
577
703
1327
4920
4893
669
3797
709
1729
541
4881
719
551
1194
648
1250
4113
770
4991
408
1225
655
70
547
1133
1162
794
412
4074
1606
31
4276
351
823
847
758
500
747
2694
418
3736
3742
3095
668
716
2266
649
605
4352
628
3943
3878
3133
1216
3270
87
2758
3830
3633
701
3761
687
368
1734
160
809
4955
432
322
1502
3315
779
2633
162
858
436
749
814
4699
2370
3961
799
154
755
843
3568
2091
4970
1929
776
507
1458
857
445
682
744
409
781
4429
448
1125
120
1787
715
4162
2272
4807
150
4794
4642
845
353
199
1038
4911
376
304
849
2634
902
3593
249
3672
578
2688
2772
4322
1678
4396
3170
4821
836
3557
465
3283
2872
4801
4818
534
650
625
3540
3811
627
531
537
934
2216
4377
723
4307
1516
2973
895
3063
2982
929
200
608
713
389
933
4655
1398
101
2896
3931
220
3734
2346
866
64
678
1540
4692
889
3250
853
4303
512
740
1902
754
253
189
1252
4273
927
704
4442
484
945
3681
1006
978
943
1521
497
4459
567
1897
517
349
4674
1961
752
803
3606
2509
4722
482
1004
946
4094
1891
974
958
761
509
3242
385
915
642
1222
2986
4268
342
977
4329
2142
4467
959
209
291
4983
697
3673
887
4609
921
3617
1029
4645
430
951
1016
992
2980
3177
523
2535
874
3106
3060
890
2666
1753
1626
4839
1042
1941
529
62
884
3638
2098
361
967
955
1462
391
962
2721
4694
2623
882
720
615
1299
4568
3321
863
4071
3198
987
1628
2563
947
4844
1057
565
745
935
1007
613
546
535
328
4387
1960
426
2382
2595
949
2820
2178
862
1272
4629
973
1046
4668
2825
4260
442
556
861
991
734
932
899
1075
321
1764
717
2722
4702
1190
685
3966
397
564
2373
4790
3817
4630
1033
993
4023
4332
267
854
811
4342
634
1065
4087
954
4937
819
3078
804
1117
4374
4151
4078
3976
2276
1044
1037
1973
1570
1154
4244
3400
846
403
824
4194
3808
2565
1013
2632
3144
2211
3578
939
1067
4214
1330
1285
4906
3561
286
475
1100
4858
440
4584
1052
3747
1184
184
4628
681
2128
2786
2802
3594
792
4681
1144
4863
4174
801
1177
1243
878
73
999
2775
4310
1957
2454
3481
689
1497
1036
728
2052
4961
4236
4462
610
4593
1155
3971
727
3670
3482
2883
893
1661
3154
4575
751
1156
1039
3689
618
2341
3416
1863
827
4241
481
4516
4328
343
1300
768
1950
3753
2424
778
1010
2870
3328
4759
4768
1104
839
1121
3634
1142
4808
2895
1073
733
922
4537
1074
1977
3390
4631
3858
1199
1159
4749
2890
549
1099
3447
4044
4620
855
4108
785
4602
1191
3733
1189
4541
3216
1395
646
924
1079
0
1468
1825
4182
1235
3034
301
4800
782
1215
362
2158
3953
4828
1172
813
3963
1266
788
1140
2709
1289
3361
1209
214
1822
881
636
4611
1136
4409
737
392
1161
2817
1227
1203
2526
1234
3446
3834
1219
2570
1211
1328
4534
1308
1305
4775
777
1304
4478
1114
1268
1315
1143
182
3368
1725
1043
4772
969
980
1284
3207
2484
4760
4228
833
1260
3864
1343
4675
1217
913
787
765
1359
4826
2430
1223
1350
1371
1264
2717
2572
3993
4390
2503
1342
729
524
4627
1379
896
695
3263
1738
1145
3480
2577
812
3738
1344
1338
4874
1377
1286
1066
702
4404
4706
4047
1500
4745
1058
3843
1129
4566
1238
1307
1432
3082
1239
956
1636
1220
2788
4876
1041
693
3448
4065
994
4333
4290
1116
74
2285
1153
1459
930
1525
1295
4887
2254
1175
4742
798
1352
971
1137
1435
4942
1485
1319
2771
726
3228
1091
928
1277
533
3030
4980
2814
2137
1341
1991
732
3457
1331
2808
647
1337
1287
3855
4892
4986
250
1152
2046
1097
1275
706
1443
555
875
1461
2450
633
1151
3791
1229
1415
570
2976
3490
597
1291
3277
4148
114
1049
2723
1394
816
1023
2811
4956
383
3046
4915
1207
3186
1367
4667
1313
1339
2798
2629
1389
1112
748
2863
454
2778
4632
937
1369
3069
1263
4062
1504
3928
1962
1508
1280
705
1511
4339
1249
1466
1077
851
2662
3685
1070
3015
3820
859
1031
653
586
1108
4454
657
1035
2525
738
1532
983
115
1544
769
3628
3178
1471
1094
1618
2669
2448
4053
4166
1072
2106
1431
2002
4761
1378
1329
3166
4661
2226
4347
2354
544
1451
4223
1430
1585
2438
1134
1324
316
1119
4327
1399
1479
4056
4419
1444
3558
1407
872
1353
763
1758
1069
1027
4696
42
2712
1149
1265
1419
883
806
1310
1425
1420
808
743
1668
4115
810
1081
1491
700
1397
4524
1594
2067
1024
2821
1710
942
1332
1620
817
2259
1455
1262
2236
1093
4220
3460
1232
3341
603
4140
2362
3907
3942
4382
1490
3867
1366
1334
1241
4830
1870
3010
1576
3595
3288
530
2250
1109
1257
3589
1528
3300
1001
1476
2594
477
1501
514
1256
1150
388
2530
900
2543
1972
1658
1612
2955
1404
1577
2550
4933
3218
3468
1409
1633
355
3970
213
1652
4626
91
1541
3697
4000
1047
1651
4286
1703
2329
975
111
1139
4496
3016
639
4730
1028
1403
4685
1517
2841
4466
518
1686
4370
1061
984
4486
4809
3112
4452
864
1448
865
4521
1376
1040
1679
3879
2126
3453
1507
606
1607
358
4428
2847
1087
201
2928
1755
3728
2517
1025
4965
4990
1364
2282
3094
1171
989
1599
1274
2004
2121
1322
1105
1610
832
3796
818
1926
4918
1519
1181
2390
1124
1467
4999
888
1185
1384
1650
1715
4872
4572
2215
2656
4557
492
3492
894
1591
1727
4125
1646
4022
345
4594
498
1492
105
3773
1824
600
1572
4237
1784
4142
1160
4483
2856
2686
323
1665
906
4782
4190
4605
908
2693
1860
970
3214
963
1791
4727
1693
3420
1370
1704
1470
330
1699
1741
1309
1586
1733
1426
4780
1351
1799
1721
1775
1745
1321
4843
4676
3957
1231
4443
852
616
4878
2707
1147
1801
1839
4279
771
4456
2320
909
917
1214
4088
1089
2602
80
1663
1245
4380
789
2934
4815
2832
4077
233
3612
1251
786
1579
2803
940
1593
1255
1739
1632
4633
4018
3567
1869
163
2644
4762
2858
1390
2040
4930
434
1765
1374
4723
1944
3768
2298
1496
952
196
1271
4907
1718
1273
2744
829
1565
3541
1421
1457
1438
2557
1867
1818
2638
3381
1701
1828
1604
4424
2776
910
964
543
4384
3417
215
4968
1814
3739
1614
4650
1543
2605
3780
1188
1835
4998
1756
1920
2948
179
1689
3116
1707
1656
1687
1937
1773
4859
656
2752
1879
3495
248
1111
1472
654
982
1123
1751
1858
1843
3688
985
840
292
1454
1368
3349
961
4156
1935
585
1623
660
2942
4227
2182
3488
3118
4561
2926
868
116
1278
1396
1424
1092
1157
1055
3020
4120
2271
4002
3013
791
4793
1002
2389
1505
1446
1514
4517
757
2547
4036
1845
1958
599
3286
1568
2528
1340
3348
1388
867
4503
4666
1279
1832
1803
1917
1601
1523
3703
1355
1627
1526
3339
2348
1855
1831
4321
97
1361
1605
2536
1363
4394
1503
1346
1629
986
3444
4737
20
2029
3248
784
1358
2237
1919
1602
4154
1726
1760
4613
1529
1793
4326
4867
2000
1642
1553
1422
1200
413
1955
1406
2676
1934
2059
2691
750
4688
1615
1706
1903
4092
2069
2711
1899
2022
1045
1786
1550
3781
1702
4735
2014
2181
1749
3203
4212
1336
3982
1904
1781
3916
1053
3003
3770
3282
670
3343
396
1691
2085
3379
1411
4625
2658
1413
479
4161
1769
4073
1062
1682
2051
2655
3522
485
1968
2553
1176
4201
1868
1943
312
2006
3778
4912
2132
3017
1071
1690
4652
1103
1898
422
1269
1683
2524
1942
1931
1283
1539
3409
2702
1548
1619
1122
3360
926
1722
3643
1481
3065
1083
1247
3438
1805
1085
4193
1082
2087
4648
2112
1979
1015
2070
4941
3404
1323
1871
3897
3708
1932
4200
1989
1402
3978
1967
2141
3290
438
2012
3809
1567
1465
1759
2097
3954
1163
2032
2682
2908
3369
2174
4997
1988
2100
4784
574
2030
1782
1737
2622
4202
1584
1590
3197
566
2168
1924
1947
2013
4274
1670
1096
1829
988
1983
3406
1515
1489
1848
4165
1768
405
3430
2222
1887
2042
1873
4957
4540
2092
2286
3627
2207
1647
2202
3573
1148
265
2208
1717
1128
1662
2966
2902
1884
1694
1697
1634
1132
444
227
1174
1588
3201
1999
451
1325
1224
2084
4657
1138
1894
2179
4778
1362
3802
2243
540
1853
4529
2730
762
2055
2058
187
1345
4810
2192
1639
553
1914
3392
2249
1051
1865
3525
2127
1969
1165
3429
2153
14
2294
3705
4354
2053
925
800
1736
4769
2472
3588
2299
1735
4270
2083
1659
3105
4838
2131
3450
590
1667
1997
2172
140
2590
4682
1167
1557
4748
46
2209
1720
1135
4308
4058
1744
2184
901
1872
2917
2114
4705
2027
106
4798
746
3478
49
2242
3965
1533
2797
4634
1559
1483
2321
1182
3204
2239
4936
2364
3005
3766
1581
2882
2089
2221
4619
2331
2545
2119
1469
1645
879
2175
2871
1314
2064
1790
4643
4450
1383
1975
1538
2303
3146
2371
4209
3932
476
2319
4335
2073
4548
2458
3037
1202
4358
2063
2886
3512
886
2048
3987
2270
3801
4832
4375
617
2008
2177
1442
1475
9
2375
2088
1212
3549
2417
741
2267
1546
4102
4677
336
3213
424
4819
2378
793
944
461
2411
2672
2255
3676
2441
4962
2351
4975
2204
774
4158
474
4258
3938
2201
4137
1945
1201
1844
3842
1230
820
3850
4531
1643
4714
1233
2961
1728
1453
3258
1158
4132
4041
1210
4491
1987
2445
2169
4351
4864
2291
1655
4595
2578
828
1294
916
4176
3777
2135
4008
1246
2104
3240
4715
2916
2447
2399
4701
2306
2230
1107
1669
1434
3264
1826
3992
1254
1127
2197
4461
1675
2011
1886
4129
2041
1836
1259
4097
3720
2077
4238
1882
310
4973
1895
3378
2275
4465
3076
2383
1290
1949
1267
3459
2349
2110
1930
4180
1915
3313
1695
4713
2066
2258
1463
2787
2289
3698
2542
4923
2078
2189
2186
735
972
4185
2696
2113
3208
931
4410
919
1282
905
4870
4996
2549
1713
1478
690
2105
4925
3546
4527
4698
1242
2219
428
3504
860
1671
1198
1019
2188
1940
4378
2367
1555
2159
2608
1296
1495
1297
3816
2164
3890
197
4021
2381
1676
2479
4413
1293
2369
3562
1866
2499
1981
2431
2443
1696
522
2279
679
3636
2560
2900
229
2345
2439
1311
3895
2930
4389
3012
2353
724
876
2302
3985
1316
4716
1976
4068
1318
676
2419
3167
1320
2938
2304
237
1763
4789
1985
4665
4458
1840
4624
532
1780
2123
596
4039
1771
1854
2323
2607
2740
2436
2455
3372
2355
257
3260
1883
730
4325
1335
4551
2138
2394
2229
1248
2495
2533
1317
2205
126
4880
2195
3436
3866
1011
2611
4536
2151
2437
3098
379
1499
2155
1347
4033
2678
37
2537
4152
4198
1078
2612
4842
2650
3200
696
2685
3900
137
1974
4886
938
1809
2756
4489
3432
2659
387
2684
1360
561
1349
4340
2701
4089
2045
3193
2599
4712
572
1821
2480
3085
2687
4095
4908
2406
4982
4822
1827
1953
2220
2256
1372
2152
2569
127
2374
2300
3664
4660
3346
4297
2248
2435
2743
4977
2667
3872
254
2663
1381
2708
2508
4406
2660
2585
2434
1732
635
671
1386
2108
1387
3874
1851
979
2529
508
2139
317
3880
3330
1392
4989
2601
4296
2252
1356
4204
4393
1993
1312
1261
4654
1573
2176
2689
575
2677
4546
4558
4251
2690
400
2501
3507
2247
3157
4070
4435
2076
1688
2559
4245
2946
1531
2699
4436
686
2561
3182
3835
1412
4574
892
2737
1600
4860
4444
1712
1416
2429
2233
170
3018
4773
2200
2985
2680
2210
2527
3355
364
4764
621
1197
2564
4298
2322
2384
2518
1141
4050
4646
1474
1880
2729
58
2805
3136
1169
2789
1846
3205
1178
2328
2295
1913
3960
3307
2325
2783
1437
4222
2876
2875
2874
4717
1571
3805
1441
4603
2791
3529
2734
3162
1597
2418
1373
4985
1841
4518
1447
4744
2512
1348
2879
3006
4724
1146
2639
3783
1875
2039
2280
1673
1766
4502
2742
3091
1120
2649
2555
1537
1193
2413
352
2031
1326
4640
1911
2534
462
4921
2500
3887
2636
1009
2198
1654
3922
1637
2762
4059
423
880
626
278
2675
2506
2736
1978
1963
1408
2478
4635
1179
4437
2888
4295
2911
1724
260
2019
2365
3402
2589
2540
3456
92
2165
4811
4480
1418
2379
2642
2837
3582
2716
990
1486
2894
2231
4183
2245
2588
1638
707
3684
1452
2610
624
2021
766
2822
2102
1494
3826
2719
4971
1995
4552
2951
3910
2037
1173
2899
3962
2922
2859
1994
1440
918
4136
2047
3570
4940
2065
2007
3120
1878
2444
3220
2154
2768
2804
1509
3667
1510
2738
2735
4995
780
3249
2764
4786
2956
1088
2652
2840
4600
4797
2844
711
1849
2510
2887
2715
4164
2720
2673
2877
2311
1130
2920
3751
708
3026
2395
3715
2035
2490
1527
2997
3035
3921
2651
2704
1530
4816
2818
2432
2554
2461
2359
2671
1534
995
3084
1640
2377
2974
2807
4299
4336
2745
3002
3451
4958
1385
2747
2575
483
1748
4522
132
2801
3968
2036
2420
1885
2475
1547
4145
923
94
981
885
2217
3948
3081
3727
1000
1433
2071
2626
1417
4533
3408
2496
1131
1450
4890
2522
3626
1705
3089
2412
2079
2081
3852
3651
3352
3824
2943
1798
4678
2851
2957
3947
1566
2936
4916
2423
775
218
1569
3014
821
1795
4776
3645
2326
3597
1837
2703
2449
3377
3924
2891
2904
1578
2697
4484
2283
3132
1816
119
2386
4433
3135
1644
1582
1445
1918
4271
3600
4285
2846
1820
2861
2149
1587
4545
2269
520
3256
123
2579
2117
2387
3237
3038
168
2799
3576
3272
997
3023
3623
27
1774
2396
3057
1575
2284
2815
3901
3584
4438
736
2385
1648
4792
1603
2246
1925
2625
2043
3009
2224
1928
3148
3359
1608
1520
2505
1400
2648
2929
2839
2324
1767
4581
2368
3150
2621
2897
3130
3173
2253
4718
1617
3158
2274
1834
2591
2471
1518
1080
3908
3024
1622
4294
2983
4741
2937
844
1861
2774
1574
2603
3189
4728
2995
2334
1754
2609
3284
3433
1631
1487
2910
2960
3486
2464
2615
4105
3748
2551
296
2363
2183
2033
2979
2867
2869
3074
2187
4357
1641
4320
3650
4596
2992
3707
2631
2228
4686
1423
3232
1692
3119
4623
2521
22
3079
1439
2653
2935
4932
2643
3102
2160
831
1102
2316
3212
3318
3206
2145
4693
1657
4539
3310
3124
3153
2402
1660
4257
2705
4121
1909
3101
1653
941
1664
2724
2855
2726
2857
4525
3075
4219
2782
2596
3920
4177
2227
3716
2507
2941
1672
2600
3185
1893
2679
3266
3285
152
2301
3958
2779
1118
2627
1064
835
1912
1680
3517
2116
672
3317
4608
3225
1106
293
1635
4966
4372
3156
3114
2953
4239
3912
3658
2994
3233
4664
1218
3336
4423
3267
3489
3163
3053
3050
2094
3810
1563
3305
1357
2263
3365
1698
2265
3083
285
4704
2309
2086
2950
2095
1616
3303
2333
718
2018
3407
263
3196
3806
1951
1048
1916
2558
1709
3109
69
3140
2567
4495
2810
4710
496
996
4610
698
3299
4691
3011
3399
2923
3619
2864
1859
2751
3823
2340
1877
3257
3054
2163
667
1723
107
3790
1551
4288
3757
3090
3077
3191
4979
2469
3164
2451
3241
4464
324
1731
3396
2293
4317
2753
4913
1952
3134
3254
4567
2315
2823
2118
2317
2240
3108
3449
4160
4770
4765
3215
3280
2987
3792
3580
4851
3758
1244
3337
2993
1746
3925
2391
3092
2914
270
2624
1166
1750
2262
3287
4747
1752
2337
920
2290
3389
3828
2568
1204
2457
3324
2343
3764
1592
1811
3199
4432
2347
582
1625
4093
1959
365
3331
3741
1779
3008
4850
2954
3161
4448
3327
3143
525
3261
2654
3356
3380
2307
2214
2845
1772
2532
4852
2932
960
2380
3302
2583
1776
4020
1777
326
1778
370
3259
3511
3784
2075
2573
3440
3543
4210
594
3637
3554
1946
3383
3179
3325
3431
2885
4994
2185
1192
3219
4683
3183
4618
3455
1513
3756
4834
2892
1810
1794
3583
3142
2049
1796
2878
1797
2397
936
870
3479
4275
2468
3001
2967
2148
3004
502
3145
3051
3039
3227
2407
3322
3335
3152
3387
86
1808
3930
3268
2481
3171
583
2944
3599
1812
3649
1382
4225
2903
366
1815
4695
3159
630
3332
2606
4510
2425
3574
3470
2453
3505
1298
3104
911
3125
4636
3845
1558
2009
3818
2619
3421
3945
2741
3293
3347
3351
3344
2427
1830
4392
3434
1719
3483
4909
2225
3662
3238
4293
3467
3591
2853
3149
4060
4849
2513
4213
3624
3721
3373
3537
3551
2831
1842
1228
3226
4935
2459
3188
3223
4353
2850
1477
2463
4919
2235
1393
2125
1522
3210
3426
2613
4827
3596
3032
3491
4853
3603
1236
3520
2873
3940
2971
3427
3653
3607
1306
3471
4571
2927
3620
2939
4131
3357
2403
3538
3530
2952
1008
2487
2657
4090
2489
3295
712
2491
850
4812
2880
3964
277
3613
3230
3521
3533
3425
4075
3679
3857
102
3743
1876
3437
4606
4868
3353
1922
4196
3395
3706
3550
3485
2665
3187
4009
2668
3122
2261
1549
3265
4963
2515
3019
3759
4899
2015
2318
3401
2984
953
2618
2718
3991
2523
3445
1823
2494
4348
3334
2843
4083
1896
3413
2919
2150
3531
130
3474
4875
1838
1649
4426
4101
1186
4929
4376
3622
2539
3604
1905
3564
1906
2824
1907
3469
1908
2999
4796
3110
1910
3048
3033
2107
4126
3025
3523
54
2297
1276
2466
2617
2915
3980
2784
1992
3701
3326
3071
360
2109
3763
1921
2497
3320
4969
3575
1226
3902
1847
3800
2342
3775
3663
1927
2925
3244
183
3087
3563
666
1018
3687
4865
3833
4309
1933
753
3654
1068
3772
4455
4512
4045
3746
4473
1938
1292
1939
2759
2587
4337
619
4243
3740
3403
873
4381
2546
2146
4656
3854
3853
4118
4150
4519
1954
3814
3849
1354
2909
3639
3415
3123
3068
1498
3375
1621
4206
998
3547
2713
3192
4501
4988
3605
4882
4301
2969
4383
3273
2392
4848
4460
2548
3869
2945
571
3536
3350
1965
3058
1966
3675
3893
4939
3717
3837
3304
2964
3725
4181
1971
4612
3569
2641
3477
2203
3712
3560
907
3598
2635
4481
2906
2637
3913
2134
3629
3494
1980
3883
3247
2616
1684
848
2975
2473
3803
1564
4854
3044
1986
4825
3411
3297
3314
4873
3714
3067
4644
2750
1800
4700
33
4689
2990
2180
3723
2898
4306
2661
4388
2889
3699
3374
3899
3224
3749
4431
3999
3998
3997
3996
3995
386
3506
830
1681
4725
3787
4027
3121
802
3103
4959
3730
1205
3029
3464
3045
2681
2514
1609
2683
4949
3021
4155
3691
262
3917
2700
3234
72
2017
4659
3127
4565
3534
4341
4820
3452
3863
2426
3099
3571
2023
4006
4005
2498
3657
3484
4622
3064
3665
1535
2028
1757
3979
3147
3648
3435
3682
16
4282
3472
3276
3129
4420
4948
3388
4440
2812
3592
3370
2868
4032
1076
3892
4950
3951
3516
4082
4885
2357
4889
3211
948
2862
2592
2727
1923
2819
2456
3839
2401
2731
469
2054
2733
3043
2393
4031
2462
3677
3812
3585
3745
3972
548
4079
3655
2056
3601
2057
3579
3713
3566
4016
1874
3252
3385
3424
4064
2062
3137
3611
57
3819
3671
1936
1365
3656
4580
3935
1595
3559
3222
4001
3669
3269
2761
2959
3861
3454
4470
4272
1034
3294
2099
3911
2038
2813
1030
3926
1956
4028
3848
4119
815
4364
3981
3765
4781
4116
4902
3231
4513
3794
2502
3807
2460
3886
3840
4139
1493
1017
2785
2749
4641
1589
965
3825
3754
2477
458
3873
3975
480
3936
3405
3059
2795
1677
4029
2597
641
2281
4003
3072
620
4597
3614
805
223
3229
2103
4133
1301
4072
3860
4947
2196
3371
3875
731
3602
2586
3155
3422
2538
4099
2111
4993
2604
4076
2415
3888
3524
415
4171
4951
3363
3750
4278
3990
4107
3296
3391
4350
2120
3929
3514
1414
3859
3316
4051
2912
4123
2833
3027
2794
1545
4106
4103
4157
739
3660
3904
4323
2130
2232
3937
1792
4788
4720
2628
2072
3354
2958
3915
4847
4130
2849
2852
759
4254
3176
2781
4363
2140
3393
3527
4356
1056
4896
2143
1026
4199
4054
4069
3041
3841
354
1864
4475
1449
2970
2147
3876
4366
3704
3984
4052
3097
3301
4038
2129
3832
1436
3871
4651
3126
1258
3291
4109
1401
2848
3239
1862
3306
2881
2584
2834
381
4649
3786
3496
4576
3508
2963
1856
2166
4304
3251
4855
1084
2766
3719
2893
3914
4252
3851
4265
3073
3889
2173
2278
4175
3877
3535
4783
3066
2136
3959
4817
4205
2905
4141
3737
3988
156
1022
334
658
357
3275
4111
3909
2913
3278
1598
3865
1115
3609
3702
4218
2093
856
2170
4280
2921
3172
1730
4344
4697
2193
1996
4736
1303
4025
2947
4315
4138
2511
4779
2931
281
3519
4831
4195
3625
3683
4601
2251
4984
3711
129
3674
1281
3274
3659
3941
2933
4349
3442
4055
4034
3977
3255
3668
4457
3870
2949
2212
4774
4386
871
3565
3458
1195
1970
4197
1429
3040
3131
2161
2433
4049
3542
2757
1480
3635
3418
4084
271
3752
2827
2769
838
4292
4946
4146
2474
157
3793
1164
4637
4412
4411
4015
2467
3967
3744
3856
1375
2835
1852
2234
2244
4445
4346
3518
4124
3036
406
2238
3128
4143
1482
3898
4952
2241
3587
4085
3386
4300
4743
2144
3788
2133
3515
4427
898
2739
4903
2765
3680
4415
2640
3414
4217
4538
3709
4184
68
4365
3847
4135
841
4509
4791
4507
4385
2257
393
2816
2090
714
1506
2260
3846
3769
2714
3311
3632
2829
3881
1685
3532
2571
4012
1716
4573
4451
4187
2268
4405
3946
1488
3722
4981
4096
4418
3799
1270
3031
2213
4289
4277
2344
4117
4487
4708
2277
3338
3789
1253
4471
4871
2907
3548
2725
3022
3461
1063
2924
3700
4189
4255
2866
891
3042
3049
2287
3696
3923
3236
4368
826
3949
2414
2482
1833
2292
4169
3465
3340
4514
2695
3279
3061
2296
3934
4371
4604
2978
4526
4499
2828
1761
1187
576
4017
3289
4416
4570
4569
3939
2223
2305
2366
4447
4401
3169
4578
2308
4813
4549
3510
2310
2026
1892
2339
2312
2190
2313
1542
2314
283
3473
2598
3309
2780
3621
3590
3086
589
4599
3093
2034
607
2273
1990
4167
4734
3319
2115
807
1021
3631
3618
4263
3989
2327
4895
4249
1552
373
4011
2330
2428
4535
877
2531
1012
3111
665
4159
4598
2335
298
3115
834
4007
1611
4582
1512
4559
4587
3441
4013
1743
2674
4259
1196
4492
3646
4554
869
4553
4331
4192
3502
4910
4269
4343
3428
4229
4163
2191
3358
4112
4324
2352
3410
4267
4795
4679
4037
4215
3141
4547
4550
4242
4313
4043
2199
4511
2760
2360
1090
4846
4004
2988
4563
3151
4615
4589
4840
4562
274
4046
4305
4479
4149
3610
4703
4203
2793
3955
1580
1473
3795
2372
1817
3950
2003
4179
2972
4663
4771
2408
3969
4345
3762
4208
4504
4758
4757
4756
4755
4754
4753
4752
4751
4231
2706
4763
1740
1183
3181
3905
3572
3581
3652
2388
4247
3174
4318
4066
1583
2901
4564
4400
2096
4607
4256
3885
4945
4508
3384
3195
4316
2020
3804
1524
2476
4639
1054
2400
2576
4856
4542
4061
4168
3726
2060
2404
2770
4577
2991
2865
3209
4127
1020
4379
4330
4739
2024
2410
2755
3513
4334
3497
3217
3640
4690
4472
4953
3096
3782
2416
772
3641
2763
4719
3896
4355
4616
4544
4063
2421
4369
2422
2361
4543
3608
2442
3221
2646
2767
1788
2647
4414
4147
4662
1807
3779
144
4453
4917
4787
2918
4253
205
3202
3475
4449
1711
4738
3732
3113
1624
3443
4395
4474
4824
4823
3253
2440
3647
4421
976
4081
4493
4417
4233
3952
2336
4883
1630
2446
4302
4879
4914
3735
4829
3919
4861
4709
176
3056
4862
2452
4010
4835
2552
4841
4407
4403
3382
4731
3333
3891
4498
2264
4281
4837
3884
4434
3281
2541
4530
1674
4974
4311
4556
4900
4057
2465
2981
3831
4430
1556
1014
4114
897
4901
3776
2470
1101
4669
4170
1596
3503
1050
1484
4877
1770
1410
3771
4359
4750
4188
1003
4891
3894
4897
4653
4100
3544
3615
4894
4583
2809
2483
4992
4898
4928
4927
3055
4144
4777
3731
4729
683
4086
3983
486
4234
4226
4360
3509
3323
3882
2493
3827
1857
2050
4943
1889
4766
4439
4711
4733
4283
950
4799
