14000
3
12652
365
244
15
1328
8377
6382
9899
8
11965
752
903
8076
113
16
147
566
11
6456
1247
13872
4473
14
643
796
1421
210
13303
500
11005
5088
203
11874
12342
32
12688
18
7664
23
9
13790
2
35
12723
27
30
11568
859
44
33
156
13375
11210
2377
292
10747
456
6349
272
10227
46
9896
7380
7386
176
11746
6658
239
41
7477
512
11842
6180
13485
2272
75
1100
20
8830
251
57
29
12324
10546
13062
84
5442
82
10052
1405
378
31
7612
64
13858
13573
700
13688
98
10777
6712
4797
5052
563
10980
43
71
1399
4312
6737
5710
12093
5754
561
1
13247
13330
6717
1190
55
60
77
3264
12915
12932
4
111
1139
11758
381
109
127
66
13157
11398
10782
2066
6913
89
263
117
34
314
387
3922
136
1576
11359
131
13677
13582
12581
444
5421
1058
13725
78
749
133
1683
134
12028
3132
12431
88
13906
149
339
161
521
13186
8263
9844
139
3000
13203
1762
53
12068
12597
0
121
1474
11533
9820
132
140
12821
42
8037
183
93
6010
168
10108
10353
179
8934
1420
167
95
441
2894
196
1696
4157
11662
13387
145
393
198
11191
135
9093
13902
192
3850
1229
1206
2407
1118
97
208
13291
112
99
13608
12759
1300
497
8776
129
674
7861
12376
13335
2646
10137
10262
5187
8826
12786
264
8895
209
8166
11170
10289
108
7677
125
154
4072
13662
706
10957
6350
9609
231
1295
3970
3513
10190
235
255
977
258
110
242
178
1810
90
1684
224
206
194
936
257
199
987
13520
10461
10944
227
8718
7308
11006
186
285
2981
241
751
11642
143
267
12941
2190
7018
4100
7543
150
184
1944
13075
11956
7708
303
12799
4288
8520
207
9397
414
5777
876
9591
13910
1329
250
12771
7632
152
1034
2415
233
269
174
9409
299
8485
177
6551
247
10017
2252
907
326
13325
9160
256
9962
293
300
347
6342
2253
173
11719
2278
337
3502
715
341
9922
331
13120
103
649
13238
9085
180
785
834
12903
10518
212
287
10979
528
52
428
9123
83
249
2602
318
4722
12888
12702
4151
190
13980
10424
159
328
10433
8538
11379
350
380
351
11867
21
13158
13768
9430
211
8654
383
4435
5162
10758
4092
12663
123
12205
590
499
245
146
371
213
8834
229
311
319
391
2389
8316
1423
8452
305
12256
5523
9110
398
316
137
9942
306
323
13371
1174
424
4170
10815
364
189
376
10403
220
128
401
13278
144
418
3768
12400
8228
346
225
270
164
397
1496
49
1716
3149
10812
8583
1928
6045
439
13898
232
120
363
13228
234
12506
556
5067
236
324
4680
7883
238
12684
1742
454
5302
1193
432
373
4922
200
471
779
550
12
367
11943
6418
4985
333
425
248
4909
786
13271
163
358
11714
10795
252
485
3136
13413
484
537
1998
11546
10444
11881
278
6351
468
12854
1008
153
13838
505
427
7211
286
6865
11608
7489
3570
11653
460
3103
530
8065
7588
452
1828
531
266
445
151
4997
10644
3547
6036
1557
3508
719
494
7725
413
166
11244
504
277
243
6020
11109
265
509
280
118
7944
11007
1668
10925
354
619
379
11052
519
547
525
7705
10586
11338
790
101
1026
399
1262
2553
317
10772
102
17
10238
464
2730
13997
3772
8475
11678
3861
13420
5663
298
6481
10818
1131
343
188
246
12807
11742
1173
6450
11099
548
11457
5720
6831
9492
409
607
68
1298
6057
7582
353
419
8302
415
13507
481
8952
574
13119
13440
12325
552
395
11724
2257
3530
181
952
467
599
597
5566
377
321
10607
8916
11986
431
412
3370
438
10978
8706
2714
7132
594
12540
3106
12238
549
9420
4308
1577
11278
289
422
877
5482
13914
513
604
631
4251
625
217
3546
4495
5638
12225
2982
281
450
474
2924
564
587
461
421
11029
10860
2485
518
13391
5460
1237
13340
13545
348
465
349
87
653
54
6684
689
1288
223
5348
122
11088
11762
91
747
9254
2713
12736
1703
279
635
998
696
155
9528
1704
492
3038
370
2212
7469
510
11685
609
9067
3804
10460
5640
3267
5450
79
455
9623
405
107
5194
12867
532
2753
511
534
374
1017
768
9155
714
2097
9290
13023
1480
11082
3016
9291
606
9121
13008
9035
693
9768
2210
1459
758
2693
9342
520
11150
6421
514
10397
743
11826
11566
12487
666
3473
2874
10377
392
218
6460
394
12682
329
722
766
9292
730
423
8221
11282
7009
767
13760
1378
13713
1694
11343
402
13776
1096
11773
12356
562
4036
10312
6244
162
662
9795
1030
11333
655
8127
5568
11157
527
659
2502
12570
735
448
9288
553
675
713
11274
12126
6352
13187
622
745
804
7068
420
440
7590
809
7016
839
6790
1019
759
8602
446
9567
65
13940
633
11467
833
3549
429
13217
11008
6513
836
4675
9502
1913
1452
12343
10638
761
1476
524
721
630
12442
291
390
12089
753
718
5936
2373
7074
794
160
506
803
4179
5118
13706
5758
740
5304
812
2290
2867
340
5289
13320
12483
681
11408
11484
1923
6066
4537
453
13931
320
822
807
322
13894
13118
817
7683
7136
1629
846
8147
2608
304
9394
8641
889
872
898
3019
909
921
698
13991
475
12025
818
48
1258
3089
923
861
881
327
9294
884
805
2893
9412
13959
2458
12818
891
3307
1304
13606
640
13160
7558
7429
799
774
584
12725
10054
578
939
906
8578
4019
934
5437
9478
660
543
11061
10852
970
488
11284
734
13787
403
313
13964
204
10650
1625
493
515
13256
542
927
683
496
874
829
8523
13488
13001
554
913
620
13050
1114
888
621
949
941
1299
216
671
986
704
980
840
9286
826
12706
10114
230
362
2952
8921
959
672
971
571
754
13367
5590
457
5510
11272
3874
344
1138
968
691
10864
4956
6611
628
905
12014
1503
522
712
1192
8109
4268
896
573
11321
6240
684
963
13851
863
352
1006
13285
4166
533
10806
4091
6246
969
591
11443
9538
824
1035
447
9684
1777
536
502
1063
13204
13406
1033
7986
9705
11974
1863
9572
12766
12162
1259
1052
1007
7472
572
6
9510
1078
605
5642
11709
989
1463
1031
158
13564
2571
10096
9608
1075
8799
924
2865
555
2027
4390
13557
1043
74
4132
13354
222
2787
2912
1085
1504
12923
7812
2293
6988
253
1054
3233
2026
7030
5474
680
4540
11497
568
6109
569
540
4410
8368
1039
10917
821
5241
9660
7859
784
9285
13040
260
576
1937
866
802
777
1749
1143
12680
2500
10530
6104
10503
3082
12168
6388
3859
1089
1090
585
13061
11532
385
1098
7456
11452
12196
116
5271
539
1130
813
7385
1362
36
1125
13515
1558
11205
739
3507
12326
10225
567
13031
7260
10689
4908
806
600
801
601
240
9296
7410
603
13074
1848
3973
8300
6471
1205
13117
1077
96
5562
325
13918
848
937
9088
13954
1082
612
10882
682
13264
614
5737
6310
7613
5614
13813
11286
10015
1900
9209
81
9030
1001
237
8838
10887
10206
1200
623
526
789
9857
997
1073
5278
334
4510
1427
1223
13161
13742
8596
731
560
1105
4603
611
11545
6448
13679
634
901
1165
315
10284
12650
1159
1527
10976
1989
9562
2747
5238
1232
10566
13816
720
7082
1264
7437
1160
2685
3526
396
823
1104
4256
67
825
13810
463
9807
1208
12006
3550
2123
7356
1252
11610
9699
5296
11401
819
9981
9284
8428
1287
650
2958
837
7592
10635
4992
842
4056
12181
11356
12592
1167
13969
664
1319
1257
2047
2274
9956
667
954
6802
1294
2466
13427
950
724
1263
13720
12420
12661
669
2959
10910
2265
831
1024
871
894
677
7366
1163
13737
1314
6043
6368
4821
10696
1301
1227
8281
6832
11094
1129
797
1028
728
1172
7408
11850
917
966
9297
1940
8505
8092
544
1037
1344
4328
996
1349
3479
2016
3865
1166
13395
9354
9800
3766
442
931
12537
699
9317
516
1477
1286
11415
6588
1071
6682
1124
2702
1833
1324
1255
641
8820
6916
11901
9598
5189
1530
7143
710
4365
2104
12641
7932
12708
5818
9139
1275
1238
6208
1009
12584
7885
1079
12988
953
469
1367
1365
764
5897
1107
8673
1055
1513
1566
13819
3112
11958
1409
733
4702
8933
12982
10432
7772
1291
8490
11967
1332
1407
366
1171
732
7685
8976
1175
10266
80
3532
13462
5634
294
7220
13807
3780
1274
1272
13747
6666
51
10824
1064
410
6133
1391
1779
940
993
4138
9487
1244
13345
897
12457
1069
11314
2102
9531
13690
11348
482
12237
1003
1103
1429
8399
4758
11490
1491
7443
3544
908
13188
10728
1451
1467
6462
13841
864
8881
5386
7407
1307
12517
4818
13116
5858
11328
1148
11981
9010
3273
1279
8973
1457
1196
1517
130
5108
9222
771
5267
10726
4761
1499
588
960
9785
775
2307
12254
5017
1487
13580
3538
9049
1519
951
1347
13890
3010
938
8408
1133
4588
11288
1149
12061
11766
529
1250
13162
957
8653
788
443
9298
1461
288
1445
11564
1581
3898
1613
9816
13459
1084
1905
12678
2771
945
1507
1538
12426
1002
3209
5722
13468
1345
12573
1202
1390
868
7188
1553
13699
1550
12377
910
915
12188
1411
1211
11698
5518
1046
12960
11367
8320
656
869
1234
967
13437
1183
1447
175
13248
1495
850
10554
9590
1612
1935
12950
1473
3052
546
593
2433
1282
10803
1611
6281
1308
2659
7852
1213
1297
10423
6354
7528
2960
729
7962
12605
1493
8386
7392
39
1351
1835
832
9933
1528
8979
11472
1113
1948
10342
9170
523
4456
11143
838
1386
4496
1309
2028
1556
5284
12895
1534
1584
843
1667
1634
5313
7340
687
1644
776
1591
61
1151
7717
1614
1595
498
1027
851
10458
8872
1086
11512
386
1698
10732
1267
1306
4102
1469
10868
408
4306
13985
1619
335
2318
115
10014
12615
435
13822
1673
8481
647
1153
1605
9621
13604
1719
11692
13571
8058
10129
3800
7900
2250
10176
1359
8536
3698
11872
9738
13239
10386
10153
1313
626
855
1689
3292
9721
1537
7416
169
596
4348
3913
10160
13666
2068
1394
1325
13804
13550
1693
885
13868
886
618
12510
9675
13732
4709
9096
9711
12140
2077
12204
2147
202
1438
1757
11829
1431
7226
1671
359
12884
9018
8980
2255
1727
746
7316
13315
1764
1201
8794
1424
4142
6505
654
13949
1608
261
5366
9415
1377
11305
1361
473
6272
6853
301
2711
3498
7777
11164
13456
1529
1217
1156
437
6338
10296
1635
892
12174
5133
11888
999
5256
1225
2076
13363
3488
1500
3712
13471
1080
783
1814
10309
1109
361
1065
13861
1647
8437
10722
13115
928
7174
3830
1428
1843
5633
929
1620
5046
12357
3166
2039
4090
1061
1823
11011
1826
1524
8970
205
1448
1564
3600
914
1723
1260
12754
12475
9150
2225
1415
727
1812
9117
1099
1261
2134
11242
12710
8041
1780
632
1801
416
1893
3393
8334
13163
1302
8593
1761
12499
2998
4001
1743
11845
9194
890
1600
10391
1897
1615
5456
9457
1549
5213
961
1392
2042
10173
1583
642
449
1677
1879
7872
12994
7073
1404
4963
8130
11809
1210
12727
1273
8070
6014
388
7350
1909
1087
1567
7286
114
1839
10622
5014
9336
1815
8463
13218
10109
1894
9465
1754
466
10632
1571
692
1322
11806
11947
1772
13922
9328
12927
5560
1249
1871
9937
11290
9577
7460
9607
1122
8526
13974
480
5360
1070
7870
11879
1056
12976
1825
856
1678
13205
1074
9777
1889
479
1632
4907
1320
7290
1996
10182
1597
668
1505
1680
4160
791
1943
11563
8884
1364
7778
182
1403
1690
5020
1083
13752
12738
1973
1934
845
9201
944
1449
1681
7166
1015
12145
13784
6781
1891
1357
1018
11544
1579
13491
1798
962
1917
1854
1363
1813
1053
8969
707
1717
5142
6895
8818
1878
1541
10291
1714
8809
1660
7847
10672
2497
1967
2044
11812
2165
2023
1598
10682
1728
8646
1844
3934
5173
1383
5367
436
4229
2970
1372
2024
12676
2956
11251
11266
63
13298
1254
1044
1413
1568
7927
1219
1245
3732
1397
1048
5829
1679
3327
1922
1387
1852
7542
2798
9961
2103
1747
4932
8476
1631
1646
2085
1385
165
2383
10326
13825
2013
1817
1724
3441
9238
7531
1062
13073
1861
7557
5468
873
1765
2072
11704
1341
2015
10720
12870
1618
8982
3127
6650
12253
1800
2100
1072
2046
1672
1456
2081
12965
1560
11803
1435
1881
3138
10615
4816
1402
11612
9318
2067
8213
1214
1794
688
1969
1896
1927
2014
883
8906
13765
1410
13801
3442
2523
5768
708
2350
13453
1883
2745
9662
2146
1606
12945
7306
7329
10442
312
4420
1580
1523
1855
12600
10071
2181
13114
1759
10323
7538
7950
3784
12401
1102
201
1655
13474
2017
5645
1895
11631
2132
1771
7576
1988
1108
8094
1849
3543
1110
13528
1111
2184
1331
2095
1670
11679
651
1508
5156
3427
8940
10013
2106
1788
2142
10329
2422
10736
8106
1980
2175
9742
9280
870
1123
13164
11012
1650
8968
750
7210
1352
2282
615
2596
13049
8856
2158
1157
8101
6132
1968
657
1293
9620
478
1559
756
1419
12747
13060
9217
1137
2447
1478
13773
2222
1947
2079
7058
4324
1827
8018
24
4378
1525
2025
7876
1718
338
11644
12860
4380
7633
1531
2829
1569
2144
1209
2041
5688
2088
658
1787
1226
13935
2161
3921
191
1582
6250
2094
2063
769
1443
13304
2287
13635
6980
541
5584
1859
1162
2249
12620
1146
1164
4301
1748
9157
2231
1841
742
1866
1168
10837
7766
1869
2856
2741
8626
13633
2069
59
13272
13637
1876
9301
2197
1197
1643
1682
1453
8983
4148
2295
2692
7331
1847
6181
2355
2035
1819
12236
12328
1875
2213
1468
434
1751
1186
4233
6498
2827
1188
9077
459
1516
1280
8580
185
7325
2366
827
6088
13279
1194
13502
1195
148
13022
13417
1853
2005
1198
10
11426
2050
1903
1334
7744
1750
1603
3453
1203
9499
2259
1117
13886
2260
7614
2309
1207
7152
2169
1666
4408
13631
816
7206
1918
12712
13510
1732
2347
13639
2186
1501
2155
12100
6924
1872
1181
1177
72
13681
1951
8611
2064
8173
3516
8915
1303
4521
5912
297
2379
10185
6486
1740
11434
10057
2058
13538
1228
9973
11562
1455
1230
11292
4620
2174
2291
1004
1233
11119
2339
2117
10540
8755
1957
1979
1283
1607
3938
5793
2179
1436
860
2300
12462
8967
1242
1649
10320
10954
1659
11686
2303
1661
11800
8502
2469
1506
1712
9884
1999
2863
10718
648
5794
1277
1721
2484
1991
4599
12130
11993
3822
1834
1675
773
1886
13727
1406
9534
5596
8640
7780
6041
11734
2221
5792
1994
7012
4859
2419
1315
2519
2073
1266
2429
12408
589
9080
2356
3306
2529
1270
2273
7164
2509
1348
1868
2235
13854
2345
1763
4332
9597
1276
13113
4796
5
12042
1705
2578
13641
1178
1752
10332
13602
9036
992
2131
2167
8842
8038
1285
976
10844
2411
2115
1281
2200
2399
2321
1804
3678
10097
2119
12345
1292
1809
2908
13410
2468
1416
2471
2546
5620
1729
1651
1128
13668
12064
636
13523
1135
9805
8984
2289
8146
13165
12648
1830
2007
2237
1958
13007
2582
2091
1144
3987
2449
12108
3018
171
2552
1465
1639
13828
1312
7765
1970
13257
2479
8780
10738
1494
13844
2629
1317
12045
6888
1182
2375
3627
2001
2156
12838
5791
8276
11013
1985
2567
2583
2168
1767
6871
11404
4121
1976
13450
991
1000
1454
1610
2631
2426
11960
2404
2192
7080
1971
4279
701
11353
8556
12773
3414
2340
2294
583
8746
9941
2599
2386
5246
3693
1134
2855
4012
37
7546
1199
4840
2456
10138
13477
12150
13798
2358
2333
2545
6369
5012
12195
2838
1379
13944
9726
2276
1997
2108
7199
2209
2206
6356
11770
1356
11720
5358
2298
1734
2038
2607
13030
3988
1140
2721
11751
2719
2120
1946
13627
2417
2292
1440
2526
8560
9433
12096
2666
1243
10694
2349
9663
1916
1898
13434
13643
629
2008
12252
12471
5308
694
1375
9706
1376
1346
2706
2624
2603
2589
13708
7620
2643
12841
6304
2514
1382
1842
1699
1755
10972
2725
5318
8031
1993
2219
7596
780
11496
1984
2330
13331
2648
6061
11044
2227
8512
8652
11818
7219
2324
6121
2922
2732
2539
9181
2096
2413
5038
12632
2099
5331
12832
4497
9876
12223
2691
5685
11988
11949
8296
10897
2621
2327
2478
1914
2463
11755
1408
6409
2782
2729
2173
639
9700
2598
4886
8802
1811
11543
2070
1746
9988
1784
5674
11672
5790
106
5762
11976
2271
2012
2743
400
2763
2275
880
8590
6700
988
12036
3493
1425
13715
1426
2283
4880
1170
3088
13424
8518
7915
6158
9780
1095
10753
12048
356
1433
13359
2049
12812
2153
11161
2558
703
2642
958
7378
489
11840
10345
8068
13757
11110
10587
10146
7137
1663
3059
2022
4161
2650
9031
11316
11180
1057
2071
1733
3969
2052
10521
7710
2738
2819
2580
3280
2564
545
6999
2804
2695
955
11747
2701
577
13190
1972
1458
1945
4666
6427
13926
5473
11664
13206
2815
1954
2675
12019
2343
1710
6336
13326
2281
7402
2568
1066
2720
1877
12358
8851
895
11477
10422
1766
9866
13000
2320
13979
13996
10716
974
3675
7764
11832
2018
13692
2873
9489
1479
13625
451
8562
2879
1832
1482
1977
5878
13336
4800
1975
7942
2245
1486
4021
2783
1212
1488
13562
2154
13645
1490
13230
2610
1253
1492
2059
7478
1373
2040
11797
2243
2746
1995
2363
2139
2834
1498
1769
10058
772
12378
2911
2279
9303
1502
11632
2770
2772
2967
5797
2258
1540
13578
11177
2859
3043
2915
11784
1509
1768
1510
228
11294
9451
2669
1691
1471
12639
2808
6217
2652
2639
7072
602
9518
1216
4116
9329
2963
8965
13310
11466
705
2232
1522
1132
9798
4339
2129
2480
2288
12931
2306
3685
2220
1565
2573
13072
1925
10441
1222
1088
11014
956
2554
770
10270
13543
2809
11886
2559
1316
1536
2254
2681
11511
2393
12829
3035
3683
2483
310
12074
1850
1542
2246
3033
12180
1544
8721
2791
10335
2141
1856
12940
2978
1548
5789
2789
10600
13286
2493
1551
9197
1552
10740
12112
2759
1012
3058
10830
12595
10082
8137
711
1038
844
1594
3542
849
1783
3095
2910
9471
5396
4281
781
2557
1466
2020
3111
1204
3013
3014
2925
5107
8552
9504
4290
12167
2136
4477
2619
2664
2472
8420
2359
6919
9746
1218
13240
2101
2902
5961
2385
10567
1578
13249
7002
2942
2962
384
2409
2953
2891
933
11922
2107
7822
7936
3067
13555
3133
1269
1587
12203
2950
7494
5962
1758
8406
1060
1695
9355
6202
11077
8986
11759
3015
3481
3151
12448
702
2342
3007
2918
5960
12910
3071
13781
1915
12081
13494
308
11530
5357
8866
1601
1604
309
1737
3160
3984
2315
12556
5011
11926
10789
6606
12553
2613
1789
336
3122
1831
13380
2909
3171
2823
8126
411
1311
9524
2734
1617
1793
1686
9277
3224
3114
2570
3219
2769
13831
2704
828
2841
8729
3244
2528
2285
13447
3031
2820
2367
4747
2171
215
3195
3062
1630
2786
2991
12187
2506
7850
1633
13647
3158
8241
3225
10953
6234
900
2183
9753
1638
11489
7836
1942
2178
2992
7500
1824
1642
11710
2653
820
12768
2193
1821
1029
12914
3245
5980
13701
4656
10941
2474
12291
9898
12092
2890
1983
2203
1904
1653
13518
6252
12625
11240
2805
9226
3080
3049
2946
2527
2657
2655
12292
2566
219
9664
10455
1662
2521
1949
13795
2996
6357
2974
8471
13384
1158
13376
12288
1936
3126
644
1147
7556
2697
3226
11928
847
8521
7190
12559
2679
1116
2513
2775
9686
670
3186
12293
5428
5889
1961
7365
1715
2241
12550
13990
2505
3144
3203
12251
9852
2616
2951
8236
9304
3239
5370
2881
10886
2634
2365
12863
3362
11821
8324
8133
3304
1412
3990
13059
12740
1220
2427
2261
1778
3265
2749
12847
3119
3569
3229
1511
3077
9717
3460
1588
2949
4033
11560
12294
2727
12657
1867
2878
1706
3234
9618
2277
1708
12421
3397
9175
2148
2933
4186
13321
2062
1711
1709
13569
2939
2688
3002
3417
8350
2060
1959
1963
2565
6309
3009
13403
6532
2111
2435
7855
1722
4805
13600
1251
8482
3212
7842
1150
2348
3238
11330
62
6108
2999
2452
13882
10596
6073
6678
8081
2611
12346
2600
3349
3374
3029
3191
690
1736
2084
3211
12295
1738
12453
5880
1532
1982
13670
10714
8491
9068
2840
12826
12125
3091
126
1574
3061
262
12801
3457
13341
2543
1645
2266
11015
3433
307
2919
1401
4552
8645
5412
170
3269
5053
2346
12521
1756
1368
3075
12285
3180
3449
3339
2764
2166
2709
2875
11983
3181
1059
11870
13048
11418
11877
11136
2496
3471
2055
4182
6011
2143
778
11930
2993
7432
3039
6876
685
2954
10150
1773
2638
1774
995
3525
2689
4282
3454
3428
7383
3313
8614
3411
12296
2323
3496
2810
2507
935
8056
2927
12987
3024
268
1785
11615
2877
7696
13722
3282
2236
11189
2860
13621
8456
4981
3367
2832
1792
4141
6656
8079
2185
9677
2244
1902
1796
1805
3500
2837
2302
3228
5090
7155
4662
11916
3529
3484
12330
9237
3156
13649
2887
3346
3353
1022
4984
7516
4200
4531
3081
3541
12562
12918
1555
3586
2003
6763
9276
7112
1389
4519
6908
11853
3616
2940
2189
2180
10970
13905
11128
1820
5812
2430
3301
3189
11794
12547
1822
6501
10230
10414
2562
3036
3153
2518
3176
2920
2284
13388
3185
5749
3293
13683
1374
12873
2517
2931
10742
8353
3495
7439
3302
2149
3455
12981
10314
3324
1656
9997
1838
1290
8250
3338
1840
2092
2872
5551
1221
3575
3343
7737
8156
1400
11442
11115
1539
738
3431
2457
3654
6389
2774
2821
3567
2575
8814
12902
3378
13110
3295
5799
3439
12173
3595
1791
9904
1485
2852
12283
2082
679
7922
3418
1860
1240
13864
7833
3173
4005
7762
12756
3155
11221
2487
1818
1235
13901
695
1664
3583
13909
3331
11063
12030
3533
3704
13963
10110
2207
3145
6159
3041
1725
4048
11033
6622
5097
7598
2668
3717
3221
3259
6483
6788
3179
8008
13168
2151
1119
7862
417
3642
13958
1885
9945
12054
841
1960
12298
9892
486
2004
3382
5356
11858
4374
1652
1892
3183
3966
3737
10522
12438
3317
2844
3037
3629
3561
3247
9512
6169
3603
800
2127
11932
3715
10891
3757
9605
4942
1919
11216
3730
1882
3383
1602
4597
2861
10851
3633
11633
2515
7047
4792
11260
8890
9395
10626
1512
3635
2187
5010
2432
4338
3139
4274
8001
3795
3170
2423
697
9722
12282
3615
5381
8604
3697
6526
375
2885
3437
3739
5061
3578
12387
3812
10508
3167
5163
1547
7644
8598
13847
1930
1005
3794
13770
4576
2577
2544
13207
3482
2762
2251
2581
1333
1011
2735
3351
3761
3398
2424
10251
11680
4813
11914
3625
2947
2196
3707
1185
4422
2645
12222
3434
9054
7422
9960
9251
3314
1533
3779
12507
1950
11730
8344
12793
3469
3596
3115
13939
3824
2532
12850
3821
5994
2609
12670
10390
3465
1305
3359
3758
1154
104
2615
3610
2717
7926
5232
3237
8582
10401
2905
12887
3090
3040
6780
6091
3400
1901
1990
1920
2627
4225
5272
11962
2916
11140
3863
9979
1974
7550
3743
7291
10440
3373
2966
10293
11016
8224
13038
2440
8736
1514
3883
3720
3385
3709
6892
13619
948
360
3309
10191
1986
8858
3706
12402
3093
13834
5902
13431
5682
3792
5024
2736
2654
3100
290
1955
3818
3289
2194
13505
3623
3943
3983
11895
7882
11309
3124
13651
10130
3681
5496
13071
12250
3817
5648
3375
6358
13548
1041
1342
7784
5581
2396
3079
3891
2836
2009
13483
7902
3770
3887
5043
3486
3948
9766
13968
3254
2201
9438
13897
1256
10680
3522
3606
6512
3752
1284
13913
1685
8313
3323
13021
4498
854
3222
12954
7658
100
3823
4511
10876
3243
2093
12300
3539
13744
5670
2535
2707
3584
13762
2980
4230
2137
3728
7845
2641
3710
760
13930
2715
8901
4047
13792
2718
3657
11616
8587
10612
3911
10098
2450
3884
2239
6702
2723
8722
1648
2045
7527
4043
3899
11158
3781
3510
10969
8962
10712
5856
12492
3803
7057
4059
13953
4042
2934
3989
28
3673
13355
9552
10642
3429
3748
2455
13109
7572
9172
7676
3843
2061
3893
3425
406
3935
11739
3421
10817
11226
10407
12088
3416
3992
12280
4000
12234
12008
274
4392
1676
3751
3315
3689
3769
7218
12959
3217
12016
2075
7948
3686
13857
4038
3783
2078
11124
3951
2846
10060
4088
4049
11407
5800
10592
3827
2542
3335
271
3666
10091
10662
7761
3967
3001
25
13169
12922
7071
11378
2651
11350
3316
3856
2353
3755
141
3240
3809
9496
368
13220
2516
13392
2797
10692
4065
2799
3940
13368
8045
972
10833
1246
2750
3705
13273
551
3188
8356
11055
7504
8465
4207
7537
3403
10281
3797
12301
2995
7093
13984
9763
1338
2817
1770
3072
2114
58
3702
11912
1624
7621
3125
1658
2118
12194
7680
10245
2726
3901
3164
3128
3366
3972
7150
12331
4181
3644
2125
9907
3485
4069
3723
13316
7098
13029
3762
13231
2130
3450
4172
3979
4145
6957
2845
11687
4119
3581
5882
8905
12480
3407
2208
12763
3564
3402
6508
9421
13258
10573
1370
3241
3356
2857
4095
8989
4201
2299
2145
12975
2716
2900
2755
4197
2913
2858
4163
9447
2204
10648
1155
12395
12898
581
4676
13299
3763
3050
4255
9928
13414
862
4752
1091
9772
13734
6736
1191
2160
2756
4234
7641
4269
8145
4017
1442
4165
1845
3069
2319
5184
4249
3251
8098
7312
3201
1609
4034
2170
3130
10940
3520
2172
13513
3348
12603
9216
7377
3807
4143
3731
3483
3871
538
7992
11084
7092
2538
3634
11673
3767
13346
11646
3204
4003
11211
2080
5153
13192
9243
11884
3511
1637
3524
4267
12144
3503
8880
3129
13598
3361
3262
3998
4263
3290
4220
2785
979
9530
1688
3886
8417
4363
9037
2198
3232
2199
12302
3866
4222
4287
7423
2202
2795
4185
13749
12590
570
2205
12027
8938
882
3311
3154
3852
12409
13672
2157
5556
8625
3791
4289
7120
2690
11558
4016
2214
4219
3785
5955
2663
11017
7530
11495
3954
1418
5166
9810
8568
2152
6568
13653
4159
5665
2223
12134
6570
2724
4283
12528
3637
8162
3341
8457
2971
10549
1437
2973
3814
11541
13694
1444
1321
10776
3512
1790
9128
4359
4107
8747
3577
8326
13006
4035
1873
1271
3864
726
13778
9058
9274
3587
3961
13497
4223
8829
3591
7433
4203
2955
2696
221
2247
13421
3805
2889
4299
4767
3947
8730
10794
4563
3754
187
5136
3840
6232
2370
2122
8961
2256
10453
2848
1343
13058
10009
5208
9501
1268
13576
10288
6567
2262
4023
4485
3102
8282
13893
1013
12655
2587
4074
4195
9678
2268
11414
4085
709
12496
13917
3833
13108
4430
765
11090
254
4094
4127
3982
2626
11258
3674
3008
3905
4239
12853
4445
9873
3895
9338
4027
12618
3025
1045
9666
13241
3655
3621
11372
10311
5178
10562
12568
1932
3051
6669
4325
1526
10968
142
10154
916
12202
3860
932
4759
1472
2560
3975
3995
10764
4174
3446
12303
3394
12866
1441
4528
4424
7860
2301
11617
3597
13170
7626
12964
4089
5981
2503
2708
3515
4224
4155
11843
4828
912
9132
12541
7488
13973
4334
3624
8258
4212
1189
5279
4189
4209
4550
1355
2987
3878
2317
920
4202
9193
6442
3977
4488
10228
4499
1857
2322
12668
4315
11634
11910
3168
2870
2150
5434
4554
2812
3200
3630
12249
7672
7935
11978
4845
3497
3109
8658
2335
9616
4407
4604
3701
4379
3978
12630
12433
11482
5231
332
2968
6572
13710
2331
1887
4467
10651
1339
3906
4075
10259
4520
3345
6266
12637
3300
10636
3391
2988
3518
507
6160
13250
12820
2494
5500
11502
2352
4426
10908
2897
13878
6861
4136
4273
1964
8812
8990
762
4591
4409
6322
2135
2360
296
3647
9791
2574
4639
10922
5739
2760
6113
3639
1590
3851
4557
2499
3563
2776
4612
4427
9147
10896
13266
2371
3649
3932
4342
433
6359
7930
4421
3959
13948
2376
11446
3566
3342
5968
12582
1462
12077
2380
10341
7454
4298
6018
3404
3857
3347
4053
9565
4733
11767
4626
4601
4178
6435
7090
10061
4144
8883
7742
810
9124
3044
8170
3619
5742
13407
922
5513
5472
3676
4272
4689
2397
2267
2398
10429
3839
9796
10710
2537
2401
13441
3063
2824
3605
12304
4439
11106
3207
13047
1908
4841
6676
12742
2408
7053
6990
3094
2410
4080
8764
2674
2224
13837
3005
3078
4619
3908
4227
4295
2416
4294
4757
8871
2418
10805
4829
1621
6758
2803
4745
2906
4248
3274
3837
8073
7368
4448
4257
6591
3491
10786
4695
11387
1884
2617
1966
13531
4302
4284
4311
13486
4715
4514
4243
12179
6798
5785
2384
4429
11046
4774
3187
975
12120
8416
3903
2264
4028
11101
9924
2828
4479
2511
1921
4753
4389
3576
3296
10823
2728
4806
4549
2444
2448
4162
4674
13615
7616
4177
7600
11195
13560
2813
12332
12999
2454
4579
3688
4623
4724
3931
4469
9727
4914
4913
4912
12276
4910
5525
3692
8503
4585
8032
4863
13729
4726
3092
12186
1369
8404
13685
4391
7506
4661
13789
4679
13655
3653
1289
4526
4459
5592
11476
5628
1353
3299
13396
9940
3641
1323
13717
8960
3996
4352
13364
8116
4684
3218
10930
2481
13070
4874
2733
8292
902
4461
12926
4067
535
8644
4416
4353
3870
4668
6129
3734
1910
2242
4064
6024
13107
6032
12780
4750
8039
4009
2851
11120
11893
7008
12221
4936
3964
2498
3611
11938
3553
4940
7450
9356
7065
8242
3337
3601
1081
4754
3589
13536
11231
9910
1941
6600
3286
2508
11369
4729
1589
4778
2801
4081
3680
3334
3198
3876
7719
3819
5813
3773
3594
10274
6333
10746
13703
3310
1398
13526
11827
4438
4890
3534
10623
3531
2162
3725
13171
2524
8301
10568
10771
2983
3369
4423
4406
4370
8274
4934
4385
3046
4503
4545
11488
3910
5003
2533
8359
4904
4927
4453
4037
2536
4204
11716
1546
6538
13754
2362
3475
5059
5058
6724
12775
4168
978
4610
4480
5019
2030
4756
2777
4373
3056
3294
10616
3003
12129
4919
9445
4128
2672
10542
12070
4217
4622
8122
1702
3065
4572
4543
477
2556
9122
4677
4206
9236
1318
4799
13193
3736
11337
6914
5099
1596
3877
1366
5659
12518
12166
4931
2930
12360
11908
5612
3380
12798
12894
4111
12720
9886
10452
4998
4115
2572
4891
11618
10219
10008
6773
4843
5715
11064
4123
4198
13287
4125
7249
4643
4536
8136
11300
3798
2961
3920
3847
3875
10139
5081
5080
4768
13567
2586
8752
4533
2671
3285
9954
4920
5114
3215
3974
8924
7947
4660
2977
2593
7759
7698
3937
4011
4615
2297
3116
3896
3470
5151
8570
4354
12000
13850
3466
8064
11311
5158
5157
5446
3057
5064
9378
4830
3914
2606
4061
10588
3477
10180
1395
5039
12463
7956
3848
2903
7246
4952
9345
2792
13889
3137
172
3230
1446
12024
12733
4899
6847
3782
1050
3929
11433
2620
3658
5105
13921
12160
11465
4383
8478
3105
8265
2625
5150
2825
2779
3941
9331
4690
12785
4470
12571
5047
2336
4183
5069
3889
2563
6422
12511
5259
5171
2635
10633
4613
9540
5235
7192
4977
12348
1808
12306
12060
13553
3123
3774
4313
3333
5078
4772
2644
2177
4850
2591
11964
9416
5802
9370
4386
2270
8370
2944
4748
9978
3535
3182
3789
11540
5586
2482
11528
5084
4606
5169
2656
4210
12538
6607
2658
12806
12876
13995
4434
4451
7570
5134
4509
1521
12248
6739
5736
9533
1097
13221
4571
4946
5277
4150
13428
7245
3365
4436
2670
4657
5884
7251
7388
3405
3372
1782
4921
3509
4935
4259
5490
4319
4737
3272
2051
2036
5199
11256
4773
5016
5273
11455
8458
5236
7518
2976
13596
1687
5337
9575
2686
5204
8690
11868
4993
2087
4054
8113
6716
9718
4879
13037
814
1396
7088
5071
5275
11657
4717
9097
4667
8466
5091
12623
2698
8689
5374
3551
2700
12388
4171
12883
5322
197
11206
13674
3953
4885
3261
1753
4292
8105
4785
4105
11788
665
10062
5147
4413
4969
13934
5180
8692
5292
5309
13311
5104
2884
4351
3834
6504
610
5378
3268
12666
13106
5215
2811
6070
76
4082
13613
4071
7486
5443
11019
5274
10665
6052
3297
12644
4713
5435
11332
13332
7549
9560
382
3881
5225
7804
1092
5327
11056
5390
2019
3671
26
5096
3708
2442
6413
3548
5253
6872
92
5128
10802
2740
4158
10836
7797
3733
5021
3796
13657
3659
2676
5848
13541
5784
5424
5123
11635
4884
8693
2414
3919
3965
3277
2751
13172
2752
12817
12422
12099
5280
1836
5413
5346
3880
4411
5207
3613
5323
124
11556
5179
5089
12013
11694
10183
1640
13978
2680
4502
7288
10885
7940
4344
8784
11940
5423
4976
3401
9109
5379
13327
5451
3070
10202
6531
4793
2453
6360
13521
3699
5773
3464
13232
4440
5049
4962
10171
4763
5480
4169
1931
11726
1562
5297
13767
5404
878
9856
763
4455
4820
4775
13351
4103
3344
5124
10843
3055
5037
5618
2768
1296
12333
6004
11985
6480
10708
4190
4760
5030
1912
10420
4286
7858
3729
4196
8161
4562
5989
5319
5262
1735
2585
12172
12751
748
5375
10966
10099
5334
3604
5383
4493
3047
616
2579
5247
8100
11700
5181
4014
8338
8496
5599
4769
4655
4861
12472
8389
4889
12416
5343
5116
12758
736
4226
7175
4560
11437
5565
575
4029
1880
4347
10263
2822
7686
4235
3993
8020
5270
4395
6943
8544
3161
5159
1326
6212
8374
11752
13057
5403
4853
2831
5444
3722
3777
3487
1572
5438
6961
2835
4835
7468
2534
10308
12273
3925
4382
2839
5335
4025
3257
5487
8447
2842
5639
11906
4720
4551
7661
4377
3790
2138
2964
5606
2742
3165
4327
4749
2381
10212
4871
3849
7243
8328
4924
4602
13943
13020
2898
11666
11148
3917
13508
2112
2712
5537
491
5103
1906
3579
1535
5511
9072
5431
4564
4624
5320
10226
4688
5371
10511
12444
5294
4991
11955
9688
3825
1807
10690
8232
4616
6054
11882
4770
12525
4262
757
3086
7622
3388
4566
7994
11838
7758
4847
8778
3556
5183
13438
5668
904
3376
12403
5515
9021
5495
1781
6562
3332
6098
723
3083
5494
5866
11748
10406
3971
5575
5083
4955
4975
5301
10605
3011
1799
4827
13840
2548
1417
2895
12193
2896
4996
4507
3552
3873
13209
2395
2313
2054
4964
5627
10007
10438
4335
4355
13989
5336
13028
6576
3379
9092
2325
2907
12308
3695
1586
4364
4862
5466
11756
2773
3960
3104
4508
9382
13489
2914
3423
12380
5623
3945
11778
2917
5911
3196
7540
4671
9161
2628
557
11410
8787
5206
10748
13812
5177
8810
7840
5070
5433
7668
3558
6332
10890
5741
13724
2929
13815
5896
5329
3664
11347
4629
3609
7376
11509
2660
4442
4403
2975
7184
13860
2937
13775
11470
7810
4703
1739
5787
6797
13194
5139
8036
5074
9180
6779
13500
5479
5469
5542
7554
3360
4555
5497
2948
2390
5185
12790
3177
3559
12980
2361
3749
13105
5063
12939
8696
1310
11320
12005
4401
13786
9668
3006
7330
5833
5832
7341
13400
6837
105
5608
4742
3617
5471
2451
4970
4738
13360
9211
9014
4167
4815
1978
7446
13069
4751
5026
3364
4244
4457
4714
3368
6177
879
13809
5389
8262
5567
7
5717
8633
3626
10428
4633
9429
4916
12272
2188
5196
13322
5788
5001
2969
1141
7254
12722
5780
2985
12371
6294
13173
5465
4331
4960
1992
4484
9271
12396
4297
4487
11771
11020
3012
13818
12111
5521
4007
5135
6627
13466
4938
2997
10158
1023
1692
13242
8488
4971
7076
5661
5410
4575
4154
4505
11804
3004
12201
6128
12247
1470
3608
4388
4375
5545
2382
5935
7631
1874
13696
13460
10657
5680
5042
11302
5895
5984
7741
5719
2492
5585
5924
5831
503
5718
4700
4989
13611
12992
10630
3021
5641
6256
3445
5903
7189
5101
5197
5517
5439
3716
7212
652
11891
3028
4647
5617
11851
3030
4041
3832
11688
2105
893
10858
13759
3476
3904
5686
4522
12454
7145
5137
2368
5735
7396
5927
11813
4866
5532
13574
10063
5593
12585
8572
13659
10168
5835
1180
11555
3741
1042
5333
2491
3048
4809
5974
86
6001
717
11830
12593
5976
9156
5675
12309
9402
13046
4583
5814
12220
5646
5420
5339
6025
4641
5287
9258
3060
3756
9186
9118
5429
13885
4595
8819
4265
3991
8110
8913
3066
9641
3598
11116
11942
5261
5919
5036
5975
9498
5871
5959
7788
13925
5087
12535
5999
10965
2826
4093
5711
10921
4787
9883
4617
13874
2935
3753
5845
3162
13806
6029
5764
2754
4882
12693
3667
9708
3085
2540
11744
2374
9310
8993
8218
4341
5767
10300
5077
5282
9754
9643
4343
6561
2604
12695
7086
4468
6488
6115
3336
6134
2618
5909
2744
10609
5997
5723
4611
6321
12890
12021
4600
2495
5725
12691
5310
7222
4658
4553
6077
9493
5803
4164
3108
13457
7602
4300
5672
5548
5951
11162
5093
4789
6440
13821
5865
5760
3631
7843
5192
6577
3117
10673
8500
5218
6079
6082
3120
4118
11254
1248
5804
8226
5821
12859
6042
4464
5857
2647
3193
13418
3147
13251
9038
3413
4381
13687
2420
2310
6223
6222
11760
7148
6219
12697
6164
3076
5851
2090
12334
2248
5229
6016
3440
4346
5023
4362
3140
6179
4712
5234
5415
10290
11620
12664
6520
4193
5862
8775
6095
9166
3957
11801
3148
5995
8748
3760
5890
7560
13546
2459
3845
7917
5805
12689
2437
1215
13342
3205
6247
9985
4736
11277
12410
13281
3159
4213
2510
7105
6265
6214
6162
8900
5535
2195
5907
2921
5783
11441
4504
10197
5807
1924
4650
11129
4819
965
6257
282
8698
10481
1179
9637
5138
2965
11706
2116
3175
13411
5621
579
10482
1741
4113
6130
4337
10563
5276
11636
6175
7851
7648
5582
3580
4052
3184
4708
8010
7635
11236
6149
2814
11281
5314
4238
6031
9323
5917
490
6674
7726
3192
4851
13516
13104
1241
12765
5541
5969
5837
5726
5563
8803
5940
10829
5119
11275
5609
10512
8904
6282
3202
3099
9332
13594
4609
6283
6404
5776
3284
2308
4811
12635
3208
4584
5349
2372
3210
2633
5547
3854
4864
3900
3213
10759
2802
2576
6143
5844
3216
6119
3328
5965
8790
12909
6203
4512
6051
3994
13472
1641
4687
5536
3223
1047
13676
4356
3271
12735
6271
9646
10706
586
6343
13174
6000
10683
5743
9781
9460
11731
5062
5050
6762
12687
7722
5285
3235
8643
5394
9462
7156
12913
6218
5796
5759
5650
6229
4321
10006
8715
13222
11313
6287
9419
6302
887
5384
13803
10938
4078
5683
11091
5426
2159
6199
6196
2083
1846
5806
4692
3252
9680
5305
12091
11846
808
3255
3381
3256
3660
5972
5830
13962
4394
6391
13267
3443
5708
2332
4349
1593
3152
8168
5031
7302
5782
3326
10557
13454
8413
9270
4357
5436
11785
9870
3622
3358
11021
13300
5949
5651
5288
6419
2403
4986
1145
3275
11980
3377
6917
6144
4006
4371
6353
3279
12611
4340
3461
5891
4146
5193
5576
4149
5934
8378
495
4366
10035
4402
3321
8128
12270
1636
13381
6485
3672
4387
12073
13824
5629
6116
11065
12080
11481
5409
10036
1265
3651
9464
6544
6543
9647
3298
7240
6555
4730
4693
5040
5079
13957
5504
10593
8530
12974
5948
6303
3305
8841
3897
12185
6063
9696
3726
9897
10486
11181
5578
3424
7334
9931
3022
10316
6027
9669
6434
6284
5249
13377
9732
3468
5055
6069
3318
13294
12606
9900
6436
6058
6137
3986
3322
5266
5307
5223
6474
11658
12138
5342
13712
6579
6484
13853
5338
50
6585
13195
4218
12953
9580
12178
7322
8757
5330
6326
157
10362
5559
6963
4417
6106
7642
12468
10850
2597
7360
10235
11178
1231
11554
1336
5395
2228
6453
13609
5925
6689
12958
10895
3924
4878
7568
7666
5643
12038
5359
2687
4683
3835
782
5291
6502
6459
6320
867
8850
11966
4719
2876
12246
6034
6496
2561
6541
1515
5879
4887
6139
6198
8994
5057
6056
13317
5045
5534
5887
7972
6629
3451
11184
8681
6407
5786
8896
6445
4446
13983
10750
3677
5827
3554
5347
12917
6339
6646
6449
13741
4008
5315
9396
2031
6192
7395
5269
4184
5914
4444
5795
6173
792
10437
9456
5252
9346
10189
10866
5855
6609
6372
10064
8160
6654
8243
5751
9634
4529
11125
3390
6476
4492
13210
4523
7497
2748
12047
5013
5740
4173
4839
6148
7910
8656
11271
4031
1422
6374
3352
6126
1112
9116
6364
4192
6575
5475
11944
7106
5698
6117
10535
3406
13425
10122
9858
13056
11873
3409
9466
8402
2684
13036
6299
3574
7893
5120
13705
1224
5242
3415
10165
6766
3214
5126
13435
919
6796
6795
6794
6793
10030
6791
3514
6380
4104
1094
13475
6438
11740
6152
2473
3426
5942
6528
483
6293
13233
5144
5032
12616
47
6005
13843
3432
6068
5524
12703
6411
6664
3435
5015
3436
6808
7280
2133
5874
4925
5558
5368
7052
3735
10488
13558
4649
6789
6047
4278
5152
4593
6046
3711
6127
2677
3447
6592
5005
10729
6547
9927
3472
13373
6732
6731
8700
624
617
12269
13746
10773
13736
13492
3456
4808
6811
12231
4369
5697
10668
5363
5491
3146
6233
1187
3462
13068
1802
3944
6632
4117
5198
5569
6224
2391
13800
4954
6699
6424
6749
13306
2216
6060
5481
5555
6565
4701
8738
10839
2269
5957
6841
6595
12434
10725
3489
13175
3799
9649
6089
1561
3363
5463
5326
9087
6939
12642
6937
13565
6935
6934
6933
12133
5681
13938
5667
2737
5000
3287
6183
12335
4221
10660
9224
5587
3492
6652
5573
12840
5591
4437
6983
6614
12948
4214
4663
10731
11902
4665
3499
3517
13952
2329
7216
13783
2312
7257
5839
8004
7756
6953
3408
9543
6663
6729
6138
8555
4465
2569
10358
11187
6146
5111
6145
9441
6701
3738
9970
5750
6649
276
6851
1236
2781
6929
6361
11287
6868
6867
6679
10041
6021
9865
11396
12577
8680
8102
3194
11538
11102
5127
6363
13827
472
2904
9028
6586
1851
12901
6706
4869
1388
3026
11152
4901
5607
6493
8388
811
4637
5051
2109
6834
3536
1414
5603
11107
4939
9454
6784
12963
5987
4721
6775
9241
7268
5499
6201
8219
5149
8016
5121
9151
3810
10513
7296
4079
6928
12601
6874
5868
6945
1036
6770
4631
4247
8732
6667
13719
8772
6536
6857
8561
5662
1430
5102
646
5854
13904
12532
13356
3422
6053
6642
5699
6103
4898
6991
6278
4277
4250
5250
11667
4755
6514
3582
12165
3568
5928
7020
7051
7050
9362
3571
3687
5345
4605
4972
6220
6489
9022
4844
4875
4350
12350
9468
12831
10100
10449
5721
8753
6367
6915
4022
4764
6613
9586
6655
2032
5713
6059
13908
7343
389
2869
4694
6236
6734
12522
5864
6846
6803
5801
11880
3915
4425
10005
5467
12705
4944
8765
7001
7000
4686
10285
2794
12843
6457
7969
12662
5085
9916
11252
5007
1161
4532
1744
7059
5459
6869
1126
4807
8107
6569
5771
6313
6136
6371
4096
5775
6722
6693
3537
7031
13881
13288
4817
6755
6401
6347
6922
6327
7553
5220
8701
10490
3150
7083
6782
12148
9891
11682
3869
2899
8135
4776
11637
7171
13929
4794
6944
3384
6408
6881
4147
6348
12268
6633
7238
7237
7236
7235
7234
7233
7232
13900
7230
7229
12372
4361
12381
6665
6923
13972
7177
5388
5604
6386
8725
7167
5131
5626
9340
6636
4734
8460
2428
6141
5522
7084
1489
12862
11553
11866
12481
4915
10963
3648
6487
4405
8995
7996
7320
6307
8525
7024
1093
6959
12681
3844
9100
4569
12493
6904
7034
4607
2438
2818
7227
7740
6648
7023
11833
3661
6345
12018
5543
5035
5498
5863
4303
9248
4414
11992
4415
7162
4894
9948
8394
10788
11795
4746
7111
2990
5834
6580
12508
7039
12159
6124
9906
6019
9593
6707
5692
5516
1067
6843
4905
7014
12753
5441
12192
4002
6563
3682
637
11360
3879
7314
7128
7127
3220
13478
11997
6687
13027
3894
13764
7109
9375
6296
6899
3691
6818
13772
355
5414
13751
12066
6612
12362
13731
9880
13102
4958
2761
6806
7101
7029
8843
6279
1760
5552
12087
4231
6992
3703
11289
6839
2233
6757
13503
7215
6268
6035
6517
4791
4945
8586
8148
7079
13045
1911
13912
6015
2406
7151
9219
3714
12872
6022
3387
3540
5056
7006
12313
3718
6227
4959
10155
5809
4310
3721
13663
7213
3330
7375
7374
7373
7372
13196
8167
6617
2461
5838
476
6101
6231
5701
7042
7097
3355
6530
6226
6744
6288
5485
13176
4979
6850
6469
11675
6733
10846
6735
12828
7026
8873
7292
899
11190
1068
9612
12551
11526
10065
7409
4431
3744
10026
4368
13797
4705
798
5546
11267
2467
5755
13592
12886
4458
7010
7436
3912
7318
7317
6849
10399
6007
3892
5531
12811
6187
10928
6317
7953
7338
9744
6814
7313
6426
6178
13448
9703
7170
10210
7095
330
3684
9681
3765
9371
11334
11322
7055
12846
3872
2512
7285
7284
5033
13678
7654
4055
9958
2525
11946
8080
2883
7541
4483
12588
4358
5695
6151
13511
7618
787
7532
5729
6392
6947
7470
4538
10526
7259
3312
12707
6055
5312
7015
3620
6810
6968
7419
1907
8882
7048
6507
6376
6243
559
8474
6694
5689
9333
6075
9559
7566
4548
7552
2530
11112
6264
8702
2699
7335
13529
7399
7138
10920
4471
4974
7289
3802
6619
12782
11649
5009
12560
8272
13896
5075
3690
6952
2402
7324
13534
6984
12267
4135
4454
7459
4574
6743
7100
5577
12119
13260
5869
2006
3246
13698
3523
13830
8892
7534
13689
7559
12417
5967
3142
7353
6949
3141
11701
6213
4867
7037
4156
3494
13223
6318
3771
7271
7346
3828
5956
5666
7519
4877
5528
5747
5109
4260
342
6815
10719
10140
3909
7591
3727
6341
12397
10492
4868
3838
5484
6399
3787
10816
7091
3841
12943
8288
407
7485
7484
7309
11413
7141
7636
2522
6884
7455
13572
6875
8121
6594
7967
2932
6275
13994
5694
10192
6166
7625
13947
4994
4906
6331
13393
11344
6171
6429
12897
3858
12548
981
10752
7816
3227
1016
6464
3862
2710
7265
10354
9268
12737
686
9427
6602
7584
7351
9761
3868
7629
6965
7209
3585
3628
6335
5380
10436
7428
7427
7310
6499
6715
5167
1795
5027
11900
3249
3504
5453
2431
627
6566
3506
6768
8678
2531
3882
2588
3963
11454
10640
9601
6118
2590
9414
2164
7415
8862
3888
7640
5265
1745
3890
3438
10374
13211
10810
3999
7610
5263
1837
7371
4561
6461
5195
10737
5846
7727
2630
7043
5561
8097
4558
7496
5852
8131
3950
5068
13870
12314
7099
613
7639
857
7193
12497
11782
8401
5211
7025
6255
2378
5065
11500
10544
4489
7643
13252
7003
6174
13312
10200
6852
10045
3916
6267
12002
10077
5461
5462
6719
345
7517
3750
8266
11315
8086
7700
3923
5702
7221
12746
6269
5306
9144
6410
3927
11291
3928
3042
5239
2853
3930
3527
4988
6291
7856
2465
2034
5245
4965
1803
7748
4951
3250
12985
12772
8143
13916
11689
7499
5963
2784
1115
5255
9888
3942
4987
7660
7659
5816
7838
6960
3560
3936
6315
7754
6704
6820
6432
10962
1014
4541
2694
7487
3668
3952
5458
8996
13524
6747
5888
6301
7140
10004
6638
6295
4900
5405
13101
11552
7359
6491
8248
4810
3645
6604
3632
7767
13067
2392
2849
6771
2086
7589
7267
985
3713
12596
6537
7179
11975
7803
4276
7606
4766
6168
11537
3545
22
6624
737
7413
7711
2501
9313
7479
4475
7796
12029
7119
11265
6647
6598
6515
7154
7585
4596
7139
13539
5946
4669
4547
13275
12464
7611
6978
3853
8310
4026
7846
6194
1786
12925
4187
4790
11306
2722
5990
13055
7887
5894
11768
11377
7223
13177
2048
6365
8870
4873
6249
12266
4137
7398
8642
9495
7363
6122
7391
12849
6659
5840
6548
5341
6556
7319
7601
11428
6751
13481
6039
404
8912
2033
5191
7382
4784
4856
7403
12787
7974
5353
4015
13432
6446
11058
8220
5264
5673
11086
11066
7567
4020
4978
4428
4524
11432
7747
7775
7634
7888
7801
6038
11727
7897
13846
7207
7608
7085
10617
7749
5373
4030
4779
7577
592
4032
7490
7195
2731
6455
2305
6883
7370
7339
10717
4710
984
7272
4216
4039
4539
5387
9976
9724
3602
6951
7701
7750
3178
7113
13365
7513
6492
7465
7857
7865
11792
3740
4627
7739
5352
4050
5931
7647
5141
4654
5202
4307
11399
5539
4598
6083
7746
6927
6589
942
13977
6472
6263
7307
6200
2594
6468
4798
9367
7827
5417
4063
4740
7078
1127
4780
13415
4066
7579
6209
4842
4068
5240
7228
13605
10292
5117
12580
7544
10906
1101
4073
13333
9472
7941
6738
7411
7514
7688
8009
4400
5486
11374
13892
5724
2240
13328
13794
11383
9860
2425
7491
12677
6037
12660
8306
7782
4086
4534
7671
9210
7342
13234
10222
7877
7033
8015
7823
10411
6710
12445
13756
7027
7019
6147
6431
7763
13726
7449
11968
12315
4098
13445
7224
13665
9500
7571
10494
7364
5529
7357
8095
13780
10558
12076
5886
9832
4106
11241
8085
10676
7173
661
6170
7783
4110
5652
10066
2460
13856
983
8040
12529
7937
3764
7545
12411
7980
6587
6930
2673
11250
7435
1890
12450
4120
11217
13004
10215
7687
5861
6185
5870
7669
6466
5977
9611
4126
6603
6879
13197
5321
12649
7979
7281
11222
2163
9834
13988
5072
3747
8120
9579
8118
7874
6720
11587
8245
7089
5988
13035
7121
7791
8141
8238
4140
5540
11424
5929
7955
11586
7674
3842
6099
6625
7379
4823
7539
12800
8227
8461
5060
11589
6971
10231
5941
9052
7957
13282
7461
8066
4153
7548
8294
1076
8077
13268
12184
6651
8231
2462
7853
11585
11080
1384
10822
7133
6668
3371
8055
4681
10418
6308
7699
6065
4329
13833
11024
3918
273
9347
7628
11590
6671
5164
4419
8047
8046
9628
10580
5029
6260
7985
7617
10602
8090
6889
8514
11948
5400
10575
5571
7369
4180
11825
7806
3118
8199
5018
7501
7103
7321
11854
8021
11436
7713
10047
7217
2972
7511
10393
4188
6204
6703
11293
9390
10681
7204
12566
6040
1354
6290
11887
6711
3263
8000
7578
5595
5165
7381
12265
6993
6582
12218
7587
7505
6848
6907
4802
10652
4318
4491
6248
8211
9828
13422
9195
8704
9836
6311
7884
3829
6835
9048
5613
6377
7551
8267
5054
7270
7525
7825
1239
7004
7963
12102
7412
7745
7909
9076
11583
6661
5625
7595
5506
7808
12337
6981
6584
10702
7153
4062
7946
7305
6866
5983
369
5635
6324
4831
13100
7723
5382
7142
6379
5022
6509
7405
7931
11092
12865
8029
7523
8796
5706
5647
11592
7135
13338
4237
12177
9490
7126
7939
7966
4240
9240
5655
11707
4242
11357
7301
8739
4926
3846
8806
11371
10302
7903
8279
4739
5233
8364
8363
11263
9568
11386
7440
8369
4252
6176
10606
12711
9112
5174
13408
12822
7787
4176
7277
13323
1616
2551
11480
119
7665
13877
4261
7524
13352
12106
7458
8054
7959
13920
8291
9247
7889
13178
8207
1545
10598
193
12640
5930
4270
1707
8063
12363
8318
8317
7854
13519
6677
13933
1654
2614
4614
4129
2338
1335
943
11849
8335
6114
4741
2665
994
12767
2623
11593
5597
8779
8104
7169
11668
5190
7418
8049
8191
5507
6261
8286
11898
12373
7968
3143
9214
7038
8423
6628
4293
7964
6829
4685
5696
6746
4296
8504
8287
12015
6792
9969
10842
12542
4691
7393
12626
3742
8260
12893
6381
11859
8676
4586
4305
12852
7315
9585
7792
3652
9592
6714
4704
7695
7663
7007
8511
7474
2632
11581
7928
9919
9748
8441
8175
7920
10804
8524
6816
3412
6444
8149
6911
1518
4320
13590
5657
5186
4322
6076
8469
13544
8467
8217
8539
3053
4326
5769
3786
6239
9056
11749
9826
10271
4330
1152
10894
10003
11166
7703
6610
12069
8499
8371
6503
13707
4336
8599
7952
8084
6430
13714
8594
5419
7805
5221
8349
12455
2234
6048
13680
12675
2943
11878
6518
2238
7244
6618
795
9627
11836
6135
8649
6521
6186
7384
11212
5217
7503
69
7463
7303
6967
7707
7743
4953
12808
8299
5823
12007
5372
259
8431
7694
4360
5160
10936
5583
13942
11156
7692
6205
5819
10101
4134
11507
6398
8138
12938
2263
7709
7730
5299
9867
8710
4995
6910
6470
4372
10741
4046
13044
6190
9885
6276
7670
7094
8176
5691
9983
1439
8623
8622
11227
8620
8210
6259
5258
3131
6621
6723
8657
5993
7594
7481
6909
8345
8189
4057
5986
12512
2880
5452
5853
3669
7116
13484
6274
5574
10857
4594
8088
5744
4961
8727
13301
9334
5244
8723
8348
10350
13212
4399
5492
8312
7225
3820
13295
8546
4245
8575
12264
4404
9797
6608
5025
3419
7180
6316
13563
9550
875
12792
10927
8513
6522
1049
8074
5883
9600
6620
8501
3885
38
8303
5766
13224
5300
7198
487
8204
5944
8579
10021
8542
3588
4933
12123
9082
11757
7583
12229
8436
6210
7185
10775
6756
8647
7871
2218
2217
5905
4872
10078
8439
11536
4621
6500
8280
2405
8246
8687
8257
9573
1381
7168
2489
12997
8434
6163
7562
8006
8139
1987
5553
7475
4097
1899
12110
6475
8786
11579
5745
4384
8494
10861
1700
8284
4447
8953
8315
7988
608
6161
4450
8235
13244
3831
4452
13888
10570
12199
7424
8777
8354
12243
8473
6334
13556
5892
6235
7131
7911
10825
4460
8099
9672
5354
11196
7118
8351
8024
7789
5953
7017
8455
4466
7194
8655
7954
6760
12973
8194
5406
8719
8304
8717
13603
8448
4478
8185
13791
5369
8438
8571
7673
5945
4211
3867
13026
8798
7326
8319
3303
3113
7096
8198
9255
4482
4696
8422
1806
5979
11025
7923
7172
4486
7774
6527
8212
7771
12569
7183
11295
7081
1497
8407
11745
5172
8172
5991
7908
4494
9737
11440
8686
13442
11368
4948
7163
5631
8393
8674
9733
4500
7457
6752
5402
8768
3045
7881
13769
8824
5364
7509
3519
8379
3955
8808
9840
7681
1554
7864
12317
4762
4139
8903
7580
7438
6902
10252
9129
12882
10552
4515
9787
12094
2854
9266
10785
4518
3836
8239
8911
8910
8909
8908
12875
6072
11578
9610
4630
8044
8188
8613
3357
8342
11676
13506
7656
8728
458
11130
8754
4530
8492
9039
8229
7205
8330
5175
13691
7255
5982
8391
5148
1464
9626
13198
6228
7564
11308
7890
7062
13018
7191
6812
7934
4542
6590
6940
13179
8577
8308
8861
8860
4546
12352
8716
1121
3291
6023
8774
6887
8298
2850
7965
9131
1731
4280
8923
6030
4581
12137
6028
4254
4556
8609
7575
11923
8050
12142
8891
4943
5637
11597
8278
6970
8828
8827
5630
3724
6593
7785
7283
4323
10404
8268
5709
5290
4568
10713
9930
13343
4570
11925
13836
6918
9094
13636
4634
7841
1952
7768
4215
9002
8517
8800
4577
12591
4578
12164
8651
10497
6107
8329
8115
7344
10960
2986
6111
7447
5501
5094
4018
13
13054
6972
4587
12755
3430
11844
9044
5611
4590
10020
8855
8223
7724
4801
6890
3260
7735
7473
6893
13632
2843
3064
8233
7921
12338
5971
9015
8756
13638
2766
9055
8309
5707
6387
4271
3976
8429
13318
10330
8963
7045
4291
7907
10545
4608
12614
7258
8737
8190
11577
6494
11660
7248
10537
11550
12819
11950
8868
8311
9403
11324
7347
6926
12263
4618
8720
8854
2549
6560
9138
8863
7689
7261
10246
8002
12957
7274
10321
4625
5678
8425
3084
5704
8703
6601
3855
8333
8897
8419
7728
9101
8941
4632
9098
8022
12673
13982
6191
3017
13307
6858
11772
8405
11961
4638
11864
7989
9315
4640
2002
8977
8034
4642
6696
8999
5656
4644
12952
4645
6844
13630
1858
8631
13700
4648
12604
6974
1032
6337
13961
4651
3169
4652
13761
4653
13640
8169
6067
9107
6003
6428
13721
1981
9239
6211
1340
6989
11828
7899
7201
5228
13261
7960
10865
6995
1563
4664
10398
7731
5893
5900
6120
8927
10801
8670
6225
7471
2504
11402
663
8759
6854
3815
6344
5557
13429
9232
9231
9230
9229
9228
1870
5115
8610
6323
13849
9119
11761
13570
11108
5765
2434
7358
5779
7828
9287
9019
6787
4706
10446
7813
2807
3354
45
8887
7158
8052
12583
5257
5970
13924
7507
8150
8665
7040
12405
6885
7619
4855
9089
8295
5636
4697
5763
4698
11929
8459
9233
5588
3054
9162
9178
9177
9957
7839
11499
9522
13253
7239
1010
8853
4393
4707
11576
4108
9729
7064
9720
8075
11126
8273
7104
8547
4930
8011
5572
2314
1543
7298
6394
4716
8936
7951
8537
12170
3788
10002
13498
9142
4472
10208
7108
8823
13628
4723
8343
9099
13956
4725
11625
9279
5690
9423
12318
12748
7515
5598
3231
8708
6721
6759
13966
4732
7978
13642
1938
9115
9114
4735
11896
7894
10666
12526
9125
6285
9625
9084
8981
6969
8380
9267
8129
8888
9062
4743
7075
4744
7502
8831
4314
5224
9091
9090
3663
8675
1573
7124
10993
8771
10992
10244
10621
9127
5427
4888
12469
7609
1021
2053
13235
6685
8699
9398
9070
9069
13514
9400
6346
11492
8619
10498
13743
8832
13777
8336
4397
9324
8846
4765
8451
8140
3813
6979
12147
9050
7452
9422
10770
8440
10220
2211
8216
9263
8472
8865
13401
8849
7831
9215
1592
6657
9505
6189
13738
8157
10849
517
4918
8195
12505
8867
7651
4782
12962
4783
7604
9938
3068
7178
3190
6578
13098
4718
8948
4788
6385
8119
6153
8225
3197
7417
7028
10528
4777
9196
8919
9404
11741
4795
3557
6535
6896
6807
11163
8123
2316
7679
11098
5362
9503
8251
5649
7400
10333
4803
6405
4804
8206
6524
6093
9602
10996
8667
4463
9159
7390
7214
12647
8971
8372
12762
6964
4112
9185
11026
11931
7176
8365
9393
3572
5579
8929
9569
10258
5734
8945
9479
7834
5564
6962
5519
11207
8352
4699
6542
7367
2595
8944
13626
7755
5205
6017
5808
13866
6273
13549
9316
1051
7817
5002
8932
11365
6443
12418
9259
13487
9189
3074
10318
8535
12912
9368
4837
8920
12242
13644
6049
12262
8857
11392
8612
5810
5161
11336
9491
12715
9059
9206
2979
12947
6549
9204
8483
3562
8852
11994
4849
2649
9260
8958
7160
9071
11416
7323
8089
11463
7630
12572
9391
7732
12364
9312
2957
8531
4858
2682
11718
8017
4860
3199
8839
6062
8569
1665
7295
12889
2311
12090
9431
6390
12424
9549
9548
9547
9546
1701
11232
10410
6774
7752
13034
2683
8859
3248
9183
12619
9734
5770
9095
10357
4876
8724
6155
8869
8650
8845
7807
6406
5714
8605
4881
9719
6167
7278
8879
8836
10068
5455
7729
1674
12868
7649
8271
2758
9507
9506
9554
3985
1481
9188
7337
3816
4892
1136
7041
8230
8817
10998
4895
8259
9262
5544
4897
11535
7208
3023
9574
13601
7252
7715
11808
7563
4902
8597
4903
11259
9476
9475
9474
13748
8411
6840
8179
793
6154
8791
8837
9176
8184
4728
8595
9179
8669
13213
9449
10959
4917
8576
8939
5920
9831
4131
9829
8285
13588
12228
9825
7650
9823
11142
9821
8942
9819
8766
13788
8978
9815
7667
9813
10242
13884
7445
8758
5393
4928
11574
9453
11651
9426
4517
9075
8750
2486
3288
5317
13669
9659
6125
8783
8117
8742
3949
13276
7054
7896
8155
9359
11811
9576
11805
9405
13682
12730
12916
9053
6573
9588
9818
56
1888
8244
10905
8495
10883
7069
2612
4949
6105
6423
9387
9386
9596
8508
1520
8712
13999
1713
9250
8672
8477
3997
8464
8705
5340
9413
8392
5243
11723
9369
283
8269
5954
6845
11933
6833
226
7943
10756
6080
9330
4966
10986
9613
13971
4968
12062
9352
2475
13646
214
13378
13382
7147
7593
9143
5146
7561
10166
8707
6631
7820
2286
9337
6637
7049
11713
8714
2280
4980
3320
9023
7971
9361
11601
8840
12339
1929
8956
9322
5268
9693
13065
9691
3618
5632
11113
8019
12797
4990
5502
6254
7451
2816
9308
8171
12079
9064
926
9032
8182
8637
7995
9351
7555
5143
10565
7999
9295
7107
9063
7924
4832
4544
11913
5399
7102
5004
8506
6897
6478
5006
9282
7203
9380
12012
9514
8487
13873
8543
9008
10260
8489
9773
6809
9751
13225
9689
9806
9935
8057
9635
12536
7526
8600
8603
8025
7529
5966
9257
7718
9764
12631
6713
12805
2790
12984
9824
9406
7022
13937
9246
2010
7753
8454
5028
6800
8550
2477
8384
5044
1730
3501
4727
9234
9353
13839
10282
11081
7327
7498
8187
8059
8403
12816
8565
9223
6605
8822
7733
10517
8877
6050
7256
8252
9779
13043
9213
8554
6727
2765
2229
9654
8237
947
12072
13993
8584
4771
9202
9968
9967
9966
9965
11573
9963
918
8424
3607
7425
11331
11814
4045
8741
8532
11802
13269
9869
8264
6506
9740
9182
9674
8797
8527
6558
13419
5209
13412
3096
8327
9173
7949
9995
8648
8361
2439
11626
12261
9855
13357
8991
9163
10088
13348
8821
13003
8409
426
9523
12486
5076
13097
8067
9915
11468
13374
9912
10373
13386
6748
12412
9145
6550
8096
10115
5219
3946
6817
10111
12638
5086
9136
10107
580
8795
10022
9459
6982
7070
9583
5324
10087
5092
3020
9683
5841
9564
11453
11506
6673
9879
9878
9877
12383
7645
9516
9839
3392
5100
9486
6044
11001
12990
925
9615
10299
6539
4559
8435
9102
7311
9987
6662
12858
13622
9289
8446
7035
12490
11602
9850
9849
10798
10346
5113
11839
9326
9086
7662
6821
9631
10056
9977
8432
9443
13181
9078
10141
6827
2021
7682
13313
5122
6397
11310
8125
10199
10049
5125
8366
8418
9005
7691
13648
9889
12774
5129
8591
10177
3420
3386
10945
11876
1371
10029
9925
10144
1585
6644
9803
9802
9374
8400
5512
13532
9670
9184
5781
5140
10878
7712
2056
3573
9440
815
12784
6859
9033
5145
12656
9783
6725
9944
10315
8382
9026
7869
7332
6900
7535
9687
13283
1176
9921
8534
5351
5154
6683
5155
9765
10205
9012
10500
6877
9589
8943
8255
2176
10113
9242
9685
12127
10382
9428
6013
9389
7404
4317
12920
741
8985
9645
7751
10043
7970
2833
10163
8153
10161
716
10159
6206
9606
6008
9939
9731
9774
6465
9339
9482
5176
8283
8629
6482
7586
6824
9841
8972
6691
3811
5619
12430
9715
11182
8639
12717
9698
8323
9321
13053
5644
7573
10239
13245
5188
11869
10033
9701
12198
11002
9943
8684
9350
5082
5822
13527
6534
8307
7793
9747
6557
8154
12118
1380
7835
8634
7799
9959
5200
10301
5201
5752
10233
2888
12978
11299
10124
10051
8928
10217
7736
8659
9455
6973
8412
8922
8559
13753
10083
7444
9661
3474
6156
12900
9953
7242
5214
9881
9859
1350
11894
6855
5849
13928
9648
13464
9743
11220
7263
3480
10070
2304
9154
9060
8180
13814
5041
9636
6096
8893
5226
12942
5227
12516
10268
12241
7844
10416
5230
2941
10079
9399
2806
12741
8362
11479
9539
5756
10405
13811
6412
7122
10031
11737
9736
10394
8383
5901
6987
10480
10479
10478
10477
10476
10475
10474
10473
10472
10471
10470
10469
10468
10467
13537
10465
10464
10463
10462
10145
11817
5251
9749
10402
7333
7880
11799
5449
9581
10958
5392
6750
9851
8997
8660
7990
470
9264
8270
9571
3253
8833
13467
5916
5237
10175
2341
9809
11485
7779
9561
9130
9309
11246
9508
7704
13817
10519
2011
9537
6564
9551
11176
5212
7161
9227
10317
10509
13693
7913
3283
9542
2110
10918
6416
1360
7637
10499
7159
11728
9556
4950
9532
9377
7624
5283
13709
10267
7275
8627
8164
5286
10151
4133
11257
9545
13620
9639
13728
6314
10381
10380
10379
10378
3528
5293
4929
13370
9439
9929
11963
3101
13390
8773
12043
7569
7114
10069
2886
10322
5964
9497
7574
3087
7798
11548
12669
7426
13808
8134
13903
9488
9811
12040
13907
9105
9372
9895
8682
3801
10982
13650
8749
10339
13458
10337
10336
9566
4999
4443
8770
5316
9314
8740
7182
11708
5978
10359
7406
5728
3968
7982
2128
8108
8540
10625
3640
10024
2140
5325
8726
6672
11677
12446
11571
9051
12624
10306
10305
10001
2984
9671
10364
1816
8574
10286
3459
9893
9707
9682
5746
13490
5216
5731
13946
9553
8144
2592
5825
1106
11060
3478
9425
6986
8959
10279
10278
6769
8695
12086
2098
9417
7129
10313
7276
8918
3643
9843
8421
11160
3097
9871
8563
8426
10620
8030
13599
2357
4101
3032
10255
10254
6634
10527
13561
8325
13976
9379
1570
7253
1797
9799
10504
5110
11937
12046
1434
7510
13470
8043
13987
9650
10234
10491
9467
8917
2584
10023
10188
1956
13820
9519
10639
13766
4191
8060
13096
12216
5601
10103
7453
5376
8027
13716
10213
10105
12478
8069
6540
4670
6297
11852
5908
9920
9249
9759
8632
8789
5254
5385
9348
8628
10196
10195
13852
8907
8624
9349
13671
8201
8005
8761
13426
7866
10116
10502
13017
6473
13405
8519
10179
10178
4398
5397
6251
6583
13329
10574
4628
2121
9971
5401
3662
9004
930
3719
13899
10647
10162
10645
982
10643
10247
5407
5826
5408
13509
8935
13911
9771
4040
5411
8974
5676
10147
8585
4852
13522
5872
9432
11857
5416
13182
9029
7434
11776
11909
10419
11041
10133
10132
8132
12227
9158
3266
10395
10277
9525
6306
8566
853
13334
8683
10619
10809
10118
12789
10209
13785
8493
13805
7615
4345
3665
5344
9385
13214
10294
8551
10757
9793
7938
10754
8889
10578
9989
12996
9256
10601
5440
1337
6597
13501
10092
4010
8165
7811
10493
2400
7125
9245
9949
11173
2230
9570
10561
12594
10790
13455
10579
7389
10431
7269
6329
73
8522
6516
5454
3636
3700
12441
9770
8731
8186
8515
7906
9955
10594
7013
10276
4711
8192
10734
9905
2705
10287
7898
8743
4253
9212
3565
9435
10529
7653
6596
10044
6289
9845
11075
5470
7362
13436
9624
10149
8103
9383
5958
10584
9587
9595
9735
10507
8763
9461
9191
5478
13774
8782
4582
10793
11641
4044
9434
5457
6280
10510
858
7678
3656
7467
10012
9557
8470
9946
6740
5488
558
8234
138
3614
9480
9808
13296
7495
8078
4246
13139
10128
10700
13618
11883
13138
10369
9991
9862
13140
13554
10899
13880
11028
8071
7063
5112
11068
6458
5503
13254
9908
9918
13702
13137
11652
12732
8261
9972
5508
13064
5509
13141
5130
6823
3389
7250
1775
4333
10691
8163
5514
8427
10415
8023
13262
9126
6441
10265
10427
10297
10343
8114
6955
13652
10792
7294
13542
2436
11820
4208
10624
4646
10340
12757
5526
10548
13302
13473
13142
5570
10743
13823
5530
3958
8375
7914
11202
11473
9926
9982
10664
6822
10847
8395
9652
10631
7814
11010
5538
13568
10525
7279
8951
12885
13324
13586
10901
10900
10999
852
9980
3410
6140
13135
10249
8875
9901
9863
6753
12354
5549
5876
5550
6767
12498
10669
10703
4527
13842
13143
5554
9388
9667
6495
9757
10943
9527
372
8813
10902
8339
11435
11448
5048
9887
12750
8355
8744
10595
4060
10334
9043
10856
10855
13684
10853
10787
9582
8346
8033
9040
9861
12896
7157
8357
6378
8340
9903
8558
70
9853
11042
10454
6395
13134
10572
9027
6956
9846
6370
10695
9410
5580
7441
9344
6698
6366
9838
10821
10820
10819
40
10541
4883
13144
9833
8557
7247
9521
10366
4316
7720
9006
3340
11954
3121
10709
9152
6936
10646
5594
5915
8998
8305
10807
2296
12836
12163
11043
11237
11087
9252
2989
8062
6741
13895
5602
2703
10273
8151
10569
7186
5605
12871
10751
6728
10911
12861
3448
6903
11047
7716
5610
9830
10767
13915
10765
9046
8621
13802
10106
9782
5615
7304
8767
9629
10705
13366
13226
9775
7886
3746
3444
1626
13394
4672
5622
7901
10744
13339
10134
6864
8950
13145
9762
7354
12240
8946
4941
9200
4659
2351
9755
4826
10495
9011
6630
1278
8450
10724
10723
8878
1953
7657
9458
6764
1965
9148
2550
11569
10799
11135
7387
12972
10485
4513
11057
5098
3555
11235
10704
9730
8468
2945
7802
13452
5850
8215
10187
7130
2364
11783
7462
2191
9890
11209
8222
7895
10687
10686
5654
9617
12456
6452
195
4525
7702
8214
13132
10583
8616
2780
7547
11121
10506
11547
10670
744
11036
2601
10383
3776
11862
9713
9444
1720
6975
2547
5761
2667
11159
11697
2892
10654
5671
7597
13146
9311
8510
13758
9079
4258
11031
7603
9676
10434
10135
13095
9872
11247
5679
12322
10555
9335
10907
9494
8564
10524
10975
12667
11972
10000
8528
4535
11131
11049
10348
10275
3281
12169
9103
9653
9484
8847
7738
9544
7581
725
5693
10611
11134
2871
11213
911
12842
9469
10581
11048
8035
462
8549
10523
5700
10256
10597
2215
13290
10735
5703
7605
10919
7060
11147
5298
11145
9509
9205
10828
10949
3399
9135
13131
7837
8816
10042
4896
10207
11606
10067
2388
10413
11154
10760
3134
12474
10784
4051
5034
10534
10167
12052
6783
7627
13042
12654
13183
10796
4565
10827
8358
8899
9594
10863
13147
3396
10269
5727
13616
10641
8679
11339
3806
9998
11892
8321
9171
5732
2796
5733
9914
10536
2938
9320
7776
2446
12101
11304
4441
5738
11127
7993
8093
11079
2337
11461
11194
508
10181
8479
8091
10769
2445
11423
13826
10514
11450
8760
1450
5748
3670
6245
3163
10862
13476
11670
12105
9133
5095
5377
6195
9207
11384
12802
12141
13654
11185
10763
10889
10412
5828
10367
11438
10877
9017
11188
6393
12830
7067
10483
4947
6165
4848
11228
3034
9558
11225
10711
7300
13130
10489
9520
7693
9750
11451
9619
6157
5772
12122
7181
5303
11444
6920
10715
5939
10027
9174
8666
9778
8713
12341
12436
11691
11520
2369
9911
6966
9951
7800
11628
8256
3694
2636
1829
13723
13148
5932
10989
12937
865
8548
7997
10435
9073
10961
11754
9483
13052
6340
7299
12578
7912
10426
10947
6182
5425
10048
11149
6033
6081
7036
9975
13517
8083
12157
10466
11319
6616
3808
11255
2678
10749
11270
10955
8926
8671
10604
8711
13201
8668
13308
10400
5687
12552
9452
10663
10874
8082
3962
10981
10603
6112
10055
5815
7420
11045
9307
12612
12607
7336
11329
11409
755
5899
11733
10933
2328
10923
2182
10375
9536
6905
9358
5447
9541
11522
11521
11561
11519
11518
11517
11516
11515
12558
598
11123
9418
11358
5677
2037
13597
9269
6777
6090
7781
5836
10351
2490
12075
10893
10304
9343
7958
10826
6425
12384
7115
5842
10932
9739
5860
13932
12845
2555
2520
7795
6078
11406
8567
9278
8608
9837
10328
3098
10997
10240
4824
13862
3174
6954
13799
7117
9381
11155
11023
6467
11462
11483
11460
11459
13869
5859
9373
6064
9993
7165
2344
10659
9120
2926
5448
10349
9365
10450
10655
7984
1865
10871
10768
5295
12017
7918
9357
9000
7916
8807
13673
10912
9673
5873
11823
4812
8042
5875
8992
10447
13941
11422
11421
11420
11793
12182
6221
8509
12392
5881
9411
10445
10730
8825
7287
11351
11323
5753
3775
10264
9932
6216
5418
9814
7328
10229
10898
10257
6123
7638
10909
3933
10985
11391
11390
11474
1933
9111
13277
7482
6402
7863
5527
5898
13493
7005
13891
7867
9555
6355
10237
9448
1330
10331
13449
5904
13981
3696
9300
13128
7684
11364
11363
11362
1393
12956
10295
5910
9007
4822
11774
7607
10218
5913
13919
9463
5445
10845
3521
11445
10046
8607
4937
9864
3452
1657
11340
11717
10698
5921
9041
5922
11648
4449
11559
12146
5998
6087
6830
5926
11584
11114
10186
13150
7905
11449
7770
10543
9192
13246
11317
12636
12226
5933
3395
7809
12425
11551
9253
9894
8124
5937
12323
7826
11486
7919
7824
10053
10950
3826
11298
11297
3505
6726
12827
9511
11373
10697
9584
8835
10674
5947
6994
10157
8414
10779
7933
5950
673
11280
11279
5952
4865
5600
12721
3350
9760
10679
11705
11640
1862
11702
12502
12928
9812
9535
11361
9934
11262
11261
13547
4024
2074
11103
8442
8193
9208
11575
12951
4076
11824
7421
11071
6238
13270
11769
11245
11285
5867
9198
10117
8430
5660
5973
12629
8289
8553
10931
5877
9868
9319
9603
11230
11229
7773
9450
9302
3329
10253
7061
6084
13416
7977
8975
7021
11456
10095
5985
13127
13614
2394
7983
10090
11341
13094
9776
4982
7987
9168
13344
11661
5992
9165
13782
11200
11549
8203
6298
9714
5996
3172
10074
9485
7149
8618
11989
5923
10599
6931
11186
11984
8003
582
7520
4070
11979
5533
8735
5008
6006
12617
678
3926
12602
11172
6009
13151
4589
8376
10019
10174
6012
11594
9020
11505
10649
6730
8486
11841
8751
10365
11475
13656
6860
13829
11394
7961
10034
2113
5430
11417
11411
11146
10039
1432
11326
10028
11920
8293
10937
7264
8592
10739
11791
11903
11789
2640
9108
10018
11327
4825
5222
12961
13002
13479
9655
4083
11663
11122
6437
11614
5432
13063
8051
7146
9106
5489
8385
4205
11871
13695
9999
6898
7690
12892
8462
11977
9994
8061
6891
10324
11807
11100
11834
13433
13960
8322
11389
8152
11035
7262
11268
990
10325
13398
11941
12413
11403
2901
10501
11599
10783
10385
11370
10303
12848
11078
10582
7697
6709
12355
10104
302
6525
10884
11721
10408
11312
11067
12546
11325
10577
10094
3650
3325
9104
12257
3276
9952
11798
4857
13126
8360
10203
12175
9042
10120
11376
9716
11638
11219
11471
5847
7879
13024
4836
2622
11924
973
4462
11921
11037
4673
8111
12810
4099
8588
11097
8694
6086
9364
5132
11027
2421
5774
10439
11725
11671
9407
11669
9016
10085
11018
7483
12665
1697
8181
11683
7945
10451
11381
6097
11009
13152
6801
8606
13965
6100
2757
12734
5824
6102
11491
11999
10671
9767
8247
11953
11132
11531
11167
10310
10409
10990
4199
10347
11494
6110
13237
9167
12461
11629
6772
11627
9882
6828
10448
11175
7056
10194
4893
12051
12983
9283
9874
12131
10156
8253
13998
10123
7401
10832
10964
7815
13409
7349
3308
10859
8966
13740
4084
10956
10618
9442
2605
10050
13845
7448
8297
11927
11595
11591
8177
8955
12589
11819
7011
12063
10550
9081
10939
11735
4911
11400
8947
11665
8200
10073
11763
11951
11699
6142
8196
11743
4275
11174
11345
8367
11645
10532
9835
9221
8197
11296
12067
11848
8931
10915
13796
9996
10699
11990
2470
11355
13955
9847
11816
12143
2412
8178
11493
7818
12098
10327
13284
12207
3458
11412
10688
9203
7394
6325
8804
10892
1627
11969
9712
11529
13125
7706
7536
2326
12128
9153
6131
6645
13423
11750
565
9790
11654
6172
5757
13876
12864
11133
13745
11193
10152
10869
11605
11224
12470
7522
2057
10814
6574
11501
10112
10515
8886
10080
9679
12214
12213
12212
12211
12210
12209
12208
12319
12206
94
10848
2830
8874
7508
5361
11650
13584
11039
10841
9756
6193
13153
12035
7066
8954
11276
10834
10396
6197
3110
7599
11696
12259
9745
11447
10675
7087
10589
12946
10766
11890
2226
11168
5885
5730
10119
7361
11504
11542
8277
10813
8028
12097
1120
8844
4130
10870
11524
12197
12156
12155
12154
12153
12152
11607
10800
7476
13686
11779
11151
11069
9190
9640
11582
11427
13446
12290
2866
6150
9656
12058
13504
11619
6026
11604
11780
7464
6094
10780
9695
10211
11192
9789
13227
8174
10774
10126
6941
11405
12117
12116
12115
12114
6242
7794
4957
12440
5716
6237
13735
10761
3073
11855
8914
6626
10392
6241
10755
10370
8397
11385
10010
7493
10164
13202
1864
8793
12004
11643
3027
3981
12034
12085
12084
12083
12082
11715
13771
13992
8337
6253
10721
13016
7430
7819
8630
10781
10011
11621
13711
6258
12694
11580
9074
8347
10733
12321
12643
6262
5355
12692
12057
12056
12055
12443
11022
13124
11430
12439
10745
7414
4501
12435
10707
6270
13612
11703
6754
10637
6932
10701
9630
7352
8964
10551
11141
12033
12032
12031
3107
12245
11514
10204
8373
5168
5658
11659
12121
12359
5589
10684
4367
12696
11790
9477
11690
6286
10678
11003
12011
12010
12009
10059
835
8387
9604
9437
4194
6292
12340
10667
7123
8208
4114
9363
12078
13154
12365
10762
13887
11991
12305
12374
10656
3638
11030
11781
1475
12414
3319
7757
9275
11639
1020
13970
5817
10811
13093
11611
3902
4004
11971
11970
13255
3907
6838
8415
9235
6312
10634
12495
12044
12215
11144
9470
13923
4122
9974
12310
8635
12370
11952
6319
8014
11738
6938
10520
9272
10016
6825
3206
1142
3463
8433
10613
4152
10880
10560
11936
11935
10608
9057
11815
8677
6330
3599
11567
10131
8498
4077
5616
13559
6328
2936
12599
12235
13314
11998
4241
9141
10564
11860
8664
13595
9529
8662
12389
5073
9526
9218
7929
11905
11904
7769
12349
12447
11539
9986
11085
8240
9517
13832
10875
12622
13512
284
11487
12407
11889
13185
12404
6085
11469
4236
11349
1939
12609
2488
2868
10430
11179
3278
13032
11875
9225
5106
10553
8449
6362
11736
12135
10172
12329
5918
10952
4854
11165
12003
11861
357
5210
7297
12713
11918
10538
2043
11249
5712
7293
8497
6373
13123
12299
11847
6375
10934
5653
13482
8762
13263
3157
11366
11439
13675
10457
6415
11835
12419
11137
11253
13750
3242
11004
11681
9578
5624
10916
8957
10967
12628
11822
13704
12353
7273
12698
7431
12874
7830
11342
12113
11959
10352
6546
11810
11478
10496
6396
12109
10093
6745
6653
3793
9599
8533
6400
10072
12311
10974
11000
9436
6403
5778
12565
13041
12171
13155
5391
10484
11787
11786
9801
8545
2994
3939
12567
2387
12809
12520
12563
7492
13950
11775
6414
11117
1599
2334
9788
12683
6417
8396
12795
12394
11939
11764
10456
9642
9632
12714
10988
5350
13566
7200
12709
12488
12781
11753
7521
9725
11248
7266
10443
6680
9644
8573
2793
11508
12287
9786
3236
9392
6433
11354
12428
1669
8159
12557
12716
11083
11732
5520
9384
10559
11269
12286
8445
7241
12103
13718
10904
11722
9665
9376
11600
6071
11208
11934
9792
11429
6447
12995
11712
2124
12491
10576
12489
8601
6451
10590
10037
7202
12543
11915
6454
9360
4834
7348
8507
4304
7197
5820
4983
11693
12001
12482
12219
2089
9692
12049
10388
8617
6463
9657
12191
10384
10125
7442
10926
12921
12347
10653
6277
8007
11674
10376
10571
11093
5422
10355
10372
9741
12908
8484
12279
10368
676
7466
10032
10363
12437
10224
12539
6688
11656
10360
4433
12217
12312
10371
10356
11919
11346
10086
11647
12788
12704
6300
6384
12701
11375
1628
13122
5203
12429
10344
6490
1327
10973
10387
12230
12653
12579
13530
8205
10628
12351
11856
12281
13216
10727
9009
10585
12515
11995
2847
12393
11171
12391
10148
6705
4285
11613
5464
7786
13793
9758
11283
10121
12729
11388
9065
12451
10248
13730
4567
6510
12104
6511
9842
12190
11596
10913
8685
7134
10872
11945
12399
12406
9134
11588
4264
8691
10298
12783
8072
12189
638
13496
12519
13156
8697
6523
9261
7829
7998
8541
12136
11572
7721
10879
5811
10283
13349
6529
10942
11565
8410
8112
12065
9024
5260
12825
11201
10389
11557
10272
9244
7110
10459
10873
13535
12258
12586
12671
7397
6692
12200
2739
9424
10261
12718
12415
4396
11899
11076
11303
85
4228
7760
11907
11534
11765
9199
12059
8733
9709
2464
12998
11527
6552
9220
6553
10243
6554
3745
12289
11655
8013
7868
12022
10089
10236
8745
6559
11513
12752
12851
9822
11570
6836
9045
5684
7875
7832
10136
4013
10169
13552
10984
4232
9694
11498
7187
8615
9710
4175
13936
12719
5798
12375
9515
946
9964
12764
8581
12530
3956
8930
11072
13051
1483
11996
4833
12971
12791
7345
10201
13610
10531
8398
13014
10797
12427
8444
8341
12233
8781
12232
7904
12651
11464
11380
13358
7821
11885
11153
8864
11199
12239
295
13092
13091
13090
13402
13088
13087
13086
13085
13084
13083
13443
13081
13080
13079
13078
13077
13076
9902
5281
10081
13112
8254
12476
7925
6184
12477
13986
8331
11431
12743
10924
8811
7032
11897
9164
11425
6439
8815
8202
12183
10791
10994
13779
12344
13525
6615
12770
12724
6215
12132
12523
8988
13660
10591
2882
11034
9366
11695
8663
12320
11318
6623
5365
12161
12277
8290
5938
9446
12924
10216
4418
12039
2862
12869
6886
7623
7355
9473
13015
13166
13013
13012
13379
13010
13009
11382
11062
12139
12574
8275
10658
4814
12151
6639
9936
6640
5906
12176
501
12466
6996
12275
3612
11074
2443
10102
12659
10533
7976
10693
8636
8785
4432
12949
6207
9563
11796
8314
12386
10685
11352
8688
5066
13159
12970
12969
12968
12967
12966
10677
10421
6383
7734
13149
12452
6660
5476
9992
13383
11104
11335
12307
8885
12769
5332
12503
13975
12979
10610
10661
9061
12986
6635
11059
5328
6670
9140
2928
8987
12936
12935
12934
12933
4870
12674
6675
5843
9401
8012
12613
3592
6761
13297
11307
9702
13099
12366
6681
12149
12545
11301
11139
4124
13019
9923
9513
12297
13430
9913
12907
12906
12905
12904
13011
3135
12041
9723
10903
1776
12803
5170
7849
8925
12050
10184
12527
9306
11987
10076
6697
1184
12473
11089
8709
3590
12023
13089
12880
12879
12878
8158
9013
11982
4481
11264
13005
2000
12919
8048
11623
10198
6708
12361
3679
430
12278
8209
10214
8949
6519
12037
12857
12856
12855
10040
12993
11038
11525
1623
11243
10193
6718
5669
13199
9990
11238
5248
13082
12484
11204
1622
11233
9984
12549
12835
12834
12833
12368
10778
9909
1025
11973
10338
11223
9614
8876
7480
13259
5477
11218
12930
11395
1575
12124
9848
12815
13835
12813
13189
11957
4309
12891
6599
13184
12531
11234
7652
11203
11624
6742
4058
11239
1926
11198
11684
12796
12837
12794
13540
12991
12779
13293
9947
12899
3270
11523
9001
10127
13755
9003
9047
7512
13337
8026
12778
12777
12776
13280
12460
10539
5483
10417
13111
2065
4506
8937
6497
10142
11169
1726
7848
13848
12761
12760
11630
6765
6188
10505
3778
11609
595
11603
9025
2476
9950
11711
13136
13219
10835
12745
12744
13215
4781
6686
4516
13243
12839
6776
7714
11503
5943
6778
13103
12881
4682
6985
13265
12728
8734
13451
11095
10143
10556
12369
8183
6785
11073
6786
13274
11111
1169
13025
12844
12739
12071
7533
8788
12271
12824
6842
11118
13372
9827
11777
6002
12479
13883
12700
12699
12977
4474
13129
10808
3980
2029
6533
11105
13066
12224
6977
10977
13369
12686
12685
6581
6805
12316
11096
11214
10951
13865
12379
10307
13444
5182
11397
7973
12672
13439
9083
6074
6813
11917
13039
11050
10223
6863
11865
9704
10170
13927
13292
12658
6819
13289
8053
12158
10232
6571
11070
8894
8529
6230
12284
5311
12646
12645
6826
7675
10241
13945
8848
11273
8589
4412
13385
8332
13551
12634
12633
11053
13361
1484
10935
13697
9341
4476
7046
12274
12053
9408
13593
12621
13591
8516
13589
11040
13587
10854
13585
6641
13583
13121
13581
12610
13579
11032
13577
11510
13575
5705
9113
9784
12877
7646
13480
5505
12598
6880
12459
9137
10280
2661
12020
1962
6420
9794
6856
12026
12587
13200
9273
12911
13404
4635
10361
964
12555
9149
6862
9804
12576
12575
12944
12554
830
1040
13624
5493
8805
6479
11729
10995
12823
12564
6870
4580
10991
9769
9728
6477
6873
10987
13617
12501
13607
8898
10983
9169
10971
8087
6878
7565
10319
12385
11598
12544
12690
7981
6882
6690
12107
9752
13667
10840
4967
4923
12534
12533
12095
3593
6804
4592
11419
8769
9187
10025
10627
12524
13236
4731
12255
9817
6894
8480
12929
12731
7655
12244
12514
12513
10948
2637
13319
6799
13533
13133
6901
11197
9638
12504
13465
10250
13463
11837
13461
2923
6906
11051
10075
12627
12494
4490
12955
12465
10929
645
7892
5398
6912
13353
12485
7282
10038
3646
13623
8453
6305
7044
12814
13634
13208
6092
8792
10914
10547
9066
6921
13350
7077
9697
12467
11911
4266
3467
6925
4973
9875
13629
12989
9690
12458
2126
13733
4376
8902
10867
12679
7144
11054
13180
12449
12327
11458
12726
12749
19
10888
13469
13399
11863
13397
2354
13499
8801
9481
10881
11622
10614
6942
12432
13763
4678
12500
8142
275
2662
6946
2778
7991
12423
6948
9265
12509
7231
6950
9658
11215
13389
13191
4573
12260
6643
10221
4636
9854
9651
12608
13309
13033
2441
6958
2800
10946
3759
7891
9281
10629
12398
11393
1460
5664
11831
13347
3490
13879
2788
12390
10084
13875
10487
10838
9633
13871
9293
8249
12382
13867
7878
1358
10831
13863
4087
9299
12561
13859
6695
6976
9622
13855
9034
7975
9305
12367
13362
10516
3258
8443
13664
7790
6545
13661
13739
8381
13658
9917
4846
13305
12804
4109
7196
13495
2767
11183
2541
7873
11138
13967
8390
13229
9146
8661
9325
8638
13167
9327
10425
4786
12336
6997
2864
6998
4838
13951
