8000
0
7085
6556
7105
884
15
3610
1313
1570
6604
776
337
5
6007
2100
7
5678
6483
60
929
6
7423
2786
10
7794
6797
13
4665
5090
6393
29
1721
192
3147
6024
32
20
5303
3168
9
28
6402
6322
5336
1534
4981
3832
7488
1062
6779
6540
50
3380
5743
7564
5285
270
1827
5532
349
16
6011
46
6525
7120
3811
19
5621
62
6703
3698
30
1228
83
1384
1641
48
7465
1102
7542
5620
6793
680
38
6844
7967
24
79
3382
4497
64
5268
5968
1047
104
2137
96
6893
2728
49
11
6868
7558
101
89
4387
3410
76
202
2999
36
133
1622
6016
91
7630
1746
607
97
6165
98
6347
7020
4357
7094
4741
61
115
1338
4969
5622
102
118
143
128
103
398
113
6990
7989
150
6798
5878
5517
121
6683
68
137
12
6619
86
2861
84
4798
7994
1401
22
1847
57
124
7418
80
8
7277
134
4903
6946
1977
1528
5619
2676
157
1316
4390
2944
109
408
77
4220
140
39
7151
173
138
4
154
1552
105
4098
4279
6280
178
148
7565
92
3033
5638
5782
232
6073
188
6963
326
155
264
7511
160
5286
186
149
47
1901
70
5151
164
197
177
130
145
3301
207
2935
1278
2177
3798
6792
106
2533
7126
239
167
3913
4328
181
1924
125
1270
208
1118
789
224
4283
161
697
2954
7833
227
215
7608
199
7280
585
508
7481
2334
231
243
7557
110
6209
346
3375
5418
230
2688
6157
152
681
244
7029
2
5537
233
203
169
4096
44
7871
886
172
179
254
2052
7412
324
267
245
4456
93
659
678
5380
182
7698
2004
279
4600
5130
123
4306
7702
132
201
151
6362
251
66
7922
205
7779
2066
6321
278
94
1254
171
187
158
3238
159
226
6331
7676
1585
1114
335
55
541
211
619
616
6977
5760
166
7724
162
1618
168
225
3009
782
304
191
3773
7534
259
6222
343
100
7604
332
7060
4650
4563
283
4322
6690
331
530
5124
3688
193
3106
235
249
341
147
5930
327
579
7322
6576
432
322
7566
2401
210
747
78
2009
430
371
7772
885
1524
7187
296
290
4406
359
252
222
672
196
7802
2337
365
7267
918
388
5798
369
376
1925
386
6463
393
311
58
2099
978
3505
6812
567
4870
351
263
6627
578
4054
2506
7640
1128
4836
7404
6883
2002
2261
339
185
189
465
85
216
396
7528
360
5767
129
418
206
787
452
4116
88
7931
353
3445
63
413
163
338
368
6447
7556
6133
31
385
1798
3609
5868
307
242
255
309
3387
2690
389
2208
6359
646
446
4430
507
277
6557
4660
1255
5702
7734
350
1643
440
422
7274
6828
6580
391
390
5113
81
1765
1012
3527
472
424
354
420
194
2669
580
3615
7442
1813
1668
7812
6160
229
262
2199
53
773
5058
4555
6854
3133
4578
379
4068
506
6258
434
139
435
419
7815
65
516
2218
6800
3580
517
204
2047
6504
7846
497
1947
3630
479
59
287
180
5097
4394
272
450
7581
521
559
2228
473
990
285
4084
5608
72
381
640
469
488
2011
7848
4570
7666
7183
377
344
4082
550
6226
535
1372
286
6470
5617
542
2603
1486
295
4568
7915
491
6473
519
5280
545
503
69
7239
209
7153
6630
603
6154
471
198
7567
5690
499
275
6930
708
565
269
2295
6220
5710
5362
7861
569
7333
95
5913
532
461
319
411
4492
6929
574
7117
6980
1153
484
572
1662
2637
7896
284
6060
6737
5272
6931
6454
4053
5736
405
624
5734
6320
302
636
447
6718
538
313
4416
317
6459
288
297
6332
4702
492
575
437
423
920
1449
583
5823
623
536
7844
591
1410
500
221
6790
513
3225
2268
6365
714
7330
397
6183
246
4889
320
340
236
7785
604
6566
4782
6928
3710
5977
375
345
629
7555
555
801
1770
851
531
524
1988
6637
3672
1973
1414
352
3980
6520
468
3599
682
1993
2390
7900
4930
6932
429
6901
449
7317
218
5603
240
364
5382
1215
620
4648
592
7347
626
3933
960
6293
6624
2605
571
1075
301
702
581
657
548
647
2868
7850
2986
7977
329
3319
2866
1121
665
5986
594
475
490
7711
570
739
595
4131
2800
7036
3754
2391
1868
737
1206
7051
663
457
711
1231
3346
5625
258
679
7968
675
502
6227
1192
445
824
392
2086
7790
558
1279
428
4081
312
6913
1084
563
4936
415
1758
777
480
6801
510
775
5596
6927
734
5425
117
5049
2992
7612
228
6352
543
662
90
5147
586
692
4226
4833
6880
4340
253
3643
3986
336
621
7463
257
727
645
416
589
3545
763
4687
605
7809
5988
715
561
4780
2114
2535
483
6933
845
2059
528
348
265
7343
793
7653
5238
292
6870
819
6832
3255
7568
674
2652
495
764
650
648
7045
3768
4976
5916
1587
384
731
7176
745
539
1309
52
587
3120
4817
4974
1567
247
1053
1170
5309
644
2725
5616
707
2320
5888
3172
931
4772
7818
537
7196
5790
981
723
6093
387
7541
966
744
7170
892
5572
456
869
5682
402
6300
14
6342
566
460
6778
615
184
7651
3426
5893
6066
464
832
887
970
5001
7694
844
51
625
5028
649
1928
5715
712
893
696
703
577
1233
1098
7842
5346
7141
43
4293
4000
7706
721
478
848
7254
2916
611
641
7012
3384
4911
706
6266
1030
6789
839
5026
7428
6926
7554
5905
347
814
136
853
5548
4543
2210
767
5374
951
2802
740
597
7059
1588
967
861
4905
6134
841
4362
6947
800
6889
1562
5748
412
897
6558
1303
4572
3421
112
5549
2488
6261
3652
935
2244
6641
761
4728
7826
6906
293
685
1011
6381
7304
4731
7248
670
974
7504
2216
7432
2646
3203
6414
759
2486
803
998
854
693
6048
1041
6333
599
7306
5586
871
366
7483
941
909
3762
4285
6228
6282
1482
7733
705
5397
5582
533
37
1035
7984
2691
6666
4768
41
1079
5202
870
5348
995
3814
655
756
5665
746
2389
804
6971
40
7362
7852
904
342
7456
1150
5689
772
895
1992
901
4002
799
3608
914
426
549
716
6405
1532
1055
1042
7595
3022
831
7040
7999
2382
6377
407
556
7600
938
6096
7763
372
653
1108
683
1470
6176
1064
6802
482
1033
217
677
2512
1127
4072
658
907
1015
378
980
256
1019
651
7327
5626
1071
6572
1115
330
403
765
1034
3920
2445
3616
441
989
1645
5546
1007
7930
7892
5296
544
6022
987
5344
7095
4246
3661
6356
7569
380
439
758
6015
939
1705
2128
6587
1492
7909
838
7162
3670
7302
1474
925
890
1131
1072
7155
1158
6925
122
795
7032
5990
1052
4680
762
6409
4038
600
4326
470
722
1037
748
7657
1906
1159
1478
4716
1050
7271
7356
362
2748
842
1006
979
1926
1174
4156
1087
1638
612
294
6448
4556
7879
520
1997
410
631
1224
2793
273
6198
2392
6988
7882
1149
3016
2273
514
622
7308
1091
1678
1259
4450
4425
4126
7498
289
627
2790
628
300
7240
1163
7003
1073
1167
1239
523
361
835
1253
7087
5942
2077
3990
732
1103
1264
6090
2743
195
394
1210
899
689
522
2886
6707
857
4522
850
5869
3838
1139
992
5943
1063
1223
4348
7553
865
1221
427
7633
2418
2465
1314
652
725
6813
1077
837
1238
1417
7622
7723
4746
5941
438
7351
6672
1275
99
6788
2338
661
900
4713
2932
6997
212
4270
3962
1183
315
6383
889
2173
969
4860
119
699
3252
4998
965
1247
806
5213
2718
673
6296
1241
1157
1169
3358
676
6752
1129
1310
6983
1044
1134
6188
5545
783
7921
6244
421
2888
1268
4918
1263
1014
1633
557
1250
4414
945
1295
3451
4518
1363
4240
690
1336
5982
6524
6652
1369
867
1972
7831
7840
1379
2152
937
6700
1203
1132
5677
1234
7582
2286
700
1292
5725
1123
2711
602
1387
5330
4369
6348
5961
1265
4813
7904
2625
1208
1151
4422
5502
4778
1105
1415
1757
3870
1391
496
1070
5940
5759
953
1327
943
1043
5038
717
957
988
1383
2229
785
4361
1156
791
7490
3471
720
1085
1126
724
2318
1425
6010
5475
6304
2161
525
1388
487
6924
409
6217
1308
1321
878
1285
5452
7518
2282
1344
551
1287
4336
5242
784
1311
1878
738
6318
6420
5060
1260
485
1315
1418
1437
219
1451
863
7619
1277
1382
1032
7507
6334
1297
1626
1603
175
5133
1459
7673
1335
818
601
4051
5740
7625
1018
7969
3596
750
444
1013
908
5256
5150
1487
7570
1500
1351
5730
7300
1189
274
1198
942
7806
4310
7684
5350
1148
1858
766
3274
1283
1274
1078
1828
3273
1133
4158
3628
7868
1244
4321
4646
1403
2908
6673
2022
5482
153
1112
1243
1359
1438
7647
7638
1520
891
1348
3372
1551
7514
1542
7876
4538
1164
7780
7106
1373
1312
6755
1538
1284
6368
442
325
7854
2032
1434
6398
3117
5524
5627
1057
825
271
6559
486
1193
504
999
1517
1319
1494
6135
4950
7885
1273
2515
1399
1143
7114
815
4736
1556
512
7424
1529
805
639
4087
1291
807
3682
959
2906
1307
5466
810
540
5121
2938
769
2896
7821
926
7659
753
7005
4786
1217
1619
1801
1429
1248
1196
5234
598
4738
632
821
5544
2087
997
3061
7286
1581
1269
1177
1304
1294
5688
6537
5250
1955
1421
829
1509
1386
7552
1455
858
7990
489
1571
314
7139
1113
6108
1065
6762
276
7732
3622
1211
3312
4194
1393
927
2592
1431
1539
5271
399
843
786
7339
2960
1671
1558
7687
1355
1589
18
6115
1563
1555
6202
2703
5402
1390
1594
881
568
1219
5818
7387
743
1535
1786
856
5342
5073
1188
7388
4948
7369
220
860
1237
7668
1349
6787
6490
1631
1714
864
4102
7681
3856
5005
5304
4868
4758
3195
2818
7764
1341
6995
1616
1227
5084
7386
1530
798
1473
5919
1733
1463
395
7461
5614
1523
4496
1090
704
5474
1637
1995
6042
1175
3234
882
4620
4626
3272
7389
5946
634
1181
582
6194
1505
1082
7540
1457
6616
1574
1352
111
1560
1679
4225
7436
1422
1104
6839
596
1672
1712
1397
5670
1775
3486
1759
3888
1199
771
6492
5166
1216
4964
7863
454
903
1406
1447
190
817
1553
6455
1797
1699
5012
3523
5992
7978
1213
910
1719
5956
1739
7385
1565
913
1424
5856
1840
3665
1667
4188
6674
2601
1669
6103
788
2889
7050
1519
1481
1745
3912
922
1652
6777
3720
1109
3390
3013
590
7527
5646
1681
3076
5875
5938
1839
827
1665
1700
3493
1074
7390
2388
5141
501
7995
6216
1676
1544
2243
1774
6937
1537
1718
6948
7209
1785
7795
1613
1412
5224
5891
2148
1787
303
1703
2668
4656
630
1155
3636
5092
812
733
1883
1747
45
950
414
5825
7914
5923
2870
1898
1452
7929
2632
1791
728
1859
1822
1870
1826
4960
1190
1439
6766
846
2206
1026
3246
5163
1144
1445
4828
6804
1717
1862
176
792
1484
5277
3000
1614
1661
6401
1293
7495
5222
5505
1815
5491
1454
973
1235
7384
562
1949
1889
976
1728
3237
127
1819
1093
6069
1812
6577
905
2057
334
1350
660
1475
505
6704
6892
1623
4370
986
1290
7241
1606
2211
7406
1649
1526
6842
1751
3585
4024
1402
5436
7838
135
1952
879
4932
2940
996
4564
880
2692
463
3408
6185
3340
1957
54
1502
3064
7391
1337
1795
3958
7324
170
1005
5032
7201
1549
1495
2272
7485
23
3289
2126
1541
2578
2000
1994
4893
4640
1689
1261
1854
299
1135
509
5307
1220
1141
1698
5791
7616
1959
3060
7298
1766
1469
1226
2023
1632
6593
710
1024
7522
4233
876
1923
6264
4141
1682
1609
1916
7949
1831
1749
281
1871
1946
6512
2458
2051
698
7950
1969
5521
260
1982
7628
1607
1172
5975
2586
7264
2031
1040
2958
5658
1604
1936
21
7948
956
1561
1750
1045
1908
5785
6598
2060
7132
4701
4408
1049
5980
4271
1416
5221
6494
5061
902
1983
1990
7249
527
2015
1697
6716
779
5341
1880
7951
1466
7645
1514
1366
6968
1769
4444
6435
200
1823
4912
1879
1582
2393
355
6207
1707
1212
7590
1068
2045
1069
1675
6433
752
6373
1929
6922
5162
1991
1257
6479
1433
906
3796
7947
2144
7022
3018
7186
1342
6049
3900
1343
1989
7701
6284
5535
4672
1354
1204
4939
5168
1809
1755
6675
5314
5937
1865
5022
5226
1961
1453
6786
7786
1663
1899
1092
1778
1803
7312
7392
1564
1579
1580
1893
2153
1646
3276
7007
610
6721
1874
6645
1095
7952
6436
2203
2202
6820
2020
6829
266
1117
1145
1781
7014
7661
2198
1356
443
1849
1648
7361
2204
7690
4064
2082
654
3413
742
7609
7856
1877
1525
6413
1575
2063
6432
4231
1744
6905
2157
5820
1743
936
4200
6231
2084
4861
1729
1979
1083
7873
4152
2008
7096
2067
1738
7946
7710
3549
6486
1130
1240
5805
6136
4203
6758
5512
223
1944
1472
2080
1420
5667
2222
1137
1110
3183
7970
5853
1805
1140
1242
2065
5514
2033
2976
2143
1540
6651
1779
2231
830
7583
1444
1147
1702
1531
3526
7678
1409
5838
6536
1967
3094
2178
7888
1396
1666
6519
2021
2090
781
4773
1939
1736
1497
7697
847
2207
2750
2235
1726
2236
5554
3327
433
7953
1657
7382
1850
1748
7722
7731
466
6158
1122
1168
6746
2027
1825
7510
7572
1171
3918
2196
2158
7121
291
1624
7268
6993
5220
1701
2884
2175
2366
2223
2313
7124
1408
4258
1507
1125
3834
1182
883
1599
3648
2290
116
2055
5716
4455
6114
2263
3436
4133
4698
5742
1881
2317
142
1887
7774
2362
2001
2188
1322
6431
796
1195
3752
1610
3934
1796
1597
4635
546
7945
5728
7985
1442
1802
855
2415
991
1428
1605
7057
4352
4710
2079
2385
1829
2184
5810
7393
6636
2319
436
2316
3260
5041
2324
4241
808
1820
6960
5764
1485
2355
1020
2187
4674
2278
358
4463
1625
2399
328
2352
2407
2349
5542
1222
2708
1835
1332
1029
1591
6825
6392
6271
1124
2242
2400
7920
688
1762
1863
4763
656
2111
2226
280
2397
5312
6850
2162
2117
2311
2048
6155
3996
6360
5392
2241
2076
5861
826
5146
1838
2267
1987
7791
875
2176
770
7954
1483
4468
1340
1246
894
3793
866
5086
2620
2239
3376
6078
1680
2291
2330
1252
357
2375
1884
6299
2503
6573
2050
5496
1596
6640
3642
618
7550
5184
2221
1842
7182
2439
2019
2147
3736
1146
1685
2479
7346
4230
2209
6863
4954
1267
7472
6061
635
7414
2078
1443
1872
7596
5886
1576
2537
1465
7368
3039
1516
2529
2115
1907
6020
1200
6316
7035
852
7474
5936
2012
2329
6921
2456
4171
6676
1711
2201
7803
1400
4720
2092
7278
2074
7137
6336
1288
1367
7944
1407
6911
4852
2431
1841
7381
5386
1940
2284
6064
107
2447
1708
5883
2369
2005
2225
1731
5758
2523
6430
1727
2191
1301
2532
1302
1737
1385
5318
7899
2113
5472
2105
4995
7454
2288
2427
7355
4170
2629
2379
5235
2561
2303
7164
1191
2404
2262
1197
1824
2549
2490
4190
4945
3298
7208
1378
3847
1913
2551
833
1320
1761
4278
2598
2312
2302
5465
2645
6859
4172
1767
1894
1142
4804
2525
2149
7705
1468
4424
1773
6387
6080
3457
1598
2448
888
2639
1038
1334
2353
4478
2213
2314
4254
1963
4138
7895
3546
1194
3386
2234
1861
4541
6054
7470
1119
2495
2494
7955
896
1345
382
7102
4144
2491
2667
2089
7928
5629
2584
2315
1286
1586
2626
6978
1094
2717
1346
7824
2460
1329
318
2621
2171
2673
7532
820
1331
2269
4806
5595
1554
919
5962
1362
2322
2696
3938
7089
2103
7908
1654
4675
5530
4788
2550
7242
4590
2602
7836
4315
898
1371
2609
1691
2174
6292
1958
2699
1054
1891
1931
4435
7476
2145
2155
7275
6660
6349
1479
7601
975
4662
1364
2327
6232
6161
4012
1938
4832
2463
3516
2739
2219
2457
952
4803
1980
7429
2169
6865
2759
4512
2781
2780
928
2471
2948
6439
849
6833
2564
5485
4704
1380
3982
7943
1289
4569
637
6882
687
1911
1460
6568
5706
2321
1165
6949
3142
4881
6692
1875
2474
2775
2510
7573
5122
5862
4732
7407
1674
1764
6776
2531
2683
6197
2726
4039
547
7342
2037
932
2792
2405
2612
2622
2671
2819
3040
2501
2900
2527
6618
7643
2830
5353
1960
7459
2665
2783
5676
1426
3868
3565
1101
2791
5160
7636
2344
1430
1833
4916
1374
1432
2256
2150
754
7781
2348
1435
2345
4173
6214
2247
958
4491
642
1919
2450
5117
1921
1647
4224
7380
2376
2205
1060
5379
2294
1927
2730
1446
1954
930
3662
2557
5170
1851
633
4591
2255
2851
2607
1951
75
4398
1489
6009
4198
2687
2165
3507
2200
2897
3738
1458
2306
2773
5612
7443
3606
5570
4764
6240
2304
7956
2594
7979
2419
2571
2016
4587
2347
1467
3
811
1299
4434
356
7350
7420
2635
588
2741
840
2287
1855
7159
6002
2623
474
5377
984
2104
5896
1882
2848
7613
373
5541
6148
2521
2569
7663
1848
2631
2107
2749
741
4493
2837
5266
2695
3405
933
1488
5640
2681
2438
2058
2825
5902
6874
4908
3248
2821
2134
6279
2276
2595
3282
2042
1864
7446
2618
1498
5492
1499
1546
2919
2372
2252
4802
7395
7468
6770
836
7549
2461
6468
4602
7631
2746
2887
1000
1577
718
1504
2982
2921
250
1917
3894
3017
2017
4636
2872
5439
6732
7730
7332
2377
1903
2975
2689
7858
2034
4498
5750
6201
2684
2817
2588
4567
7670
3023
1578
2927
6456
2615
2880
7942
2443
2511
2342
1945
5822
3349
751
1441
4338
1914
4754
3771
431
4508
2421
2489
2182
2473
25
6888
3014
1876
4526
7813
237
2859
1941
2437
87
6082
3424
7971
2924
2701
2540
6609
1617
2181
2840
2604
1753
3097
1608
2807
2101
2528
6440
3207
477
7766
2069
1704
5370
2435
730
5999
2643
3265
3101
2877
5218
6113
2402
1550
3366
7693
383
7478
3059
4077
4726
2073
3047
2230
333
2724
1413
3122
1686
6701
4944
1817
3902
1116
7200
4409
1046
3069
4676
2747
2974
6981
2097
3853
2167
2519
2702
2585
2425
2545
3119
2885
308
7903
2836
3001
4982
5260
1245
6206
2133
2130
955
3373
1258
5339
2466
6940
234
4855
4006
5876
3123
2459
4592
2543
2062
7031
5422
1138
3086
7107
1741
4145
2125
3035
3598
7056
3089
6632
3006
778
6428
2582
3044
6697
2909
2862
6182
7957
1281
2289
3137
6337
6728
4549
1557
3181
3556
1976
2644
4641
7816
2723
3107
2785
1086
4383
4848
4682
4534
1612
4586
2151
719
7991
4290
3733
2492
7675
4174
1897
2240
7440
7250
2159
2715
7425
3150
2432
5922
3511
2864
6650
701
6784
1846
4968
2292
6815
3192
1627
4112
3163
3862
6734
3258
4965
3118
2753
2611
7913
5880
4317
1511
2942
2820
3136
4576
1636
6044
3197
1793
2655
2185
7321
2599
1640
174
2462
7870
4111
2502
4237
1634
1009
2806
1867
7810
2195
1780
2883
2197
3127
2192
2969
5500
1650
2332
5808
2984
4548
1230
7517
1370
3799
4022
6190
1173
7526
3131
2722
2784
4975
2917
1659
2705
2566
1100
1783
3184
1602
3058
3885
669
1937
3247
2939
2423
2308
7574
5830
2998
1001
3303
1836
1935
5211
923
6050
1324
2803
638
7941
3129
7272
5020
3256
560
3095
1771
5636
2983
6711
5950
5850
1099
7891
3326
2788
2504
7591
1533
5486
2245
4113
5630
2809
790
4391
3299
1687
2762
2251
2102
3041
6588
5071
1790
3343
2030
6611
1981
1693
3342
2259
1664
7721
3314
749
6498
3383
5556
6895
2265
3111
6708
2915
1209
7360
2496
4647
1214
2661
1660
3334
1136
1440
2685
1670
5364
3701
3582
3179
2482
2279
2424
7367
3065
4125
5664
2912
617
4841
3338
7284
3211
1266
2674
6761
2576
4342
859
7207
3145
3359
5298
1720
5652
3275
1377
7775
2297
4197
2925
3104
1971
1725
2301
3185
5354
4693
4110
2258
1176
7449
7222
7503
2865
2597
2309
1732
794
3361
1933
7169
3292
6765
2608
3087
3099
2606
5842
3430
27
3409
868
2826
2364
2947
7228
3233
2628
4748
2325
2093
6412
6013
1048
7148
3284
5526
2039
2331
1262
7466
2333
3467
2485
3601
2367
1752
3084
1566
7500
6904
4206
963
7072
1756
6678
3138
1651
7958
3242
3487
774
6603
2709
5136
3504
7927
2108
1763
3402
2823
3116
7090
4358
2993
7074
2651
2799
5395
3002
2654
2132
6743
7548
2214
5904
7243
5196
2660
3417
6919
6910
3011
7146
3126
3164
3428
5540
6477
310
6089
2373
3311
2778
5601
3508
4132
3074
3121
1471
4593
1857
5726
3537
7513
4856
2845
1021
2796
6072
5029
35
6855
2442
3345
3392
1784
1461
3495
2996
7919
4956
3551
2590
2395
2156
3564
3062
4891
374
4809
2215
7115
2122
3347
4242
4501
2053
6965
1202
1804
5240
3439
2719
6193
2168
6726
5138
7378
3420
7294
3578
1772
7996
3178
4114
2596
1964
5217
1490
3595
417
7178
1280
4585
726
3332
691
7043
3152
3559
3563
2616
2361
7538
3524
3063
3093
3587
2936
7834
713
3485
74
4440
3532
2945
3518
2863
2853
7194
7480
7130
3952
3335
4934
1832
877
828
1724
7135
3780
3681
664
3339
3590
4708
1642
4432
3574
7940
6562
3263
7070
1710
977
5431
1419
4573
526
3664
1985
5236
3010
3250
2955
3167
2170
3267
1232
6754
6736
2232
2869
6941
3674
3357
6482
3398
7408
7819
1236
3363
1620
6397
1389
4265
3555
5787
2464
4018
1890
7787
3110
3315
2248
3401
3199
5585
3538
5302
3443
3109
67
7415
5970
7641
934
3422
2878
5672
2493
2394
2363
3647
2918
2138
3521
2583
7076
3370
3719
6848
4876
3075
6658
5412
3536
5987
1653
6144
1376
3571
1028
3845
6534
6687
3187
3139
736
7729
4800
2933
3478
1886
3019
2559
7986
1888
7796
3509
911
3114
3685
5470
3027
3659
1111
2193
2098
5605
6950
2843
306
5685
6714
3613
916
3020
7506
7709
3261
2351
1081
5985
3043
3286
3644
3756
1464
5644
2890
1905
2541
5647
1852
3716
2815
3395
3052
3394
7220
5253
5338
3583
3221
7881
534
3794
7326
3645
2553
2194
1730
3653
4774
3779
3725
3433
1184
7069
1298
2593
3764
2882
7338
7767
3285
4162
3627
4909
7316
3209
2340
6775
4218
2891
316
3214
3631
5849
7230
7807
3492
4153
3835
1166
2577
3589
5996
7959
2764
5413
2354
3646
6314
3229
1510
7623
2164
7665
3194
2587
3176
2380
3506
4263
3028
1722
183
6869
5800
3057
3586
7575
2694
7265
6442
6451
6338
5409
1423
6613
2453
3435
2697
4048
962
1953
4686
3073
2436
3623
2794
1956
3769
3706
3483
7011
3294
3569
6112
3625
1522
6705
3872
5951
3266
7077
2910
7878
7972
4238
3743
1966
6574
2951
1688
1968
1218
7497
1912
4993
3205
7437
2962
2787
2429
4062
1869
6569
2950
3932
4988
3213
3702
2923
3612
6961
1885
2633
3886
2841
3650
2579
3899
7800
2534
6518
4090
3572
3397
3640
2378
2476
3869
7185
2237
5325
1601
5989
1326
3438
1788
3367
3766
6830
5172
6106
2761
4159
2296
2516
3882
6250
6234
3689
2854
3264
3654
3499
7860
3871
4666
6241
2224
2266
2727
3005
3797
3290
1821
2991
1845
3790
3477
5713
3950
3954
3679
7606
6826
7055
2972
7597
6426
3310
1178
4008
2346
6984
1806
3695
3810
3112
3765
4297
2520
3991
370
1695
4015
5563
948
5068
7068
3807
3818
5581
3604
7939
3849
2025
3473
2026
4484
3379
3441
5731
3320
6394
2619
4123
3235
2271
7354
5437
7700
3800
4042
7884
3362
3971
1628
5308
4594
2832
6246
7980
2914
3919
2856
2040
6840
2556
5774
6175
3228
2043
2264
1789
3704
4047
2767
4211
3968
3455
3841
3414
165
5198
6508
3515
576
3761
2957
6601
2737
2922
3746
3864
609
7161
5506
3739
2899
2010
3937
7683
2745
6369
4196
6693
3686
5933
3374
4405
7048
3839
3877
6620
3588
5493
2498
2755
5094
4103
2006
2795
144
3851
2828
2070
3008
4296
2449
7827
2071
6380
3687
4099
2335
3113
1501
5152
7078
4127
983
3860
1010
6989
7686
6808
1318
3977
7464
3921
3557
2403
6582
7261
1978
5773
1975
1436
1411
1615
3782
2088
3905
3989
3833
3501
3148
2091
4924
3437
3540
4175
1600
6635
6378
4121
3512
4067
6522
6032
5872
7626
2096
4441
862
2670
4140
6417
4618
4049
3454
7585
2805
7782
6018
3963
1031
3037
3371
3967
6302
7398
2647
2953
1808
1965
4181
7792
1974
2112
2360
3981
5216
5539
2013
5520
2987
2116
7142
6757
2186
6407
2763
3391
321
2827
3581
4100
3822
5023
917
3815
3641
4289
3378
3667
7610
3965
2014
7166
3482
2754
4790
7960
3522
3165
2700
1162
5044
6030
3281
2963
3575
4329
4134
2847
3697
4014
4094
5185
3329
4091
2481
2139
476
3992
3337
2141
4182
7206
3854
4019
3999
4545
4678
4143
4186
2146
3434
3983
3330
7067
2028
3859
3748
2867
1016
3227
6816
3621
729
3809
4169
7199
912
4251
4446
7452
5328
2675
4151
2003
5892
3336
4210
7907
2881
3158
7634
4184
946
2163
3470
2988
5772
4041
4063
6657
2600
4260
7748
2650
7366
3806
6382
5967
1930
3619
3354
6457
3863
3469
481
7269
3942
4223
1004
7747
2374
4235
3204
2305
7038
7749
2680
4771
564
3091
7218
3313
3480
2911
768
2299
4872
7482
3305
4863
4288
7345
2714
2387
4088
2381
4003
7875
2434
3042
7024
1357
2172
4516
4179
6034
7926
2771
5148
3960
3808
2774
3550
3995
2180
7704
3941
6177
5322
3951
2589
5407
3728
3015
1358
2359
7746
4407
2941
7251
5708
4403
6156
3947
3230
4163
7232
2555
7750
3351
2949
5257
2246
4397
4046
7079
4942
4536
6008
3218
2855
2591
4419
5203
3705
4427
7680
3149
1480
3635
7154
4645
4085
4937
2965
3709
7602
4247
4147
7847
4256
1229
5778
7938
4274
6149
5182
3957
3271
1837
2662
3160
3021
3350
2358
7489
3025
5666
4117
4816
5806
4148
4217
3803
2985
6196
4253
3236
3772
5641
1621
2455
2563
4351
3566
6563
7720
2411
1950
2875
7576
5650
1025
3459
4089
4124
2931
4167
4122
7845
2124
3003
5262
7745
2300
2129
6062
4417
2782
1503
4479
3867
4642
4040
1017
7509
1106
3552
735
5793
4299
7751
3520
4135
2757
4074
4344
3707
3895
7672
2649
4346
4205
5841
4470
3889
1684
6361
3244
7898
5064
3144
7776
7728
4257
2710
4439
3795
4323
2981
2979
2277
7822
5637
3618
7849
5952
5797
4157
5877
1910
2307
3866
2610
3922
7689
1305
4451
2420
6125
7000
3916
7098
5077
3096
6533
4071
7027
2568
3755
6594
6035
2517
2475
2744
4523
2323
1450
3161
6505
3259
3446
4353
4476
7066
6028
214
6126
2131
4610
3141
6403
5036
4095
4189
7349
1740
4005
3953
6265
2704
3533
3077
5085
3708
4388
1496
2310
4359
6313
4402
7021
1325
7768
4472
7359
7430
4052
4017
2995
4325
3415
7592
6615
4045
7537
529
2679
3787
4471
7744
4415
1548
2903
2285
6339
141
7002
4527
3579
5684
4073
1375
2328
3530
3727
4366
7887
4221
3497
7912
7867
2068
3683
7752
5579
1398
3503
813
3115
2804
2121
1873
1830
7292
5109
1207
2657
4858
1225
3328
4355
2538
7961
3460
5385
1323
4599
4411
6998
2190
2075
7652
3191
2412
5981
2189
6235
4327
4115
2822
7217
3494
4554
4396
7843
4528
6717
4604
2356
7832
4447
1180
4627
4705
3775
2547
6283
3785
4733
4654
5911
2849
3143
671
5779
4559
2365
2572
7303
7546
6917
1317
2964
2707
4423
3896
2370
4061
3939
4898
4193
4464
4101
3442
6871
4880
4652
7080
4677
7494
5488
4428
4574
1543
7918
2990
3763
4928
3175
7894
1768
4262
4268
3513
7233
4445
6480
5110
4845
6834
4377
3696
7307
1592
3584
5932
5406
554
6548
7804
3399
518
2627
2678
7639
1677
5053
1776
3994
4637
6101
3730
2398
3427
4319
2513
4605
3554
4483
5442
6688
2565
4119
1097
6549
3182
4597
4301
7973
4139
7525
4966
2408
4530
4700
4612
7851
4185
4316
2894
3432
3287
4307
3072
7323
3186
7992
1792
7125
4515
4460
1381
3893
6472
4784
6628
1713
3972
4633
3875
6211
4584
7650
7108
6809
3090
7753
3012
7341
2624
2552
2120
7140
1611
5749
4750
2430
4489
4166
5770
6027
3125
7112
3245
3724
3792
4291
1185
6122
3694
3675
1120
2980
4339
6822
668
2659
6358
4735
2930
2857
7656
2978
3898
7629
3923
6550
4745
5010
6254
3671
4365
3396
3198
7054
3964
4494
2123
7937
4859
2452
3823
3680
1333
6599
2406
4485
4142
4562
400
5721
4320
7426
924
4550
5356
4814
2824
3692
7004
3385
6702
4031
4740
5244
3634
5697
1683
6391
6774
6745
146
6001
7902
5273
5632
5463
1476
5365
2410
2539
4130
7065
1673
7119
614
7318
5106
3973
2339
4571
3324
7667
3969
4839
6260
2765
4480
4452
949
3257
6656
4535
3961
6179
2542
7416
4643
755
6094
1658
3317
5056
4212
4730
5538
7301
3170
4894
6976
5811
3489
3740
1361
3789
2898
6625
3749
5513
4919
2580
2892
4759
1027
6469
4617
7462
3529
4715
4983
3055
4282
4795
6996
4979
2446
3400
4888
4438
3307
4751
4581
3070
2451
6489
2913
4583
1088
4395
4488
4010
809
4667
1818
7279
4972
5317
4360
5698
5724
3776
1896
2417
7742
7434
3629
6545
4222
4176
2904
7375
4032
4879
3926
2524
6046
4295
4787
4825
4164
5836
3929
4214
455
4959
3132
2530
3842
4847
3534
6722
4503
4892
823
7309
1276
7841
1061
2536
7754
5015
7276
3051
4925
3316
2250
1573
4393
4878
6424
3333
1760
4239
1547
2544
1696
3751
7216
7042
5014
3821
2428
2548
5600
6957
3411
6121
4967
5059
4083
3403
1339
7193
2270
4055
1590
3474
5105
5104
6288
5102
5101
5100
5099
7862
1706
2560
2018
7081
2049
4659
4913
3283
4990
7677
4500
3848
3543
5511
5424
3423
4973
7577
3102
4743
4267
2570
4717
6242
4724
4281
4486
2573
4426
7614
1716
2575
5756
7962
4734
5417
5021
3067
3249
4815
3472
2613
7648
4947
7234
4796
1201
4711
2035
6894
3270
7257
5232
3157
3449
6037
4835
4781
1843
7205
3602
7872
4341
4895
993
4926
5144
5143
5142
7987
1715
4011
3479
6475
5159
3463
2546
6887
3528
5047
2227
4742
1330
4213
4929
3159
4596
4721
3440
5699
3353
5008
4009
3475
5209
5052
7030
2720
6740
5204
2298
3045
1844
6552
964
3617
1152
7658
5062
3660
2829
3412
1328
4248
4986
2477
1058
4807
6846
7853
156
6781
5568
4783
4589
7400
3155
5661
4842
5259
1690
4273
5042
5655
7484
4379
7530
2212
2154
4899
3068
4474
1742
7981
5186
4161
5181
4389
2873
5083
5228
4951
404
2469
5284
5468
3517
2638
1249
7092
6898
2640
4108
6973
4449
6487
4657
4963
3525
5197
4718
4625
2617
7925
4529
7741
1186
5291
2478
7365
7788
4337
4354
3535
7018
5873
4958
2653
5140
6579
3966
5051
3541
2467
1942
4910
4907
4971
780
5179
4801
3547
4249
4685
4364
6648
3804
4517
4744
6851
4792
4897
1984
4955
6274
5279
4373
7755
5230
1584
5046
7047
5398
2838
7692
4058
2842
4629
1782
4029
448
3927
4078
6130
6564
1593
5432
6987
5082
5504
5129
3071
1902
4469
2731
7727
3577
2716
5173
5261
241
5752
4634
4857
2994
5194
5357
2109
4300
1814
7708
6097
4864
4037
7444
6966
2056
7936
4120
4234
7282
4615
1904
7545
2926
3476
5297
4044
2054
6189
4520
5169
1800
6916
1644
4060
1909
6817
3049
7299
4931
4837
4822
7997
7128
3369
4215
4566
3632
4335
4030
4921
2733
5031
3750
5435
5225
3054
3331
4343
1970
4655
6312
5290
7520
2712
71
3911
5193
2928
2135
5131
4902
6272
3858
3723
5108
4826
3955
7769
6532
4552
3156
5237
4624
5393
5718
3098
4080
5700
6340
7163
5233
2470
458
2732
4482
4243
3956
6276
6236
5381
1998
6553
3649
4106
873
4473
5345
5205
4628
5035
2257
5351
7174
1777
3657
4703
4023
5306
4882
5781
2839
6543
5908
5003
1256
7331
3722
4949
2508
2816
1569
5375
4287
5931
2094
5183
5207
5489
3948
4252
5522
3737
6192
4729
3677
2758
3212
6994
5178
2760
1943
5434
1405
7215
7198
3931
5043
4739
4824
7273
3056
3193
4994
4092
6962
2768
4821
4431
3088
7311
7082
4927
5826
7598
2966
5479
971
5979
4086
4915
4318
2961
5964
7353
2850
7455
1365
3196
3153
5372
3721
5251
5405
5671
3222
4943
4843
7441
5832
5368
6140
4649
4639
5252
5126
3711
4392
3735
4059
4001
1860
5567
2233
2562
1056
5079
5115
7839
2526
5269
7740
6617
4632
6025
6502
2280
4580
6944
3819
7890
4762
2801
2509
7235
4805
4906
459
7374
4886
5451
1161
5484
7410
5030
2876
6586
2574
5057
802
2810
108
5319
7512
2812
6210
2813
5602
7719
3124
5423
3293
5156
7252
5326
3757
6351
6908
6589
7756
7646
5376
4232
4834
2808
7116
2336
4034
4519
1545
4027
3726
6655
5219
2831
2756
7963
760
4499
4946
3935
5263
4767
3364
4075
5210
2833
7138
5410
5164
5519
3781
5426
4539
4727
6466
7536
1892
4827
5471
6517
5560
6521
4458
2183
5768
7777
4690
7814
4606
5663
4475
5525
4679
5659
5018
4794
6458
5065
5039
6423
1900
5565
872
4477
4016
4623
874
4509
2081
4997
3151
5388
3767
7797
2658
2769
6982
5004
3813
3816
6110
5333
3846
3201
3817
5311
2274
5809
2083
4298
7660
5611
7974
6372
363
5897
3825
5557
684
4697
3801
6768
2835
5358
2500
3831
667
6119
2061
2971
4582
5669
3452
4823
3836
7825
2253
2879
822
5694
5631
4311
4611
3843
5547
3295
4558
5609
3844
5597
1023
5332
816
5414
6056
4777
1353
6554
4349
4118
131
3855
5719
7811
5187
3548
4109
7063
298
2895
2064
4510
5509
5588
6270
5771
5050
3624
3857
2871
5445
6542
4454
2902
4384
5703
3453
7099
4160
3323
4303
7855
5704
5415
4154
3714
4760
7177
2217
6263
7578
4991
3134
7401
1080
7328
5024
5769
5592
5795
3713
5717
4378
3318
4831
5025
4375
7184
5295
1920
4372
6406
5552
4107
4069
5761
7262
4874
4104
4619
3901
4609
4769
5199
5125
5189
5561
5974
4097
4884
5329
5534
5118
4309
6890
5349
261
2934
4756
5680
3591
6297
4699
2937
3917
6753
120
5711
5518
6081
5438
4412
4707
4904
4204
5119
3925
5034
3827
5483
3884
6326
5360
4575
553
4065
5654
7358
7422
4129
6952
5247
5744
2952
6088
4219
2706
7935
5490
3620
5606
2956
4900
5898
1066
7607
3945
2959
5633
6325
5792
5553
3924
6327
6878
5871
5389
7739
4820
6706
5558
6597
3678
7830
985
2968
1
5499
1395
2970
3562
5751
5828
5245
451
7817
2036
7906
5400
1962
3210
7632
5794
2977
1595
5598
5757
5695
1986
4877
4284
5123
5352
5651
5915
7917
126
5858
4264
2943
6750
5583
6860
5643
944
4269
3985
3699
954
4984
1205
7757
5732
2852
213
5383
511
4192
3993
5884
5070
5161
5449
3778
2249
5639
3309
2487
5002
7793
4668
5839
7214
5576
5879
7637
2260
7699
7460
4007
4992
3356
6634
3007
4867
7297
7158
5503
6150
4923
248
5387
3614
2797
6970
3243
3909
6039
4957
4207
3146
5865
5679
1895
4695
6047
5867
4829
4314
5965
2798
7337
3626
4413
1932
3881
1051
5928
4033
5428
3348
4035
4324
7037
515
5745
7008
5819
26
7801
4436
3031
6864
5054
56
6773
3300
3034
5817
5807
2413
5648
7168
5461
5340
5591
2357
5683
1918
4465
2648
5069
3734
5369
4811
5635
5675
5074
3458
4849
7236
6583
7544
5935
5550
5243
5737
5855
5623
7911
2614
4577
4294
5098
2672
5957
6720
7499
1856
5729
1306
6132
3668
3891
2038
4070
2742
7204
5335
6915
3910
5299
5249
3491
5157
5361
6059
5847
5440
5331
5720
3066
3208
4601
5590
6092
4136
4644
940
6555
2677
4607
7438
7505
2472
5580
1915
1834
3344
3753
5508
5881
3306
4616
4057
6323
4105
7285
467
3080
1816
4875
5753
3082
5900
4201
5969
6541
5048
4524
5403
5487
5984
5391
5480
4683
6410
2484
5396
7703
4808
4363
7674
5681
5132
5707
3180
4799
3302
5615
4838
7313
4542
6098
4155
5457
6053
7964
3700
3100
1655
5642
4722
5777
4137
3103
5321
5174
4302
2386
6642
5735
4854
4871
4952
7373
3510
4664
282
5287
2666
7726
5618
7093
6992
5755
498
5784
5208
4673
7320
6019
7924
7808
2751
3262
5137
6099
5292
3915
3890
3567
1866
7246
3651
5821
5882
4749
1996
2844
4614
7417
5188
4461
6756
5921
5120
5994
3607
3130
5045
7837
7344
1515
4177
4819
5804
5851
5201
3135
2721
5316
3200
6565
4922
5401
6186
4709
5378
5973
7062
4747
7644
6715
5305
5495
5103
7587
4706
5055
4437
6823
5780
6742
3788
4547
4332
4199
5955
6311
3024
5712
7364
3638
7738
5775
6074
7486
694
7770
3514
4638
3880
3553
2041
7611
2046
6003
2106
7348
33
3078
5149
7471
4630
5093
6608
7869
6118
6945
2110
3166
5814
6388
2518
2735
947
6169
4228
4261
6310
6309
6308
6307
6306
5112
114
4989
4766
4840
406
5323
5739
5901
2118
6137
4368
7524
1404
6731
4544
6277
3092
5467
7758
4996
5180
3879
613
6253
4779
7475
3930
3984
6422
6531
1754
6071
4962
6811
2893
4255
5107
6168
4347
6838
5543
5293
5477
6153
5076
5559
7864
5165
4961
2736
4292
6199
4661
7662
1347
4381
5270
6571
4532
3217
6245
6699
5844
7621
5246
6275
1282
6866
5993
1853
5763
5421
3169
7131
6159
6131
3050
5813
2874
6841
2779
5786
6076
5359
5656
3216
5628
5447
2024
6215
3656
3219
5310
6213
3878
5906
4178
6647
6029
3223
7880
7402
4653
1948
5696
2973
5924
5812
1271
3747
4723
4844
3975
5837
6416
3231
6434
5803
2238
6390
2693
7934
3594
7993
3308
4481
6289
4165
4028
2777
4851
6958
2907
5347
3639
3241
7624
7695
2682
7982
6385
5604
3032
2967
1811
3447
6464
6079
5912
2350
3240
6109
6443
3693
6068
6366
1300
6051
5301
3188
4810
6849
6203
5983
5947
4608
4308
7897
6174
5154
4345
5649
1521
4901
834
6515
7084
7431
3914
6511
5747
7213
6219
6507
3633
5444
6084
4272
5566
3268
2514
5885
6330
6747
3903
7857
6346
5917
5394
5315
4770
7579
3531
5459
3997
5116
6485
4896
82
3278
4684
7820
5660
5013
6818
5469
2072
4275
4775
5078
6303
5255
6091
3202
4694
3805
7180
5890
323
7883
4385
3539
1392
6014
6350
3046
5384
4093
5645
4940
1448
7529
6057
6281
5991
3296
4128
6255
6067
7041
2140
4216
5634
7192
5624
5460
7046
5927
4603
6371
5371
3304
5067
6262
6223
2371
6516
5788
5089
5366
2275
5668
6045
5945
5536
6605
4504
7237
6471
6141
3974
6408
3140
5037
4421
7411
5613
5529
643
7427
5343
6345
7988
5478
5776
6291
2254
3322
5910
6247
6526
6033
4433
3325
1154
6117
5274
7477
4066
2166
5464
6596
3162
6437
2468
6006
3998
4443
5722
7877
6614
6379
2858
6287
238
5997
4004
5006
5510
6607
2811
6639
5446
6167
2029
3341
6481
3388
4457
3036
6411
5564
305
5607
493
7975
5212
5920
5972
5909
5741
4356
6856
4467
3206
6513
5363
3269
2752
6191
2505
6038
7618
3280
6301
5531
5134
5693
5705
5416
494
6233
1583
3360
3873
7737
4050
6653
1807
5577
2044
6763
6677
6606
2507
5846
4938
5727
2554
3368
3731
7508
3079
6249
6152
4495
3904
7682
4670
6329
6354
5939
5433
6985
5080
2281
4245
5066
3690
7901
6796
6083
4696
4507
1723
5854
6294
1735
1296
6225
5801
7113
4513
6567
5214
5863
4276
5081
6404
6685
425
7965
6324
6105
6425
6465
6794
6629
4935
3393
4525
7759
4420
6767
915
5701
5427
5313
2179
4531
4183
7052
6539
5011
5191
5831
5443
7295
4537
6585
7718
7026
6495
3190
4418
3406
5834
3407
4410
2567
4462
6669
3745
6286
5866
7061
6668
4453
3828
4236
6063
5860
4553
4917
573
3416
1934
6128
6449
7543
4371
3419
1360
3254
4561
5848
1368
6496
4250
5135
4565
6488
2220
5709
6739
6738
6040
6427
2454
6730
6497
3429
4980
6363
4036
3431
6478
4791
6239
3837
7778
7372
686
6012
5857
6831
2789
6695
6853
6696
4180
6719
982
6462
3291
4056
6374
6259
6602
6026
6058
7893
4757
3760
1568
4595
5515
5171
6877
4521
1635
5864
5870
7253
6052
4689
5523
5754
968
5145
73
2499
3081
6143
5128
3456
3444
5448
4631
4487
6527
7789
5153
4688
5473
3461
5816
3462
6667
5195
6421
7627
4812
3465
4621
3466
6319
6723
6621
3468
6180
6785
3154
1059
2142
5215
4999
6341
5960
6172
3676
5573
6138
6643
6396
5954
6633
7688
6164
4691
3239
6819
5948
3297
5289
5653
6509
7467
4622
5895
4202
6748
4714
6710
6623
2641
6886
6885
6884
3488
3987
4977
2326
3490
1709
6713
5587
5063
6438
5925
2409
5824
606
6972
3352
3496
5455
4663
5200
3498
6127
7165
5914
7707
6257
6935
6444
3502
6120
4671
6682
7784
1694
4506
462
5501
4818
4560
4753
6959
1810
6939
1002
3597
4681
6907
3824
7315
6835
3029
6353
6100
2497
6295
6252
5949
6184
5276
5300
6031
2634
7805
6476
3365
5075
6751
6087
5419
5283
6681
6212
7009
1922
5288
6612
3425
7886
6173
2127
7123
6896
6000
6370
4195
1022
6181
5494
2581
4400
7933
2698
5958
2920
6187
3224
7147
5934
5733
2770
3655
4846
6843
3874
4330
1629
6780
5944
5033
3666
7160
4725
3544
7352
7642
5114
7835
6268
6208
6814
6005
5456
3741
7212
6163
2663
6918
6810
7203
2368
6315
2636
7599
4020
6857
2433
7515
2766
4150
1536
7403
6523
5959
34
7725
6680
6805
6741
2416
1008
6107
5009
7017
7016
7015
5430
5657
3658
4459
5000
3568
5840
6663
3253
3570
6724
6791
4286
6953
3448
5894
4765
3279
5088
5691
4737
3576
6200
5593
6017
7088
3277
6450
4429
5408
4692
6367
2414
5599
6205
6691
4229
7453
797
6709
5177
3892
6694
6991
666
5453
4785
6584
7736
6782
608
6023
5766
3691
1493
5390
6278
7679
6986
7458
5963
4557
3171
6938
4797
6684
3561
5399
4168
3600
6824
6897
7238
6004
6942
3603
6845
6964
3784
3605
3083
7923
4920
6445
6162
6086
4752
6679
4146
7075
4866
6879
6102
5275
4658
4551
6644
6267
3717
7103
401
6384
7874
3174
5796
7247
4533
5429
6954
7157
7998
4305
7034
5714
5966
4367
961
5799
552
3611
7760
3943
2901
5441
5411
6493
7136
7191
7190
7189
7188
6799
2905
6400
6355
5450
2422
6769
6654
6665
7223
5692
6974
3637
709
6305
4755
6551
2426
7127
3593
5462
5827
6592
5096
6376
4333
7049
6862
3829
7122
6772
4376
4149
3226
6328
4865
6204
3128
6491
1003
3542
7594
5571
6847
6698
4978
6129
4873
2776
7828
6195
6269
6836
3802
7134
7580
6343
972
5229
2440
6903
5859
7109
4266
6671
3759
6659
584
5498
1272
7086
7171
6418
7259
5843
3744
3669
7010
4511
2383
5507
2860
1999
4502
3673
4933
6124
6806
7101
7100
7363
1559
5516
5254
5223
6689
5887
3173
6273
1039
3703
1394
7245
5976
5027
453
3684
7202
5528
4579
3108
5899
5127
7181
6969
7221
7329
5367
7615
6419
6460
5907
6021
1491
6501
6771
7635
5802
6335
5239
7588
7019
6535
7227
7966
4227
6123
6760
7053
6729
3558
4442
6600
6662
5555
4540
5589
2734
5569
4941
6852
4448
6591
4883
6095
6146
6147
3946
7244
4850
6727
6749
3712
6943
5835
6646
7859
2946
6237
695
7111
4404
7149
6230
3450
2384
7336
7335
7334
2480
5562
5267
6221
6357
7104
3418
4869
6446
7561
2085
6441
4304
6077
7001
7231
7129
3729
593
6395
6145
6530
4079
7562
7073
6578
5686
7325
4401
3852
7260
4853
2989
4830
4588
3481
4985
7560
1639
4987
5533
4789
1089
3742
6415
7175
7288
7287
3404
6285
7433
5282
4914
5167
7258
7152
1187
5874
5192
7439
5723
5091
6934
5746
3718
6151
6229
5294
6661
6875
5324
7071
6178
5815
5016
3758
6142
3715
6386
7563
1630
7143
5087
7823
5017
4761
921
4259
757
5497
2441
6375
1506
7023
6638
7409
6461
7394
6923
3770
7145
6055
994
7006
6364
7457
3355
7559
3038
4719
6912
5481
3876
3777
6104
5995
1572
3774
7435
6803
3732
7256
1512
7371
5404
3783
2522
7210
17
7319
1508
3786
3189
6891
7910
7156
2713
1799
7133
4013
5278
5687
7379
3381
6881
7033
4776
7501
1794
7396
1513
5454
4382
6041
2119
5190
2772
7479
6218
7118
4026
2814
6759
7671
3215
7290
3220
7691
3321
5673
4208
7289
6570
7905
3908
6876
6467
7179
3573
4598
6170
5833
6429
3812
6837
3464
4970
2444
7493
7492
7491
5551
2630
4209
6474
4505
5420
6111
7523
3820
6500
5095
5258
4244
6827
7167
4280
6085
6036
5738
4025
3826
7399
7589
4021
7110
7586
7291
5264
3830
5334
6528
4386
3004
3484
5111
1527
6902
1107
3850
4890
7451
7450
6867
2558
7735
6581
7519
3085
3840
6795
7547
7419
7496
2846
5765
6861
6909
7976
7044
7798
5889
7370
6733
7091
7255
268
7083
4076
7605
42
7932
7421
4651
6238
3500
1477
7144
2007
5783
6344
7447
6171
6484
5019
7263
6298
5789
4312
7097
3048
3861
6224
3560
5674
4187
2483
7397
6920
3865
7058
5155
7293
6979
3944
5575
5829
5139
5320
5998
5072
6951
6514
2738
3928
7617
1076
7983
1160
7376
2729
4669
6764
7761
1179
5762
3251
7197
6622
4331
6725
5175
3105
7028
7172
4546
4380
5007
3791
7357
3592
6590
2341
3887
3883
6712
6243
7717
7716
7715
7714
7713
7712
7173
1656
7521
4490
7340
6248
6043
5926
4191
1692
3897
2997
4885
7064
7571
7531
3030
4334
5852
5574
6975
1251
6783
6858
6744
7226
6075
7211
3906
6251
3907
1427
5176
5584
6899
7469
7310
1518
4514
7039
7866
6670
5355
6900
7539
7502
7413
5594
6967
7229
6510
7296
7473
6317
7783
2686
7013
7655
7654
6290
3377
7762
5231
367
5337
7283
7743
6116
6544
4712
6873
6560
2283
6503
6686
1734
6499
5241
5527
7270
7487
7266
7305
6936
6139
7224
5903
6631
3936
7664
7696
1456
7685
7620
7889
5476
3940
1036
3288
7219
4350
6546
4466
5578
5929
3053
5918
7649
6914
2834
6626
3232
6610
5265
3949
5845
7535
4862
7865
6664
6256
7593
2160
4313
7405
4277
4399
5206
7225
2136
6595
7771
6453
6065
3959
5227
7773
5281
7916
2396
5040
5610
6807
6166
7799
5458
7445
7603
3026
4374
6399
5327
6452
6070
7377
6389
3970
4887
7281
3177
5248
7195
4953
1096
7025
7551
7383
6506
3976
6955
7829
6561
3978
6821
3979
6649
2343
4613
5971
7669
3389
6956
6735
7448
7533
2656
5978
5158
6547
2293
3663
2095
3988
6872
7314
5373
5953
2642
3519
6538
7765
2740
7516
1067
4793
1462
7584
2929
5662
2664
6529
7150
6575
4043
6999
